 -.43338840E+00 -.11772170E+03  .99977480E+03  .91582120E+04  .25015180E+07  .48411530E-02
  .50000000E+01  .00000000E+00  .20000000E+01  .14000000E+02  .18000000E+02  .11926210E+05
  .99977480E+03  .27313190E+03 -.11772170E+03  .19942600E+07  .55583170E-02  .42174810E+04
  .99933200E+03  .26953520E+03 -.15312120E+05  .19466620E+07  .10327730E-01  .42320750E+04
  .99860970E+03  .26599950E+03 -.30306800E+05  .18990530E+07  .15547660E-01  .42506910E+04
  .99758110E+03  .26252730E+03 -.45105250E+05  .18526140E+07  .21279720E-01  .42742070E+04
  .99621570E+03  .25912130E+03 -.59711100E+05  .18087380E+07  .27582400E-01  .43036560E+04
  .10002250E-02  .27313190E+03 -.11772170E+03  .78592660E-02 -.22553700E-01  .42174810E+04
  .20656240E+03  .27313190E+03  .25015180E+07  .30803130E+00 -.22553700E-01  .18542200E+04
  .48411530E-02  .27313190E+03  .25015180E+07  .16784720E+06 -.26155940E-05  .18542200E+04
  .46969820E-02  .28150120E+03  .25170470E+07  .17291290E+06 -.25337860E-05  .18566890E+04
  .45573230E-02  .29011470E+03  .25330510E+07  .17811800E+06 -.24544590E-05  .18593500E+04
  .44220380E-02  .29897850E+03  .25495440E+07  .18346510E+06 -.23775310E-05  .18622100E+04
  .42909960E-02  .30809830E+03  .25665410E+07  .18895690E+06 -.23029250E-05  .18652800E+04
  .41640680E-02  .31748010E+03  .25840560E+07  .19459600E+06 -.22305680E-05  .18685680E+04
  .40411320E-02  .32712970E+03  .26021040E+07  .20038500E+06 -.21603870E-05  .18720850E+04
  .39220660E-02  .33705300E+03  .26207000E+07  .20632630E+06 -.20923160E-05  .18758380E+04
  .38067540E-02  .34725600E+03  .26398590E+07  .21242240E+06 -.20262880E-05  .18798380E+04
  .36950840E-02  .35774440E+03  .26595980E+07  .21867550E+06 -.19622430E-05  .18840940E+04
  .35869470E-02  .36852400E+03  .26799320E+07  .22508790E+06 -.19001200E-05  .18886160E+04
  .34822360E-02  .37960070E+03  .27008780E+07  .23166180E+06 -.18398620E-05  .18934130E+04
  .33808490E-02  .39098020E+03  .27224530E+07  .23839910E+06 -.17814140E-05  .18984950E+04
  .32826850E-02  .40266810E+03  .27446740E+07  .24530180E+06 -.17247240E-05  .19038710E+04
  .32826850E-02  .40266810E+03  .27446740E+07  .24530180E+06 -.17247240E-05  .19038710E+04
  .30827420E-02  .42877800E+03  .27945460E+07  .26065850E+06 -.16089330E-05  .19164280E+04
  .28962460E-02  .45638260E+03  .28476400E+07  .27679900E+06 -.15005160E-05  .19304700E+04
  .27223400E-02  .48553280E+03  .29041390E+07  .29373700E+06 -.13990430E-05  .19460840E+04
  .25602140E-02  .51627610E+03  .29642320E+07  .31148390E+06 -.13041180E-05  .19633470E+04
  .24091050E-02  .54865660E+03  .30281110E+07  .33004860E+06 -.12153720E-05  .19823250E+04
  .22682910E-02  .58271470E+03  .30959760E+07  .34943820E+06 -.11324650E-05  .20030700E+04
  .21370920E-02  .61848660E+03  .31680310E+07  .36965830E+06 -.10550780E-05  .20256130E+04
  .20148640E-02  .65600470E+03  .32444830E+07  .39071320E+06 -.98291170E-06  .20499600E+04
  .19009960E-02  .69529750E+03  .33255430E+07  .41260740E+06 -.91568670E-06  .20760880E+04
  .17949120E-02  .73639040E+03  .34114260E+07  .43534590E+06 -.85313750E-06  .21039410E+04
  .16960660E-02  .77930600E+03  .35023500E+07  .45893550E+06 -.79501250E-06  .21334210E+04
  .16039420E-02  .82406570E+03  .35985340E+07  .48338590E+06 -.74107190E-06  .21643860E+04
  .15180510E-02  .87069060E+03  .37002000E+07  .50871120E+06 -.69108640E-06  .21966420E+04
  .14379310E-02  .91920340E+03  .38075750E+07  .53493090E+06 -.64483630E-06  .22299400E+04
  .13631490E-02  .96963060E+03  .39208860E+07  .56207260E+06 -.60211120E-06  .22639680E+04
  .12932920E-02  .10220050E+04  .40403640E+07  .59017250E+06 -.56270980E-06  .22983440E+04
  .12279730E-02  .10763670E+04  .41662460E+07  .61927930E+06 -.52644010E-06  .23326110E+04
  .31661160E+02  .86818810E+04  .99991190E+03  .91028250E+04  .25053550E+07  .55844290E-02
  .50000000E+01  .00000000E+00  .20000000E+01  .14000000E+02  .18000000E+02  .11870830E+05
  .99991190E+03  .27522010E+03  .86818810E+04  .20211430E+07  .30043990E-02  .42106400E+04
  .99961840E+03  .27158920E+03 -.66285030E+04  .19740110E+07  .75431170E-02  .42232680E+04
  .99905930E+03  .26801820E+03 -.21737230E+05  .19262760E+07  .12497300E-01  .42394810E+04
  .99820980E+03  .26450940E+03 -.36647710E+05  .18790100E+07  .17928380E-01  .42600740E+04
  .99704130E+03  .26106510E+03 -.51363480E+05  .18334820E+07  .23897240E-01  .42859860E+04
  .10000880E-02  .27522010E+03  .86818810E+04  .59651880E-02 -.19740400E-01  .42106400E+04
  .17906940E+03  .27522010E+03  .25053550E+07  .22955990E+00 -.19740400E-01  .18552380E+04
  .55844290E-02  .27522010E+03  .25053550E+07  .16910320E+06 -.30162050E-05  .18552380E+04
  .54181780E-02  .28364860E+03  .25210020E+07  .17420340E+06 -.29218030E-05  .18577150E+04
  .52571330E-02  .29232300E+03  .25371280E+07  .17944370E+06 -.28302710E-05  .18603890E+04
  .51011360E-02  .30124910E+03  .25537470E+07  .18482670E+06 -.27415130E-05  .18632670E+04
  .49500340E-02  .31043290E+03  .25708730E+07  .19035500E+06 -.26554380E-05  .18663590E+04
  .48036780E-02  .31988010E+03  .25885200E+07  .19603130E+06 -.25719610E-05  .18696750E+04
  .46619270E-02  .32959680E+03  .26067040E+07  .20185810E+06 -.24909990E-05  .18732220E+04
  .45246410E-02  .33958870E+03  .26254400E+07  .20783780E+06 -.24124720E-05  .18770110E+04
  .43916860E-02  .34986170E+03  .26447430E+07  .21397290E+06 -.23363050E-05  .18810520E+04
  .42629320E-02  .36042180E+03  .26646300E+07  .22026560E+06 -.22624270E-05  .18853530E+04
  .41382530E-02  .37127460E+03  .26851160E+07  .22671820E+06 -.21907670E-05  .18899240E+04
  .40175260E-02  .38242600E+03  .27062180E+07  .23333270E+06 -.21212610E-05  .18947750E+04
  .39006320E-02  .39388170E+03  .27279540E+07  .24011120E+06 -.20538440E-05  .18999150E+04
  .37874570E-02  .40564720E+03  .27503390E+07  .24705550E+06 -.19884550E-05  .19053530E+04
  .37874570E-02  .40564720E+03  .27503390E+07  .24705550E+06 -.19884550E-05  .19053530E+04
  .35569440E-02  .43192820E+03  .28005790E+07  .26250300E+06 -.18549000E-05  .19180540E+04
  .33419410E-02  .45971020E+03  .28540620E+07  .27873610E+06 -.17298560E-05  .19322580E+04
  .31414580E-02  .48904370E+03  .29109710E+07  .29576810E+06 -.16128280E-05  .19480470E+04
  .29545600E-02  .51997580E+03  .29714960E+07  .31361020E+06 -.15033580E-05  .19654980E+04
  .27803660E-02  .55255000E+03  .30358310E+07  .33227110E+06 -.14010230E-05  .19846740E+04
  .26180450E-02  .58680640E+03  .31041750E+07  .35175760E+06 -.13054280E-05  .20056230E+04
  .24668090E-02  .62278060E+03  .31767330E+07  .37207510E+06 -.12162070E-05  .20283740E+04
  .23259140E-02  .66050460E+03  .32537130E+07  .39322790E+06 -.11330160E-05  .20529280E+04
  .21946570E-02  .70000650E+03  .33353260E+07  .41522060E+06 -.10555310E-05  .20792610E+04
  .20723710E-02  .74131120E+03  .34217860E+07  .43805820E+06 -.98344510E-06  .21073090E+04
  .19584260E-02  .78444120E+03  .35133130E+07  .46174780E+06 -.91646880E-06  .21369700E+04
  .18522250E-02  .82941760E+03  .36101260E+07  .48629970E+06 -.85432430E-06  .21680960E+04
  .17532050E-02  .87626180E+03  .37124480E+07  .51172830E+06 -.79674630E-06  .22004870E+04
  .16608330E-02  .92499680E+03  .38205050E+07  .53805430E+06 -.74348110E-06  .22338870E+04
  .15746070E-02  .97564970E+03  .39345240E+07  .56530580E+06 -.69428510E-06  .22679760E+04
  .14940520E-02  .10282540E+04  .40547390E+07  .59352070E+06 -.64892550E-06  .23023650E+04
  .14187200E-02  .10828520E+04  .41813850E+07  .62274880E+06 -.60718070E-06  .23365850E+04
  .59763810E+02  .16442270E+05  .99996610E+03  .90547950E+04  .25087410E+07  .63221380E-02
  .50000000E+01  .00000000E+00  .20000000E+01  .14000000E+02  .18000000E+02  .11822790E+05
  .99996610E+03  .27706430E+03  .16442270E+05  .20442850E+07  .86466500E-03  .42054390E+04
  .99979750E+03  .27340390E+03  .10294340E+04  .19977980E+07  .52172500E-02  .42165270E+04
  .99937460E+03  .26980260E+03 -.14180070E+05  .19502440E+07  .99553720E-02  .42308500E+04
  .99867420E+03  .26626230E+03 -.29189600E+05  .19025970E+07  .15139390E-01  .42491370E+04
  .99766950E+03  .26278530E+03 -.44002630E+05  .18560250E+07  .20830970E-01  .42722510E+04
  .10000340E-02  .27706430E+03  .16442270E+05  .46959120E-02 -.17584530E-01  .42054390E+04
  .15817440E+03  .27706430E+03  .25087410E+07  .17780130E+00 -.17584530E-01  .18561740E+04
  .63221380E-02  .27706430E+03  .25087410E+07  .17021130E+06 -.34136790E-05  .18561740E+04
  .61339800E-02  .28554490E+03  .25244930E+07  .17534200E+06 -.33067720E-05  .18586550E+04
  .59517180E-02  .29427280E+03  .25407270E+07  .18061320E+06 -.32031210E-05  .18613370E+04
  .57751720E-02  .30325380E+03  .25574570E+07  .18602780E+06 -.31026170E-05  .18642280E+04
  .56041680E-02  .31249380E+03  .25746960E+07  .19158820E+06 -.30051570E-05  .18673370E+04
  .54385390E-02  .32199860E+03  .25924610E+07  .19729720E+06 -.29106420E-05  .18706740E+04
  .52781230E-02  .33177430E+03  .26107650E+07  .20315730E+06 -.28189780E-05  .18742480E+04
  .51227620E-02  .34182650E+03  .26296250E+07  .20917080E+06 -.27300730E-05  .18780670E+04
  .49723050E-02  .35216130E+03  .26490550E+07  .21534020E+06 -.26438440E-05  .18821410E+04
  .48266030E-02  .36278440E+03  .26690720E+07  .22166770E+06 -.25602060E-05  .18864810E+04
  .46855150E-02  .37370170E+03  .26896920E+07  .22815560E+06 -.24790820E-05  .18910940E+04
  .45489010E-02  .38491880E+03  .27109320E+07  .23480590E+06 -.24003970E-05  .18959910E+04
  .44166260E-02  .39644150E+03  .27328090E+07  .24162050E+06 -.23240790E-05  .19011810E+04
  .42885610E-02  .40827530E+03  .27553400E+07  .24860150E+06 -.22500580E-05  .19066730E+04
  .42885610E-02  .40827530E+03  .27553400E+07  .24860150E+06 -.22500580E-05  .19066730E+04
  .40277240E-02  .43470680E+03  .28059040E+07  .26412880E+06 -.20988750E-05  .19195010E+04
  .37844450E-02  .46264490E+03  .28597290E+07  .28044310E+06 -.19573330E-05  .19338460E+04
  .35576010E-02  .49213960E+03  .29170010E+07  .29755780E+06 -.18248700E-05  .19497890E+04
  .33461340E-02  .52323750E+03  .29779070E+07  .31548340E+06 -.17009690E-05  .19674050E+04
  .31490450E-02  .55598210E+03  .30426440E+07  .33422870E+06 -.15851510E-05  .19867540E+04
  .29653920E-02  .59041270E+03  .31114100E+07  .35380010E+06 -.14769710E-05  .20078820E+04
  .27942830E-02  .62656460E+03  .31844120E+07  .37420310E+06 -.13760130E-05  .20308140E+04
  .26348760E-02  .66446940E+03  .32618560E+07  .39544180E+06 -.12818870E-05  .20555510E+04
  .24863720E-02  .70415480E+03  .33439550E+07  .41752080E+06 -.11942280E-05  .20820610E+04
  .23480160E-02  .74564540E+03  .34309250E+07  .44044540E+06 -.11126880E-05  .21102790E+04
  .22190950E-02  .78896350E+03  .35229830E+07  .46422290E+06 -.10369370E-05  .21400970E+04
  .20989320E-02  .83413020E+03  .36203500E+07  .48886380E+06 -.96666170E-06  .21713620E+04
  .19868890E-02  .88116700E+03  .37232490E+07  .51438330E+06 -.90156030E-06  .22038690E+04
  .18823630E-02  .93009710E+03  .38319060E+07  .54080270E+06 -.84134470E-06  .22373560E+04
  .17847820E-02  .98094810E+03  .39465500E+07  .56815100E+06 -.78573900E-06  .22714940E+04
  .16936110E-02  .10337540E+04  .40674120E+07  .59646710E+06 -.73447890E-06  .23058880E+04
  .16083440E-02  .10885590E+04  .41947310E+07  .62580240E+06 -.68731320E-06  .23400620E+04
  .84783690E+02  .23395160E+05  .99996470E+03  .90124060E+04  .25117770E+07  .70549610E-02
  .50000000E+01  .00000000E+00  .20000000E+01  .14000000E+02  .18000000E+02  .11780410E+05
  .99996470E+03  .27871840E+03  .23395160E+05  .20644960E+07 -.97046800E-03  .42013660E+04
  .99990310E+03  .27503210E+03  .78904140E+04  .20187510E+07  .32283940E-02  .42112110E+04
  .99959640E+03  .27140420E+03 -.74095280E+04  .19715650E+07  .77869930E-02  .42240070E+04
  .99902310E+03  .26783640E+03 -.22507980E+05  .19238260E+07  .12764170E-01  .42404240E+04
  .99815790E+03  .26433080E+03 -.37408370E+05  .18766160E+07  .18221420E-01  .42612650E+04
  .10000350E-02  .27871840E+03  .23395160E+05  .38016510E-02 -.15876930E-01  .42013660E+04
  .14174420E+03  .27871840E+03  .25117770E+07  .14185030E+00 -.15876930E-01  .18570440E+04
  .70549610E-02  .27871840E+03  .25117770E+07  .17120430E+06 -.38084000E-05  .18570440E+04
  .68450490E-02  .28724560E+03  .25276230E+07  .17636210E+06 -.36890640E-05  .18595270E+04
  .66417180E-02  .29602130E+03  .25439540E+07  .18166110E+06 -.35733700E-05  .18622130E+04
  .64447660E-02  .30505130E+03  .25607820E+07  .18710390E+06 -.34611950E-05  .18651130E+04
  .62540000E-02  .31434160E+03  .25781240E+07  .19269300E+06 -.33524230E-05  .18682360E+04
  .60692330E-02  .32389790E+03  .25959940E+07  .19843130E+06 -.32469420E-05  .18715900E+04
  .58902830E-02  .33372630E+03  .26144060E+07  .20432100E+06 -.31446450E-05  .18751840E+04
  .57169750E-02  .34383250E+03  .26333760E+07  .21036470E+06 -.30454320E-05  .18790290E+04
  .55491390E-02  .35422240E+03  .26529200E+07  .21656480E+06 -.29492060E-05  .18831330E+04
  .53866110E-02  .36490190E+03  .26730540E+07  .22292340E+06 -.28558740E-05  .18875050E+04
  .52292290E-02  .37587670E+03  .26937950E+07  .22944280E+06 -.27653490E-05  .18921560E+04
  .50768410E-02  .38715260E+03  .27151580E+07  .23612510E+06 -.26775470E-05  .18970930E+04
  .49292940E-02  .39873520E+03  .27371620E+07  .24297210E+06 -.25923870E-05  .19023270E+04
  .47864450E-02  .41063010E+03  .27598220E+07  .24998580E+06 -.25097920E-05  .19078660E+04
  .47864450E-02  .41063010E+03  .27598220E+07  .24998580E+06 -.25097920E-05  .19078660E+04
  .44955020E-02  .43719620E+03  .28106770E+07  .26558420E+06 -.23411020E-05  .19208060E+04
  .42241500E-02  .46527370E+03  .28648100E+07  .28197110E+06 -.21831740E-05  .19352770E+04
  .39711350E-02  .49491240E+03  .29224050E+07  .29915940E+06 -.20353830E-05  .19513570E+04
  .37352760E-02  .52615860E+03  .29836530E+07  .31715970E+06 -.18971510E-05  .19691200E+04
  .35154580E-02  .55905520E+03  .30487490E+07  .33598020E+06 -.17679450E-05  .19886230E+04
  .33106280E-02  .59364130E+03  .31178940E+07  .35562740E+06 -.16472680E-05  .20099110E+04
  .31197910E-02  .62995190E+03  .31912920E+07  .37610650E+06 -.15346570E-05  .20330060E+04
  .29420050E-02  .66801800E+03  .32691530E+07  .39742190E+06 -.14296780E-05  .20579040E+04
  .27763790E-02  .70786710E+03  .33516880E+07  .41957790E+06 -.13319200E-05  .20845720E+04
  .26220710E-02  .74952350E+03  .34391130E+07  .44258000E+06 -.12409970E-05  .21129400E+04
  .24782820E-02  .79300950E+03  .35316470E+07  .46643580E+06 -.11565400E-05  .21428970E+04
  .23442570E-02  .83834590E+03  .36295090E+07  .49115630E+06 -.10781970E-05  .21742840E+04
  .22192830E-02  .88555440E+03  .37329250E+07  .51675700E+06 -.10056320E-05  .22068920E+04
  .21026870E-02  .93465860E+03  .38421180E+07  .54325980E+06 -.93852370E-06  .22404520E+04
  .19938320E-02  .98568650E+03  .39573200E+07  .57069470E+06 -.87656200E-06  .22746320E+04
  .18921180E-02  .10386730E+04  .40787610E+07  .59910160E+06 -.81945220E-06  .23090260E+04
  .17969800E-02  .10936630E+04  .42066810E+07  .62853290E+06 -.76691340E-06  .23431520E+04
  .10734890E+03  .29701520E+05  .99992470E+03  .89744800E+04  .25145320E+07  .77834310E-02
  .50000000E+01  .00000000E+00  .20000000E+01  .14000000E+02  .18000000E+02  .11742480E+05
  .99992470E+03  .28022000E+03  .29701520E+05  .20823540E+07 -.25731780E-02  .41981030E+04
  .99995630E+03  .27651060E+03  .14113330E+05  .20374020E+07  .14963350E-02  .42069220E+04
  .99975080E+03  .27285890E+03 -.12687410E+04  .19906990E+07  .59031300E-02  .42184550E+04
  .99928780E+03  .26926670E+03 -.16447980E+05  .19430640E+07  .10704330E-01  .42333240E+04
  .99854350E+03  .26573570E+03 -.31427760E+05  .18954990E+07  .15960690E-01  .42522770E+04
  .10000750E-02  .28022000E+03  .29701520E+05  .31466020E-02 -.14489130E-01  .41981030E+04
  .12847800E+03  .28022000E+03  .25145320E+07  .11585400E+00 -.14489130E-01  .18578610E+04
  .77834310E-02  .28022000E+03  .25145320E+07  .17210490E+06 -.42006680E-05  .18578610E+04
  .75519000E-02  .28878930E+03  .25304630E+07  .17728740E+06 -.40689700E-05  .18603420E+04
  .73276310E-02  .29760820E+03  .25468810E+07  .18261140E+06 -.39413010E-05  .18630310E+04
  .71104020E-02  .30668260E+03  .25638000E+07  .18807970E+06 -.38175220E-05  .18659370E+04
  .68999990E-02  .31601830E+03  .25812350E+07  .19369490E+06 -.36975020E-05  .18690700E+04
  .66962140E-02  .32562130E+03  .25991990E+07  .19945960E+06 -.35811180E-05  .18724380E+04
  .64988480E-02  .33549730E+03  .26177090E+07  .20537620E+06 -.34682520E-05  .18760500E+04
  .63077060E-02  .34565240E+03  .26367800E+07  .21144730E+06 -.33587910E-05  .18799160E+04
  .61226010E-02  .35609230E+03  .26564280E+07  .21767500E+06 -.32526270E-05  .18840450E+04
  .59433520E-02  .36682280E+03  .26766680E+07  .22406180E+06 -.31496600E-05  .18884470E+04
  .57697820E-02  .37784970E+03  .26975170E+07  .23060980E+06 -.30497910E-05  .18931290E+04
  .56017190E-02  .38917880E+03  .27189930E+07  .23732090E+06 -.29529260E-05  .18981020E+04
  .54389990E-02  .40081560E+03  .27411110E+07  .24419720E+06 -.28589790E-05  .19033750E+04
  .52814610E-02  .41276570E+03  .27638900E+07  .25124040E+06 -.27678620E-05  .19089570E+04
  .52814610E-02  .41276570E+03  .27638900E+07  .25124040E+06 -.27678620E-05  .19089570E+04
  .49606050E-02  .43945360E+03  .28150080E+07  .26690330E+06 -.25817710E-05  .19219980E+04
  .46613610E-02  .46765730E+03  .28694190E+07  .28335580E+06 -.24075570E-05  .19365810E+04
  .43823440E-02  .49742620E+03  .29273090E+07  .30061060E+06 -.22445320E-05  .19527860E+04
  .41222510E-02  .52880640E+03  .29888660E+07  .31867820E+06 -.20920580E-05  .19706810E+04
  .38798520E-02  .56184060E+03  .30542880E+07  .33756670E+06 -.19495490E-05  .19903240E+04
  .36539830E-02  .59656730E+03  .31237760E+07  .35728230E+06 -.18164550E-05  .20117560E+04
  .34435460E-02  .63302120E+03  .31975340E+07  .37783030E+06 -.16922670E-05  .20349970E+04
  .32475020E-02  .67123310E+03  .32757710E+07  .39921470E+06 -.15765050E-05  .20600410E+04
  .30648660E-02  .71123010E+03  .33587010E+07  .42144030E+06 -.14687160E-05  .20868500E+04
  .28947080E-02  .75303630E+03  .34465390E+07  .44451240E+06 -.13684740E-05  .21153530E+04
  .27361470E-02  .79667380E+03  .35395030E+07  .46843900E+06 -.12753710E-05  .21454340E+04
  .25883490E-02  .84216360E+03  .36378140E+07  .49323140E+06 -.11890180E-05  .21769300E+04
  .24505270E-02  .88952730E+03  .37416970E+07  .51890550E+06 -.11090450E-05  .22096270E+04
  .23219380E-02  .93878880E+03  .38513770E+07  .54548380E+06 -.10350940E-05  .22432510E+04
  .22018780E-02  .98997660E+03  .39670830E+07  .57299710E+06 -.96682380E-06  .22774640E+04
  .20896860E-02  .10431260E+04  .40890500E+07  .60148620E+06 -.90390930E-06  .23118560E+04
  .19847380E-02  .10982840E+04  .42175140E+07  .63100480E+06 -.84603990E-06  .23459350E+04
  .12791190E+03  .35477910E+05  .99985720E+03  .89401730E+04  .25170560E+07  .85079750E-02
  .50000000E+01  .00000000E+00  .20000000E+01  .14000000E+02  .18000000E+02  .11708170E+05
  .99985720E+03  .28159640E+03  .35477910E+05  .20982890E+07 -.39933050E-02  .41954380E+04
  .99997130E+03  .27786600E+03  .19813230E+05  .20541490E+07 -.34306340E-04  .42033980E+04
  .99985510E+03  .27419300E+03  .43558480E+04  .20080040E+07  .42422550E-02  .42138680E+04
  .99948920E+03  .27057880E+03 -.10897480E+05  .19606050E+07  .88917170E-02  .42274320E+04
  .99885110E+03  .26702510E+03 -.25950100E+05  .19128850E+07  .13973760E-01  .42447900E+04
  .10001430E-02  .28159640E+03  .35477910E+05  .26516080E-02 -.13337760E-01  .41954380E+04
  .11753680E+03  .28159640E+03  .25170560E+07  .96440780E-01 -.13337760E-01  .18586340E+04
  .85079750E-02  .28159640E+03  .25170560E+07  .17292980E+06 -.45907230E-05  .18586340E+04
  .82549470E-02  .29020420E+03  .25330650E+07  .17813480E+06 -.44467250E-05  .18611110E+04
  .80098590E-02  .29906260E+03  .25495640E+07  .18348170E+06 -.43071400E-05  .18638000E+04
  .77724680E-02  .30817750E+03  .25665650E+07  .18897330E+06 -.41718160E-05  .18667100E+04
  .75425390E-02  .31755470E+03  .25840840E+07  .19461230E+06 -.40406080E-05  .18698500E+04
  .73198460E-02  .32720030E+03  .26021360E+07  .20040110E+06 -.39133800E-05  .18732290E+04
  .71041690E-02  .33711990E+03  .26207360E+07  .20634230E+06 -.37900000E-05  .18768560E+04
  .68952960E-02  .34731960E+03  .26398990E+07  .21243830E+06 -.36703460E-05  .18807410E+04
  .66930230E-02  .35780510E+03  .26596410E+07  .21869140E+06 -.35542990E-05  .18848920E+04
  .64971490E-02  .36858220E+03  .26799790E+07  .22510390E+06 -.34417480E-05  .18893190E+04
  .63074840E-02  .37965680E+03  .27009280E+07  .23167790E+06 -.33325850E-05  .18940300E+04
  .61238380E-02  .39103450E+03  .27225060E+07  .23841540E+06 -.32267090E-05  .18990360E+04
  .59460330E-02  .40272080E+03  .27447300E+07  .24531840E+06 -.31240220E-05  .19043440E+04
  .57738900E-02  .41472150E+03  .27676160E+07  .25238870E+06 -.30244300E-05  .19099630E+04
  .57738900E-02  .41472150E+03  .27676160E+07  .25238870E+06 -.30244300E-05  .19099630E+04
  .54232960E-02  .44152060E+03  .28189760E+07  .26811030E+06 -.28210330E-05  .19230960E+04
  .50963230E-02  .46983960E+03  .28736420E+07  .28462270E+06 -.26306250E-05  .19377820E+04
  .47914570E-02  .49972750E+03  .29318000E+07  .30193830E+06 -.24524510E-05  .19540990E+04
  .45072730E-02  .53123020E+03  .29936410E+07  .32006740E+06 -.22858170E-05  .19721150E+04
  .42424250E-02  .56438990E+03  .30593620E+07  .33901780E+06 -.21300800E-05  .19918850E+04
  .39956420E-02  .59924500E+03  .31291630E+07  .35879590E+06 -.19846420E-05  .20134480E+04
  .37657220E-02  .63582980E+03  .32032500E+07  .37940660E+06 -.18489440E-05  .20368230E+04
  .35515270E-02  .67417470E+03  .32818320E+07  .40085410E+06 -.17224630E-05  .20619990E+04
  .33519810E-02  .71430670E+03  .33651230E+07  .42314310E+06 -.16047050E-05  .20889380E+04
  .31660670E-02  .75624960E+03  .34533380E+07  .44627910E+06 -.14952010E-05  .21175630E+04
  .29928210E-02  .80002550E+03  .35466960E+07  .47027040E+06 -.13935070E-05  .21477550E+04
  .28313300E-02  .84565520E+03  .36454190E+07  .49512830E+06 -.12991960E-05  .21793490E+04
  .26807350E-02  .89316050E+03  .37497290E+07  .52086950E+06 -.12118620E-05  .22121250E+04
  .25402200E-02  .94256540E+03  .38598530E+07  .54751690E+06 -.11311140E-05  .22458060E+04
  .24090190E-02  .99389920E+03  .39760220E+07  .57510190E+06 -.10565800E-05  .22800480E+04
  .22864070E-02  .10471980E+04  .40984680E+07  .60366630E+06 -.98790160E-06  .23144340E+04
  .21717020E-02  .11025080E+04  .42274300E+07  .63326470E+06 -.92474020E-06  .23484670E+04
  .14680950E+03  .40811520E+05  .99976970E+03  .89088560E+04  .25193870E+07  .92289440E-02
  .50000000E+01  .00000000E+00  .20000000E+01  .14000000E+02  .18000000E+02  .11676860E+05
  .99976970E+03  .28286800E+03  .40811520E+05  .21126240E+07 -.52665840E-02  .41932300E+04
  .99995770E+03  .27911850E+03  .25076160E+05  .20693010E+07 -.14032150E-02  .42004570E+04
  .99992130E+03  .27542600E+03  .95491820E+04  .20237580E+07  .27602540E-02  .42100200E+04
  .99964200E+03  .27179170E+03 -.57726400E+04  .19766870E+07  .72773860E-02  .42224670E+04
  .99909850E+03  .26821740E+03 -.20892610E+05  .19289590E+07  .12206590E-01  .42384590E+04
  .10002300E-02  .28286800E+03  .40811520E+05  .22679170E-02 -.12366260E-01  .41932300E+04
  .10835480E+03  .28286800E+03  .25193870E+07  .81556360E-01 -.12366260E-01  .18593700E+04
  .92289440E-02  .28286800E+03  .25193870E+07  .17369120E+06 -.49787630E-05  .18593700E+04
  .89545310E-02  .29151120E+03  .25354680E+07  .17891690E+06 -.48225210E-05  .18618410E+04
  .86887320E-02  .30040590E+03  .25520410E+07  .18428500E+06 -.46710760E-05  .18645270E+04
  .84312840E-02  .30955820E+03  .25691190E+07  .18979820E+06 -.45242600E-05  .18674390E+04
  .81819310E-02  .31897370E+03  .25867160E+07  .19545900E+06 -.43819180E-05  .18705840E+04
  .79404280E-02  .32865840E+03  .26048490E+07  .20127010E+06 -.42438960E-05  .18739720E+04
  .77065370E-02  .33861830E+03  .26235310E+07  .20723390E+06 -.41100550E-05  .18776120E+04
  .74800270E-02  .34885910E+03  .26427790E+07  .21335290E+06 -.39802580E-05  .18815120E+04
  .72606750E-02  .35938660E+03  .26626090E+07  .21962940E+06 -.38543770E-05  .18856830E+04
  .70482660E-02  .37020670E+03  .26830360E+07  .22606550E+06 -.37322900E-05  .18901320E+04
  .68425900E-02  .38132520E+03  .27040770E+07  .23266350E+06 -.36138800E-05  .18948700E+04
  .66434450E-02  .39274760E+03  .27257500E+07  .23942540E+06 -.34990370E-05  .18999040E+04
  .64506340E-02  .40447960E+03  .27480710E+07  .24635300E+06 -.33876540E-05  .19052440E+04
  .62639650E-02  .41652680E+03  .27710580E+07  .25344810E+06 -.32796300E-05  .19108990E+04
  .62639650E-02  .41652680E+03  .27710580E+07  .25344810E+06 -.32796300E-05  .19108990E+04
  .58837910E-02  .44342850E+03  .28226400E+07  .26922380E+06 -.30590160E-05  .19241150E+04
  .55292370E-02  .47185360E+03  .28775410E+07  .28579130E+06 -.28524960E-05  .19388950E+04
  .51986610E-02  .50185110E+03  .29359480E+07  .30316290E+06 -.26592510E-05  .19553160E+04
  .48905160E-02  .53346660E+03  .29980500E+07  .32134850E+06 -.24785300E-05  .19734430E+04
  .46033410E-02  .56674190E+03  .30640460E+07  .34035600E+06 -.23096340E-05  .19933300E+04
  .43357570E-02  .60171520E+03  .31341360E+07  .36019150E+06 -.21519170E-05  .20150140E+04
  .40864580E-02  .63842050E+03  .32085270E+07  .38085980E+06 -.20047720E-05  .20385100E+04
  .38542110E-02  .67688780E+03  .32874280E+07  .40236540E+06 -.18676320E-05  .20638080E+04
  .36378480E-02  .71714400E+03  .33710520E+07  .42471260E+06 -.17399590E-05  .20908650E+04
  .34362630E-02  .75921280E+03  .34596150E+07  .44790750E+06 -.16212470E-05  .21196020E+04
  .32484100E-02  .80311580E+03  .35533360E+07  .47195820E+06 -.15110100E-05  .21498960E+04
  .30733000E-02  .84887420E+03  .36524370E+07  .49687650E+06 -.14087880E-05  .21815790E+04
  .29099980E-02  .89650980E+03  .37571410E+07  .52267940E+06 -.13141380E-05  .22144270E+04
  .27576210E-02  .94604690E+03  .38676750E+07  .54939040E+06 -.12266360E-05  .22481580E+04
  .26153350E-02  .99751500E+03  .39842690E+07  .57704160E+06 -.11458760E-05  .22824240E+04
  .24823560E-02  .10509510E+04  .41071570E+07  .60567540E+06 -.10714710E-05  .23168020E+04
  .23579430E-02  .11064020E+04  .42365780E+07  .63534780E+06 -.10030530E-05  .23507910E+04
  .16429950E+03  .45769330E+05  .99966750E+03  .88800560E+04  .25215530E+07  .99466310E-02
  .50000000E+01  .00000000E+00  .20000000E+01  .14000000E+02  .18000000E+02  .11648060E+05
  .99966750E+03  .28405060E+03  .45769330E+05  .21256120E+07 -.64194400E-02  .41913780E+04
  .99992240E+03  .28028350E+03  .29968240E+05  .20830990E+07 -.26397130E-02  .41979720E+04
  .99995780E+03  .27657310E+03  .14376520E+05  .20381820E+07  .14245330E-02  .42067500E+04
  .99975650E+03  .27292050E+03 -.10090210E+04  .19915030E+07  .58251340E-02  .42182320E+04
  .99929810E+03  .26932720E+03 -.16191670E+05  .19438760E+07  .10619140E-01  .42330380E+04
  .10003330E-02  .28405060E+03  .45769330E+05  .19641230E-02 -.11534920E-01  .41913780E+04
  .10053660E+03  .28405060E+03  .25215530E+07  .69890530E-01 -.11534920E-01  .18600720E+04
  .99466310E-02  .28405060E+03  .25215530E+07  .17439880E+06 -.53649520E-05  .18600720E+04
  .96509340E-02  .29272660E+03  .25377020E+07  .17964380E+06 -.51965170E-05  .18625360E+04
  .93645250E-02  .30165510E+03  .25543430E+07  .18503140E+06 -.50332620E-05  .18652190E+04
  .90871160E-02  .31084190E+03  .25714920E+07  .19056450E+06 -.48750060E-05  .18681310E+04
  .88184340E-02  .32029290E+03  .25891630E+07  .19624570E+06 -.47215770E-05  .18712800E+04
  .85582120E-02  .33001400E+03  .26073700E+07  .20207740E+06 -.45728110E-05  .18746750E+04
  .83061950E-02  .34001110E+03  .26261290E+07  .20806220E+06 -.44285550E-05  .18783250E+04
  .80621330E-02  .35029000E+03  .26454560E+07  .21420250E+06 -.42886610E-05  .18822390E+04
  .78257860E-02  .36085660E+03  .26653670E+07  .22050070E+06 -.41529910E-05  .18864270E+04
  .75969210E-02  .37171660E+03  .26858780E+07  .22695880E+06 -.40214120E-05  .18908970E+04
  .73753140E-02  .38287570E+03  .27070050E+07  .23357900E+06 -.38937980E-05  .18956570E+04
  .71607440E-02  .39433970E+03  .27287660E+07  .24036340E+06 -.37700290E-05  .19007180E+04
  .69530010E-02  .40611400E+03  .27511770E+07  .24731380E+06 -.36499910E-05  .19060870E+04
  .67518780E-02  .41820440E+03  .27742560E+07  .25443200E+06 -.35335740E-05  .19117740E+04
  .67518780E-02  .41820440E+03  .27742560E+07  .25443200E+06 -.35335740E-05  .19117740E+04
  .63422700E-02  .44520110E+03  .28260460E+07  .27025790E+06 -.32958240E-05  .19250660E+04
  .59602720E-02  .47372480E+03  .28811660E+07  .28687650E+06 -.30732670E-05  .19399340E+04
  .56041140E-02  .50382390E+03  .29398030E+07  .30429990E+06 -.28650240E-05  .19564500E+04
  .52721270E-02  .53554390E+03  .30021480E+07  .32253780E+06 -.26702820E-05  .19746800E+04
  .49627360E-02  .56892650E+03  .30684000E+07  .34159820E+06 -.24882920E-05  .19946760E+04
  .46744540E-02  .60400930E+03  .31387590E+07  .36148680E+06 -.23183560E-05  .20164710E+04
  .44058750E-02  .64082620E+03  .32134310E+07  .38220860E+06 -.21598210E-05  .20400810E+04
  .41556660E-02  .67940700E+03  .32926270E+07  .40376790E+06 -.20120750E-05  .20654910E+04
  .39225680E-02  .71977820E+03  .33765600E+07  .42616920E+06 -.18745390E-05  .20926570E+04
  .37053900E-02  .76196350E+03  .34654470E+07  .44941850E+06 -.17466660E-05  .21214960E+04
  .35030030E-02  .80598440E+03  .35595050E+07  .47352430E+06 -.16279330E-05  .21518850E+04
  .33143400E-02  .85186210E+03  .36589570E+07  .49849860E+06 -.15178430E-05  .21836490E+04
  .31383940E-02  .89961830E+03  .37640270E+07  .52435880E+06 -.14159170E-05  .22165620E+04
  .29742120E-02  .94927780E+03  .38749420E+07  .55112880E+06 -.13217000E-05  .22503380E+04
  .28208950E-02  .10008700E+04  .39919310E+07  .57884140E+06 -.12347510E-05  .22846240E+04
  .26775980E-02  .10544330E+04  .41152290E+07  .60753980E+06 -.11546530E-05  .23189930E+04
  .25435200E-02  .11100150E+04  .42450760E+07  .63728070E+06 -.10810100E-05  .23529370E+04
  .18058380E+03  .50403980E+05  .99955440E+03  .88533990E+04  .25235780E+07  .10661290E-01
  .50000000E+01  .00000000E+00  .20000000E+01  .14000000E+02  .18000000E+02  .11621400E+05
  .99955440E+03  .28515650E+03  .50403980E+05  .21374500E+07 -.74719150E-02  .41898070E+04
  .99987020E+03  .28137310E+03  .34541410E+05  .20957340E+07 -.37660220E-02  .41958490E+04
  .99997110E+03  .27764610E+03  .18889140E+05  .20514570E+07  .21039390E-03  .42039430E+04
  .99984070E+03  .27397660E+03  .34439750E+04  .20052150E+07  .45075150E-02  .42145800E+04
  .99945930E+03  .27036590E+03 -.11797330E+05  .19577690E+07  .91809790E-02  .42283480E+04
  .10004460E-02  .28515650E+03  .50403980E+05  .17192300E-02 -.10814980E-01  .41898070E+04
  .93797330E+02  .28515650E+03  .25235780E+07  .60575450E-01 -.10814980E-01  .18607460E+04
  .10661290E-01  .28515650E+03  .25235780E+07  .17506010E+06 -.57494320E-05  .18607460E+04
  .10344400E-01  .29386310E+03  .25397900E+07  .18032300E+06 -.55688490E-05  .18632020E+04
  .10037470E-01  .30282300E+03  .25564960E+07  .18572890E+06 -.53938310E-05  .18658800E+04
  .97401900E-02  .31204210E+03  .25737110E+07  .19128060E+06 -.52241800E-05  .18687900E+04
  .94522650E-02  .32152620E+03  .25914490E+07  .19698070E+06 -.50597100E-05  .18719410E+04
  .91734090E-02  .33128130E+03  .26097270E+07  .20283170E+06 -.49002450E-05  .18753420E+04
  .89033470E-02  .34131310E+03  .26285580E+07  .20883610E+06 -.47456170E-05  .18790000E+04
  .86418120E-02  .35162760E+03  .26479590E+07  .21499630E+06 -.45956700E-05  .18829270E+04
  .83885470E-02  .36223050E+03  .26679460E+07  .22131470E+06 -.44502520E-05  .18871300E+04
  .81433020E-02  .37312770E+03  .26885340E+07  .22779330E+06 -.43092210E-05  .18916180E+04
  .79058350E-02  .38432480E+03  .27097420E+07  .23443430E+06 -.41724420E-05  .18964000E+04
  .76759120E-02  .39582750E+03  .27315850E+07  .24123970E+06 -.40397860E-05  .19014840E+04
  .74533050E-02  .40764140E+03  .27540800E+07  .24821130E+06 -.39111300E-05  .19068800E+04
  .72377930E-02  .41977200E+03  .27772460E+07  .25535100E+06 -.37863570E-05  .19125960E+04
  .72377930E-02  .41977200E+03  .27772460E+07  .25535100E+06 -.37863570E-05  .19125960E+04
  .67988870E-02  .44685750E+03  .28292290E+07  .27122370E+06 -.35315450E-05  .19259600E+04
  .63895700E-02  .47547300E+03  .28845530E+07  .28788990E+06 -.32930230E-05  .19409080E+04
  .60079470E-02  .50566700E+03  .29434060E+07  .30536150E+06 -.30698460E-05  .19575130E+04
  .56522280E-02  .53748450E+03  .30059780E+07  .32364830E+06 -.28611470E-05  .19758390E+04
  .53207250E-02  .57096690E+03  .30724690E+07  .34275790E+06 -.26661210E-05  .19959360E+04
  .50118420E-02  .60615190E+03  .31430780E+07  .36269610E+06 -.24840220E-05  .20178350E+04
  .47240710E-02  .64307280E+03  .32180140E+07  .38346770E+06 -.23141500E-05  .20415500E+04
  .44559840E-02  .68175930E+03  .32974870E+07  .40507690E+06 -.21558480E-05  .20670640E+04
  .42062290E-02  .72223780E+03  .33817080E+07  .42752860E+06 -.20084960E-05  .20943320E+04
  .39735300E-02  .76453160E+03  .34708960E+07  .45082860E+06 -.18715070E-05  .21232660E+04
  .37566760E-02  .80866240E+03  .35652690E+07  .47498570E+06 -.17443200E-05  .21537410E+04
  .35545230E-02  .85465120E+03  .36650500E+07  .50001230E+06 -.16264020E-05  .21855800E+04
  .33659890E-02  .90251990E+03  .37704610E+07  .52592590E+06 -.15172390E-05  .22185530E+04
  .31900550E-02  .95229360E+03  .38817300E+07  .55275100E+06 -.14163400E-05  .22523700E+04
  .30257560E-02  .10040020E+04  .39990890E+07  .58052090E+06 -.13232360E-05  .22866730E+04
  .28721840E-02  .10576840E+04  .41227700E+07  .60927960E+06 -.12374770E-05  .23210320E+04
  .27284840E-02  .11133880E+04  .42530140E+07  .63908470E+06 -.11586390E-05  .23549320E+04
  .19582310E+03  .54757580E+05  .99943320E+03  .88285930E+04  .25254800E+07  .11373120E-01
  .50000000E+01  .00000000E+00  .20000000E+01  .14000000E+02  .18000000E+02  .11596590E+05
  .99943320E+03  .28619570E+03  .54757580E+05  .21482990E+07 -.84395480E-02  .41884620E+04
  .99980500E+03  .28239710E+03  .38837240E+05  .21073610E+07 -.47993490E-02  .41940200E+04
  .99996590E+03  .27865470E+03  .23128050E+05  .20637290E+07 -.90127940E-03  .42015110E+04
  .99990020E+03  .27496940E+03  .76268500E+04  .20179540E+07  .33032710E-02  .42114010E+04
  .99958920E+03  .27134250E+03 -.76696070E+04  .19707490E+07  .78685350E-02  .42242520E+04
  .10005670E-02  .28619570E+03  .54757580E+05  .15187580E-02 -.10185100E-01  .41884620E+04
  .87926640E+02  .28619570E+03  .25254800E+07  .53017690E-01 -.10185100E-01  .18613950E+04
  .11373120E-01  .28619570E+03  .25254800E+07  .17568100E+06 -.61323210E-05  .18613950E+04
  .11035130E-01  .29493100E+03  .25417510E+07  .18096070E+06 -.59396360E-05  .18638410E+04
  .10707770E-01  .30392040E+03  .25585170E+07  .18638380E+06 -.57528970E-05  .18665140E+04
  .10390700E-01  .31316970E+03  .25757950E+07  .19195300E+06 -.55718940E-05  .18694210E+04
  .10083610E-01  .32268480E+03  .25935970E+07  .19767080E+06 -.53964250E-05  .18725730E+04
  .97862010E-02  .33247170E+03  .26119410E+07  .20353980E+06 -.52263010E-05  .18759770E+04
  .94981710E-02  .34253610E+03  .26308390E+07  .20956260E+06 -.50613430E-05  .18796440E+04
  .92192380E-02  .35288390E+03  .26503100E+07  .21574150E+06 -.49013810E-05  .18835800E+04
  .89491260E-02  .36352090E+03  .26703680E+07  .22207870E+06 -.47462540E-05  .18877970E+04
  .86875700E-02  .37445290E+03  .26910300E+07  .22857650E+06 -.45958100E-05  .18923010E+04
  .84343110E-02  .38568560E+03  .27123120E+07  .23523700E+06 -.44499030E-05  .18971030E+04
  .81890980E-02  .39722470E+03  .27342320E+07  .24206210E+06 -.43083960E-05  .19022090E+04
  .79516900E-02  .40907560E+03  .27568070E+07  .24905370E+06 -.41711570E-05  .19076300E+04
  .77218510E-02  .42124400E+03  .27800550E+07  .25621350E+06 -.40380610E-05  .19133730E+04
  .77218510E-02  .42124400E+03  .27800550E+07  .25621350E+06 -.40380610E-05  .19133730E+04
  .72537710E-02  .44841260E+03  .28322190E+07  .27213010E+06 -.37662560E-05  .19268020E+04
  .68172550E-02  .47711420E+03  .28877350E+07  .28884080E+06 -.35118330E-05  .19418260E+04
  .64102770E-02  .50739710E+03  .29467900E+07  .30635770E+06 -.32737860E-05  .19585150E+04
  .60309280E-02  .53930600E+03  .30095750E+07  .32469030E+06 -.30511870E-05  .19769300E+04
  .56774080E-02  .57288210E+03  .30762900E+07  .34384590E+06 -.28431810E-05  .19971210E+04
  .53480130E-02  .60816270E+03  .31471350E+07  .36383050E+06 -.26489700E-05  .20191180E+04
  .50411330E-02  .64518100E+03  .32223180E+07  .38464870E+06 -.24678090E-05  .20429310E+04
  .47552450E-02  .68396670E+03  .33020490E+07  .40630480E+06 -.22989980E-05  .20685430E+04
  .44889060E-02  .72454550E+03  .33865420E+07  .42880350E+06 -.21418740E-05  .20959040E+04
  .42407530E-02  .76694100E+03  .34760130E+07  .45215110E+06 -.19958100E-05  .21249280E+04
  .40094930E-02  .81117470E+03  .35706810E+07  .47635630E+06 -.18602100E-05  .21554830E+04
  .37939070E-02  .85726750E+03  .36707690E+07  .50143170E+06 -.17345000E-05  .21873920E+04
  .35928400E-02  .90524160E+03  .37765010E+07  .52739540E+06 -.16181340E-05  .22204190E+04
  .34052020E-02  .95512210E+03  .38881040E+07  .55427220E+06 -.15105880E-05  .22542730E+04
  .32299660E-02  .10069400E+04  .40058080E+07  .58209590E+06 -.14113600E-05  .22885910E+04
  .30661620E-02  .10607320E+04  .41298480E+07  .61091130E+06 -.13199700E-05  .23229380E+04
  .29128780E-02  .11165510E+04  .42604650E+07  .64077660E+06 -.12359630E-05  .23567960E+04
  .21014790E+03  .58864400E+05  .99930590E+03  .88053960E+04  .25272740E+07  .12082320E-01
  .50000000E+01  .00000000E+00  .20000000E+01  .14000000E+02  .18000000E+02  .11573400E+05
  .99930590E+03  .28717640E+03  .58864400E+05  .21582870E+07 -.93346100E-02  .41873030E+04
  .99972940E+03  .28336350E+03  .42889540E+05  .21181090E+07 -.57532680E-02  .41924300E+04
  .99994570E+03  .27960660E+03  .27126640E+05  .20751190E+07 -.19255580E-02  .41993860E+04
  .99993960E+03  .27590660E+03  .11572540E+05  .20298310E+07  .21956470E-02  .42086130E+04
  .99969330E+03  .27226460E+03 -.37759810E+04  .19829140E+07  .66631920E-02  .42206470E+04
  .10006950E-02  .28717640E+03  .58864400E+05  .13524430E-02 -.96291080E-02  .41873030E+04
  .82765580E+02  .28717640E+03  .25272740E+07  .46800200E-01 -.96291080E-02  .18620220E+04
  .12082320E-01  .28717640E+03  .25272740E+07  .17626650E+06 -.65137260E-05  .18620220E+04
  .11723310E-01  .29593860E+03  .25436010E+07  .18156210E+06 -.63089760E-05  .18644580E+04
  .11375590E-01  .30495570E+03  .25604240E+07  .18700130E+06 -.61105580E-05  .18671230E+04
  .11038820E-01  .31423340E+03  .25777600E+07  .19258680E+06 -.59182430E-05  .18700270E+04
  .10712640E-01  .32377780E+03  .25956230E+07  .19832140E+06 -.57318140E-05  .18731780E+04
  .10396750E-01  .33359450E+03  .26140290E+07  .20420750E+06 -.55510710E-05  .18765850E+04
  .10090820E-01  .34368960E+03  .26329910E+07  .21024750E+06 -.53758200E-05  .18802580E+04
  .97945560E-02  .35406880E+03  .26525270E+07  .21644400E+06 -.52058810E-05  .18842040E+04
  .95076640E-02  .36473790E+03  .26726520E+07  .22279900E+06 -.50410810E-05  .18884320E+04
  .92298610E-02  .37570270E+03  .26933830E+07  .22931490E+06 -.48812590E-05  .18929510E+04
  .89608730E-02  .38696900E+03  .27147370E+07  .23599370E+06 -.47262580E-05  .18977710E+04
  .87004330E-02  .39854220E+03  .27367300E+07  .24283730E+06 -.45759330E-05  .19028980E+04
  .84482840E-02  .41042800E+03  .27593790E+07  .24984770E+06 -.44301440E-05  .19083410E+04
  .82041750E-02  .42263190E+03  .27827030E+07  .25702650E+06 -.42887560E-05  .19141090E+04
  .82041750E-02  .42263190E+03  .27827030E+07  .25702650E+06 -.42887560E-05  .19141090E+04
  .77070380E-02  .44987880E+03  .28350390E+07  .27298430E+06 -.40000250E-05  .19276000E+04
  .72434310E-02  .47866160E+03  .28907360E+07  .28973700E+06 -.37297620E-05  .19426950E+04
  .68112000E-02  .50902800E+03  .29499810E+07  .30729640E+06 -.34769000E-05  .19594620E+04
  .64083180E-02  .54102290E+03  .30129680E+07  .32567190E+06 -.32404560E-05  .19779610E+04
  .60328700E-02  .57468720E+03  .30798930E+07  .34487090E+06 -.30195210E-05  .19982400E+04
  .56830460E-02  .61005780E+03  .31509610E+07  .36489910E+06 -.28132470E-05  .20203290E+04
  .53571360E-02  .64716780E+03  .32263770E+07  .38576120E+06 -.26208430E-05  .20442340E+04
  .50535190E-02  .68604660E+03  .33063520E+07  .40746130E+06 -.24415660E-05  .20699380E+04
  .47706640E-02  .72672000E+03  .33911000E+07  .43000440E+06 -.22747110E-05  .20973880E+04
  .45071180E-02  .76921110E+03  .34808370E+07  .45339670E+06 -.21196120E-05  .21264940E+04
  .42615120E-02  .81354160E+03  .35757840E+07  .47764710E+06 -.19756330E-05  .21571250E+04
  .40325460E-02  .85973220E+03  .36761620E+07  .50276850E+06 -.18421670E-05  .21890970E+04
  .38189940E-02  .90780540E+03  .37821950E+07  .52877930E+06 -.17186320E-05  .22221760E+04
  .36196990E-02  .95778650E+03  .38941110E+07  .55570480E+06 -.16044690E-05  .22560630E+04
  .34335680E-02  .10097060E+04  .40121410E+07  .58357930E+06 -.14991460E-05  .22903940E+04
  .32595710E-02  .10636040E+04  .41365200E+07  .61244790E+06 -.14021510E-05  .23247290E+04
  .30967380E-02  .11195300E+04  .42674880E+07  .64237020E+06 -.13130030E-05  .23585450E+04
