 .21014790E+03  .58864400E+05  .99930590E+03  .88053960E+04  .25272740E+07  .12082320E-01
 .80000000E+01  .00000000E+00  .20000000E+01  .14000000E+02  .18000000E+02  .11573400E+05
 .99930590E+03  .28717640E+03  .58864400E+05  .21582870E+07 -.93346100E-02  .41873030E+04
 .99972940E+03  .28336350E+03  .42889540E+05  .21181090E+07 -.57532680E-02  .41924300E+04
 .99994570E+03  .27960660E+03  .27126640E+05  .20751190E+07 -.19255580E-02  .41993860E+04
 .99993960E+03  .27590660E+03  .11572540E+05  .20298310E+07  .21956470E-02  .42086130E+04
 .99969330E+03  .27226460E+03 -.37759810E+04  .19829140E+07  .66631920E-02  .42206470E+04
 .99918580E+03  .26868230E+03 -.18922210E+05  .19352160E+07  .11534930E-01  .42361320E+04
 .99839270E+03  .26516160E+03 -.33869550E+05  .18877710E+07  .16872000E-01  .42558370E+04
 .99728630E+03  .26170500E+03 -.48621510E+05  .18418110E+07  .22735690E-01  .42806720E+04
 .10006950E-02  .28717640E+03  .58864400E+05  .13524430E-02 -.96291080E-02  .41873030E+04
 .82765580E+02  .28717640E+03  .25272740E+07  .46800200E-01 -.96291080E-02  .18620220E+04
 .12082320E-01  .28717640E+03  .25272740E+07  .17626650E+06 -.65137260E-05  .18620220E+04
 .11723310E-01  .29593860E+03  .25436010E+07  .18156210E+06 -.63089760E-05  .18644580E+04
 .11375590E-01  .30495570E+03  .25604240E+07  .18700130E+06 -.61105580E-05  .18671230E+04
 .11038820E-01  .31423340E+03  .25777600E+07  .19258680E+06 -.59182430E-05  .18700270E+04
 .10712640E-01  .32377780E+03  .25956230E+07  .19832140E+06 -.57318140E-05  .18731780E+04
 .10396750E-01  .33359450E+03  .26140290E+07  .20420750E+06 -.55510710E-05  .18765850E+04
 .10090820E-01  .34368960E+03  .26329910E+07  .21024750E+06 -.53758200E-05  .18802580E+04
 .97945560E-02  .35406880E+03  .26525270E+07  .21644400E+06 -.52058810E-05  .18842040E+04
 .95076640E-02  .36473790E+03  .26726520E+07  .22279900E+06 -.50410810E-05  .18884320E+04
 .92298610E-02  .37570270E+03  .26933830E+07  .22931490E+06 -.48812590E-05  .18929510E+04
 .89608730E-02  .38696900E+03  .27147370E+07  .23599370E+06 -.47262580E-05  .18977710E+04
 .87004330E-02  .39854220E+03  .27367300E+07  .24283730E+06 -.45759330E-05  .19028980E+04
 .84482840E-02  .41042800E+03  .27593790E+07  .24984770E+06 -.44301440E-05  .19083410E+04
 .82041750E-02  .42263190E+03  .27827030E+07  .25702650E+06 -.42887560E-05  .19141090E+04
 .82041750E-02  .42263190E+03  .27827030E+07  .25702650E+06 -.42887560E-05  .19141090E+04
 .77070380E-02  .44987880E+03  .28350390E+07  .27298430E+06 -.40000250E-05  .19276000E+04
 .72434310E-02  .47866160E+03  .28907360E+07  .28973700E+06 -.37297620E-05  .19426950E+04
 .68112000E-02  .50902800E+03  .29499810E+07  .30729640E+06 -.34769000E-05  .19594620E+04
 .64083180E-02  .54102290E+03  .30129680E+07  .32567190E+06 -.32404560E-05  .19779610E+04
 .60328700E-02  .57468720E+03  .30798930E+07  .34487090E+06 -.30195210E-05  .19982400E+04
 .56830460E-02  .61005780E+03  .31509610E+07  .36489910E+06 -.28132470E-05  .20203290E+04
 .53571360E-02  .64716780E+03  .32263770E+07  .38576120E+06 -.26208430E-05  .20442340E+04
 .50535190E-02  .68604660E+03  .33063520E+07  .40746130E+06 -.24415660E-05  .20699380E+04
 .47706640E-02  .72672000E+03  .33911000E+07  .43000440E+06 -.22747110E-05  .20973880E+04
 .45071180E-02  .76921110E+03  .34808370E+07  .45339670E+06 -.21196120E-05  .21264940E+04
 .42615120E-02  .81354160E+03  .35757840E+07  .47764710E+06 -.19756330E-05  .21571250E+04
 .40325460E-02  .85973220E+03  .36761620E+07  .50276850E+06 -.18421670E-05  .21890970E+04
 .38189940E-02  .90780540E+03  .37821950E+07  .52877930E+06 -.17186320E-05  .22221760E+04
 .36196990E-02  .95778650E+03  .38941110E+07  .55570480E+06 -.16044690E-05  .22560630E+04
 .34335680E-02  .10097060E+04  .40121410E+07  .58357930E+06 -.14991460E-05  .22903940E+04
 .32595710E-02  .10636040E+04  .41365200E+07  .61244790E+06 -.14021510E-05  .23247290E+04
 .30967380E-02  .11195300E+04  .42674880E+07  .64237020E+06 -.13130030E-05  .23585450E+04
 .23545540E+03  .66154300E+05  .99905010E+03  .87647060E+04  .25304580E+07  .13436610E-01
 .80000000E+01  .00000000E+00  .20000000E+01  .14000000E+02  .18000000E+02  .11532710E+05
 .99905010E+03  .28891770E+03  .66154300E+05  .21754190E+07 -.10883590E-01  .41854850E+04
 .99956300E+03  .28507970E+03  .50082630E+05  .21366400E+07 -.73996720E-02  .41899100E+04
 .99987460E+03  .28129750E+03  .34224320E+05  .20948670E+07 -.36887910E-02  .41959890E+04
 .99997110E+03  .27757160E+03  .18576260E+05  .20505440E+07  .29356560E-03  .42041290E+04
 .99983580E+03  .27390320E+03  .31352360E+04  .20042690E+07  .45976970E-02  .42148220E+04
 .99944910E+03  .27029370E+03 -.12102000E+05  .19568070E+07  .92793440E-02  .42286600E+04
 .99878830E+03  .26674490E+03 -.27138790E+05  .19091070E+07  .14398450E-01  .42463540E+04
 .99782710E+03  .26325900E+03 -.41978600E+05  .18623100E+07  .20016710E-01  .42687470E+04
 .10009510E-02  .28891770E+03  .66154300E+05  .11033460E-02 -.87255670E-02  .41854850E+04
 .74423550E+02  .28891770E+03  .25304580E+07  .37591200E-01 -.87255670E-02  .18631700E+04
 .13436610E-01  .28891770E+03  .25304580E+07  .17730520E+06 -.72418780E-05  .18631700E+04
 .13037470E-01  .29772760E+03  .25468830E+07  .18262880E+06 -.70140820E-05  .18655840E+04
 .12650900E-01  .30679360E+03  .25638080E+07  .18809660E+06 -.67933520E-05  .18682340E+04
 .12276490E-01  .31612170E+03  .25812490E+07  .19371120E+06 -.65794280E-05  .18711280E+04
 .11913880E-01  .32571770E+03  .25992190E+07  .19947530E+06 -.63720680E-05  .18742760E+04
 .11562700E-01  .33558740E+03  .26177340E+07  .20539150E+06 -.61710430E-05  .18776850E+04
 .11222610E-01  .34573670E+03  .26368100E+07  .21146220E+06 -.59761360E-05  .18813660E+04
 .10893260E-01  .35617140E+03  .26564620E+07  .21768970E+06 -.57871440E-05  .18853260E+04
 .10574340E-01  .36689740E+03  .26767070E+07  .22407630E+06 -.56038740E-05  .18895740E+04
 .10265530E-01  .37792030E+03  .26975600E+07  .23062420E+06 -.54261440E-05  .18941190E+04
 .99665130E-02  .38924590E+03  .27190390E+07  .23733540E+06 -.52537800E-05  .18989680E+04
 .96770060E-02  .40087970E+03  .27411610E+07  .24421180E+06 -.50866180E-05  .19041300E+04
 .93967170E-02  .41282730E+03  .27639440E+07  .25125540E+06 -.49245030E-05  .19096130E+04
 .91253700E-02  .42509410E+03  .27874040E+07  .25846770E+06 -.47672860E-05  .19154250E+04
 .91253700E-02  .42509410E+03  .27874040E+07  .25846770E+06 -.47672860E-05  .19154250E+04
 .85727700E-02  .45247960E+03  .28400430E+07  .27449850E+06 -.44462340E-05  .19290240E+04
 .80574520E-02  .48140580E+03  .28960610E+07  .29132550E+06 -.41457300E-05  .19442430E+04
 .75770210E-02  .51192030E+03  .29556440E+07  .30896010E+06 -.38645870E-05  .19611480E+04
 .71292200E-02  .54406740E+03  .30189870E+07  .32741170E+06 -.36017110E-05  .19797960E+04
 .67119200E-02  .57788760E+03  .30862870E+07  .34668730E+06 -.33560940E-05  .20002310E+04
 .63231050E-02  .61341740E+03  .31577480E+07  .36679260E+06 -.31267940E-05  .20224810E+04
 .59608720E-02  .65068960E+03  .32335770E+07  .38773210E+06 -.29129320E-05  .20465500E+04
 .56234170E-02  .68973320E+03  .33139850E+07  .40951010E+06 -.27136800E-05  .20724140E+04
 .53090360E-02  .73057360E+03  .33991850E+07  .43213150E+06 -.25282560E-05  .21000200E+04
 .50161130E-02  .77323380E+03  .34893950E+07  .45560280E+06 -.23559170E-05  .21292720E+04
 .47431210E-02  .81773530E+03  .35848350E+07  .47993320E+06 -.21959540E-05  .21600340E+04
 .44886150E-02  .86409900E+03  .36857260E+07  .50513610E+06 -.20476920E-05  .21921190E+04
 .42512320E-02  .91234740E+03  .37922940E+07  .53123030E+06 -.19104810E-05  .22252850E+04
 .40296830E-02  .96250630E+03  .39047660E+07  .55824200E+06 -.17837000E-05  .22592290E+04
 .38227510E-02  .10146070E+04  .40233730E+07  .58620630E+06 -.16667540E-05  .22935790E+04
 .36292910E-02  .10686900E+04  .41483510E+07  .61516980E+06 -.15590750E-05  .23278890E+04
 .34482240E-02  .11248060E+04  .42799400E+07  .64519300E+06 -.14601260E-05  .23616270E+04
 .25836430E+03  .72791430E+05  .99878510E+03  .87281920E+04  .25333550E+07  .14782740E-01
 .80000000E+01  .00000000E+00  .20000000E+01  .14000000E+02  .18000000E+02  .11496190E+05
 .99878510E+03  .29050370E+03  .72791430E+05  .21903450E+07 -.12252640E-01  .41840710E+04
 .99937690E+03  .28664310E+03  .56631580E+05  .21528870E+07 -.88500300E-02  .41879190E+04
 .99977240E+03  .28283800E+03  .40686370E+05  .21122930E+07 -.52370560E-02  .41932770E+04
 .99995870E+03  .27908890E+03  .24952680E+05  .20689500E+07 -.13715110E-02  .42005200E+04
 .99992040E+03  .27539690E+03  .94273470E+04  .20233910E+07  .27945380E-02  .42101030E+04
 .99963910E+03  .27176310E+03 -.58928560E+04  .19763110E+07  .73146980E-02  .42225750E+04
 .99909340E+03  .26818920E+03 -.21011240E+05  .19285810E+07  .12247410E-01  .42385970E+04
 .99825850E+03  .26467720E+03 -.35931200E+05  .18812640E+07  .17654040E-01  .42589570E+04
 .10012160E-02  .29050370E+03  .72791430E+05  .91901190E-03 -.79866360E-02  .41840710E+04
 .67646440E+02  .29050370E+03  .25333550E+07  .30870670E-01 -.79866360E-02  .18642570E+04
 .14782740E-01  .29050370E+03  .25333550E+07  .17825010E+06 -.79654340E-05  .18642570E+04
 .14343740E-01  .29935680E+03  .25498700E+07  .18359910E+06 -.77147140E-05  .18666460E+04
 .13918550E-01  .30846720E+03  .25668880E+07  .18909280E+06 -.74717950E-05  .18692780E+04
 .13506760E-01  .31784090E+03  .25844230E+07  .19473380E+06 -.72363870E-05  .18721600E+04
 .13107940E-01  .32748370E+03  .26024910E+07  .20052480E+06 -.70082170E-05  .18753010E+04
 .12721710E-01  .33740140E+03  .26211070E+07  .20646830E+06 -.67870300E-05  .18787100E+04
 .12347670E-01  .34759990E+03  .26402850E+07  .21256670E+06 -.65725850E-05  .18823960E+04
 .11985450E-01  .35808500E+03  .26600430E+07  .21882240E+06 -.63646560E-05  .18863670E+04
 .11634710E-01  .36886250E+03  .26803960E+07  .22523770E+06 -.61630280E-05  .18906310E+04
 .11295080E-01  .37993820E+03  .27013610E+07  .23181450E+06 -.59674990E-05  .18951960E+04
 .10966240E-01  .39131750E+03  .27229550E+07  .23855520E+06 -.57778780E-05  .19000710E+04
 .10647850E-01  .40300630E+03  .27451950E+07  .24546140E+06 -.55939840E-05  .19052640E+04
 .10339610E-01  .41500990E+03  .27680980E+07  .25253500E+06 -.54156440E-05  .19107820E+04
 .10041200E-01  .42733380E+03  .27916820E+07  .25977780E+06 -.52426950E-05  .19166330E+04
 .10041200E-01  .42733380E+03  .27916820E+07  .25977780E+06 -.52426950E-05  .19166330E+04
 .94334990E-02  .45484510E+03  .28445970E+07  .27587480E+06 -.48895240E-05  .19303290E+04
 .88668080E-02  .48390150E+03  .29009060E+07  .29276900E+06 -.45589680E-05  .19456590E+04
 .83384940E-02  .51455030E+03  .29607970E+07  .31047190E+06 -.42497200E-05  .19626880E+04
 .78460710E-02  .54683540E+03  .30244640E+07  .32899230E+06 -.39605820E-05  .19814710E+04
 .73871950E-02  .58079690E+03  .30921050E+07  .34833730E+06 -.36904410E-05  .20020480E+04
 .69596470E-02  .61647110E+03  .31639240E+07  .36851240E+06 -.34382660E-05  .20244430E+04
 .65613310E-02  .65389030E+03  .32401280E+07  .38952210E+06 -.32030880E-05  .20486590E+04
 .61902620E-02  .69308320E+03  .33209280E+07  .41137060E+06 -.29839960E-05  .20746690E+04
 .58445630E-02  .73407490E+03  .34065400E+07  .43406300E+06 -.27801300E-05  .21024150E+04
 .55224550E-02  .77688840E+03  .34971790E+07  .45760580E+06 -.25906700E-05  .21317980E+04
 .52222570E-02  .82154480E+03  .35930670E+07  .48200880E+06 -.24148380E-05  .21626770E+04
 .49423790E-02  .86806530E+03  .36944240E+07  .50728550E+06 -.22518870E-05  .21948620E+04
 .46813180E-02  .91647250E+03  .38014780E+07  .53345550E+06 -.21011020E-05  .22281050E+04
 .44376550E-02  .96679250E+03  .39144540E+07  .56054540E+06 -.19617980E-05  .22620980E+04
 .42100530E-02  .10190570E+04  .40335860E+07  .58859140E+06 -.18333200E-05  .22964620E+04
 .39972500E-02  .10733080E+04  .41591080E+07  .61764100E+06 -.17150410E-05  .23307460E+04
 .37980590E-02  .11295970E+04  .42912610E+07  .64775630E+06 -.16063710E-05  .23644080E+04
 .27930420E+03  .78889980E+05  .99851570E+03  .86950830E+04  .25360160E+07  .16121510E-01
 .80000000E+01  .00000000E+00  .20000000E+01  .14000000E+02  .18000000E+02  .11463080E+05
 .99851570E+03  .29196140E+03  .78889980E+05  .22034910E+07 -.13478600E-01  .41829560E+04
 .99917800E+03  .28808020E+03  .62649070E+05  .21672780E+07 -.10144920E-01  .41863210E+04
 .99964830E+03  .28425430E+03  .46623960E+05  .21278180E+07 -.66152520E-02  .41910740E+04
 .99991460E+03  .28048420E+03  .30811550E+05  .20854490E+07 -.28494520E-02  .41975630E+04
 .99996220E+03  .27677070E+03  .15208680E+05  .20406460E+07  .11982480E-02  .42062120E+04
 .99977410E+03  .27311490E+03 -.18784300E+03  .19940420E+07  .55793830E-02  .42175330E+04
 .99933000E+03  .26951840E+03 -.15381300E+05  .19464420E+07  .10350750E-01  .42321430E+04
 .99860640E+03  .26598310E+03 -.30375050E+05  .18988340E+07  .15572920E-01  .42507790E+04
 .10014870E-02  .29196140E+03  .78889980E+05  .77854460E-03 -.73704310E-02  .41829560E+04
 .62028920E+02  .29196140E+03  .25360160E+07  .25814290E-01 -.73704310E-02  .18652920E+04
 .16121510E-01  .29196140E+03  .25360160E+07  .17911750E+06 -.86848310E-05  .18652920E+04
 .15642860E-01  .30085390E+03  .25526130E+07  .18448980E+06 -.84113020E-05  .18676550E+04
 .15179290E-01  .31000500E+03  .25697160E+07  .19000720E+06 -.81463070E-05  .18702660E+04
 .14730320E-01  .31942040E+03  .25873390E+07  .19567250E+06 -.78895250E-05  .18731340E+04
 .14295510E-01  .32910600E+03  .26054960E+07  .20148800E+06 -.76406550E-05  .18762670E+04
 .13874430E-01  .33906770E+03  .26242040E+07  .20745650E+06 -.73994140E-05  .18796730E+04
 .13466640E-01  .34931120E+03  .26434770E+07  .21358040E+06 -.71655370E-05  .18833610E+04
 .13071750E-01  .35984250E+03  .26633320E+07  .21986190E+06 -.69387740E-05  .18873400E+04
 .12689370E-01  .37066720E+03  .26837850E+07  .22630330E+06 -.67188900E-05  .18916160E+04
 .12319110E-01  .38179110E+03  .27048530E+07  .23290680E+06 -.65056620E-05  .18961990E+04
 .11960620E-01  .39321980E+03  .27265510E+07  .23967430E+06 -.62988810E-05  .19010970E+04
 .11613520E-01  .40495880E+03  .27488990E+07  .24660780E+06 -.60983480E-05  .19063160E+04
 .11277490E-01  .41701370E+03  .27719130E+07  .25370910E+06 -.59038740E-05  .19118650E+04
 .10952180E-01  .42938990E+03  .27956110E+07  .26097970E+06 -.57152820E-05  .19177520E+04
 .10952180E-01  .42938990E+03  .27956110E+07  .26097970E+06 -.57152820E-05  .19177520E+04
 .10289710E-01  .45701640E+03  .28487800E+07  .27713720E+06 -.53301750E-05  .19315340E+04
 .96719490E-02  .48619200E+03  .29053560E+07  .29409300E+06 -.49697380E-05  .19469660E+04
 .90960380E-02  .51696370E+03  .29655300E+07  .31185830E+06 -.46325480E-05  .19641080E+04
 .85592610E-02  .54937520E+03  .30294930E+07  .33044170E+06 -.43172980E-05  .19830130E+04
 .80590570E-02  .58346610E+03  .30974470E+07  .34985020E+06 -.40227780E-05  .20037200E+04
 .75930100E-02  .61927250E+03  .31695940E+07  .37008910E+06 -.37478620E-05  .20262490E+04
 .71588280E-02  .65682620E+03  .32461420E+07  .39116290E+06 -.34914960E-05  .20505990E+04
 .67543490E-02  .69615560E+03  .33273030E+07  .41307590E+06 -.32526860E-05  .20767410E+04
 .63775190E-02  .73728580E+03  .34132910E+07  .43583320E+06 -.30304930E-05  .21046140E+04
 .60264010E-02  .78023940E+03  .35043250E+07  .45944160E+06 -.28240220E-05  .21341150E+04
 .56991590E-02  .82503750E+03  .36006230E+07  .48391080E+06 -.26324240E-05  .21651010E+04
 .53940570E-02  .87170140E+03  .37024080E+07  .50925520E+06 -.24548810E-05  .21973760E+04
 .51094560E-02  .92025380E+03  .38099070E+07  .53549450E+06 -.22906140E-05  .22306870E+04
 .48438090E-02  .97072140E+03  .39233460E+07  .56265620E+06 -.21388740E-05  .22647220E+04
 .45956540E-02  .10231360E+04  .40429580E+07  .59077710E+06 -.19989450E-05  .22990970E+04
 .43636170E-02  .10775410E+04  .41689780E+07  .61990590E+06 -.18701440E-05  .23333530E+04
 .41464000E-02  .11339890E+04  .43016490E+07  .65010570E+06 -.17518250E-05  .23669420E+04
 .29859760E+03  .84536100E+05  .99824510E+03  .86648010E+04  .25384780E+07  .17453560E-01
 .80000000E+01  .00000000E+00  .20000000E+01  .14000000E+02  .18000000E+02  .11432800E+05
 .99824510E+03  .29331130E+03  .84536100E+05  .22151740E+07 -.14588250E-01  .41820640E+04
 .99897110E+03  .28941110E+03  .68220130E+05  .21801350E+07 -.11313730E-01  .41850200E+04
 .99950880E+03  .28556610E+03  .52121030E+05  .21417620E+07 -.78558570E-02  .41892590E+04
 .99984680E+03  .28177670E+03  .36235690E+05  .21003490E+07 -.41762900E-02  .41951060E+04
 .99997160E+03  .27804360E+03  .20560990E+05  .20563210E+07 -.23124460E-03  .42029580E+04
 .99986680E+03  .27436780E+03  .50937360E+04  .20102560E+07  .40288440E-02  .42132930E+04
 .99951340E+03  .27075070E+03 -.10169300E+05  .19628970E+07  .86590690E-02  .42266930E+04
 .99888900E+03  .26719410E+03 -.25231470E+05  .19151670E+07  .13718950E-01  .42438510E+04
 .10017580E-02  .29331130E+03  .84536100E+05  .66889290E-03 -.68482580E-02  .41820640E+04
 .57294910E+02  .29331130E+03  .25384780E+07  .21913280E-01 -.68482580E-02  .18662820E+04
 .17453560E-01  .29331130E+03  .25384780E+07  .17991980E+06 -.94004350E-05  .18662820E+04
 .16935470E-01  .30224020E+03  .25551520E+07  .18531370E+06 -.91041970E-05  .18686180E+04
 .16433710E-01  .31142870E+03  .25723330E+07  .19085300E+06 -.88172270E-05  .18712080E+04
 .15947780E-01  .32088250E+03  .25900370E+07  .19654050E+06 -.85391740E-05  .18740590E+04
 .15477160E-01  .33060760E+03  .26082770E+07  .20237880E+06 -.82697040E-05  .18771810E+04
 .15021410E-01  .34060990E+03  .26270700E+07  .20837040E+06 -.80085080E-05  .18805820E+04
 .14580060E-01  .35089500E+03  .26464310E+07  .21451770E+06 -.77552970E-05  .18842710E+04
 .14152680E-01  .36146880E+03  .26663760E+07  .22082310E+06 -.75097960E-05  .18882540E+04
 .13738830E-01  .37233700E+03  .26869210E+07  .22728870E+06 -.72717480E-05  .18925410E+04
 .13338110E-01  .38350550E+03  .27080830E+07  .23391670E+06 -.70409110E-05  .18971400E+04
 .12950110E-01  .39497960E+03  .27298790E+07  .24070910E+06 -.68170580E-05  .19020560E+04
 .12574470E-01  .40676510E+03  .27523270E+07  .24766770E+06 -.65999720E-05  .19073000E+04
 .12210790E-01  .41886740E+03  .27754430E+07  .25479440E+06 -.63894490E-05  .19128760E+04
 .11858730E-01  .43129180E+03  .27992460E+07  .26209070E+06 -.61852940E-05  .19187940E+04
 .11858730E-01  .43129180E+03  .27992460E+07  .26209070E+06 -.61852940E-05  .19187940E+04
 .11141790E-01  .45902460E+03  .28526500E+07  .27830410E+06 -.57684160E-05  .19326560E+04
 .10473240E-01  .48831020E+03  .29094740E+07  .29531670E+06 -.53782550E-05  .19481800E+04
 .98499960E-02  .51919550E+03  .29699080E+07  .31313950E+06 -.50132700E-05  .19654270E+04
 .92691080E-02  .55172340E+03  .30341460E+07  .33178100E+06 -.46720470E-05  .19844450E+04
 .87278080E-02  .58593380E+03  .31023890E+07  .35124800E+06 -.43532790E-05  .20052700E+04
 .82234720E-02  .62186190E+03  .31748390E+07  .37154580E+06 -.40557480E-05  .20279210E+04
 .77536240E-02  .65953970E+03  .32517060E+07  .39267870E+06 -.37783110E-05  .20523950E+04
 .73159160E-02  .69899510E+03  .33332000E+07  .41465110E+06 -.35198940E-05  .20786590E+04
 .69081290E-02  .74025290E+03  .34195370E+07  .43746820E+06 -.32794790E-05  .21066480E+04
 .65281610E-02  .78333560E+03  .35109340E+07  .46113690E+06 -.30560970E-05  .21362580E+04
 .61740220E-02  .82826440E+03  .36076110E+07  .48566740E+06 -.28488250E-05  .21673410E+04
 .58438340E-02  .87506050E+03  .37097920E+07  .51107410E+06 -.26567810E-05  .21996970E+04
 .55358190E-02  .92374690E+03  .38177010E+07  .53737740E+06 -.24791160E-05  .22330690E+04
 .52483030E-02  .97435030E+03  .39315680E+07  .56460540E+06 -.23150180E-05  .22671410E+04
 .49797030E-02  .10269040E+04  .40516230E+07  .59279560E+06 -.21637130E-05  .23015230E+04
 .47285300E-02  .10814510E+04  .41781040E+07  .62199760E+06 -.20244590E-05  .23357510E+04
 .44933790E-02  .11380450E+04  .43112530E+07  .65227580E+06 -.18965580E-05  .23692700E+04
 .31649310E+03  .89796500E+05  .99797500E+03  .86369040E+04  .25407700E+07  .18779420E-01
 .80000000E+01  .00000000E+00  .20000000E+01  .14000000E+02  .18000000E+02  .11404910E+05
 .99797500E+03  .29456920E+03  .89796500E+05  .22256380E+07 -.15601600E-01  .41813450E+04
 .99875920E+03  .29065150E+03  .73410580E+05  .21917060E+07 -.12378420E-01  .41839490E+04
 .99935820E+03  .28678880E+03  .57242510E+05  .21543730E+07 -.89830600E-02  .41877460E+04
 .99976140E+03  .28298160E+03  .41289200E+05  .21138920E+07 -.53788290E-02  .41930390E+04
 .99995590E+03  .27923040E+03  .25547520E+05  .20706440E+07 -.15237360E-02  .42002020E+04
 .99992650E+03  .27553620E+03  .10014330E+05  .20251570E+07  .26299350E-02  .42096860E+04
 .99965480E+03  .27190010E+03 -.53136120E+04  .19781200E+07  .71355830E-02  .42220370E+04
 .99911960E+03  .26832390E+03 -.20439600E+05  .19303970E+07  .12051500E-01  .42379110E+04
 .10020290E-02  .29456920E+03  .89796500E+05  .58155180E-03 -.63997780E-02  .41813450E+04
 .53249790E+02  .29456920E+03  .25407700E+07  .18839720E-01 -.63997780E-02  .18672340E+04
 .18779420E-01  .29456920E+03  .25407700E+07  .18066670E+06 -.10112550E-04  .18672340E+04
 .18222090E-01  .30353190E+03  .25575160E+07  .18608050E+06 -.97936960E-05  .18695410E+04
 .17682340E-01  .31275500E+03  .25747700E+07  .19164020E+06 -.94848460E-05  .18721080E+04
 .17159610E-01  .32224460E+03  .25925490E+07  .19734840E+06 -.91856140E-05  .18749410E+04
 .16653380E-01  .33200630E+03  .26108670E+07  .20320780E+06 -.88956370E-05  .18780510E+04
 .16163130E-01  .34204610E+03  .26297390E+07  .20922080E+06 -.86145780E-05  .18814460E+04
 .15688380E-01  .35236980E+03  .26491810E+07  .21539000E+06 -.83421200E-05  .18851320E+04
 .15228660E-01  .36298320E+03  .26692100E+07  .22171750E+06 -.80779680E-05  .18891190E+04
 .14783500E-01  .37389190E+03  .26898410E+07  .22820550E+06 -.78218430E-05  .18934140E+04
 .14352470E-01  .38510170E+03  .27110910E+07  .23485630E+06 -.75734810E-05  .18980250E+04
 .13935130E-01  .39661810E+03  .27329780E+07  .24167180E+06 -.73326370E-05  .19029590E+04
 .13531070E-01  .40844670E+03  .27555180E+07  .24865380E+06 -.70990770E-05  .19082230E+04
 .13139900E-01  .42059300E+03  .27787300E+07  .25580410E+06 -.68725810E-05  .19138250E+04
 .12761220E-01  .43306220E+03  .28026310E+07  .26312430E+06 -.66529380E-05  .19197720E+04
 .12761220E-01  .43306220E+03  .28026310E+07  .26312430E+06 -.66529380E-05  .19197720E+04
 .11990070E-01  .46089370E+03  .28562530E+07  .27938950E+06 -.62044440E-05  .19337060E+04
 .11271000E-01  .49028160E+03  .29133080E+07  .29645490E+06 -.57847010E-05  .19493160E+04
 .10600660E-01  .52127220E+03  .29739850E+07  .31433110E+06 -.53920570E-05  .19666580E+04
 .99758850E-02  .55390840E+03  .30384790E+07  .33302650E+06 -.50249890E-05  .19857810E+04
 .93936960E-02  .58822960E+03  .31069900E+07  .35254780E+06 -.46820940E-05  .20067160E+04
 .88512680E-02  .62427090E+03  .31797230E+07  .37290010E+06 -.43620600E-05  .20294810E+04
 .83459350E-02  .66206370E+03  .32568850E+07  .39408790E+06 -.40636610E-05  .20540690E+04
 .78751710E-02  .70163590E+03  .33386890E+07  .41611540E+06 -.37857390E-05  .20804450E+04
 .74365830E-02  .74301210E+03  .34253500E+07  .43898800E+06 -.35271990E-05  .21085420E+04
 .70279100E-02  .78621480E+03  .35170850E+07  .46271270E+06 -.32869970E-05  .21382520E+04
 .66470100E-02  .83126480E+03  .36141150E+07  .48730000E+06 -.30641400E-05  .21694240E+04
 .62918600E-02  .87818360E+03  .37166640E+07  .51276470E+06 -.28576740E-05  .22018540E+04
 .59605490E-02  .92699430E+03  .38249550E+07  .53912750E+06 -.26666880E-05  .22352820E+04
 .56512710E-02  .97772410E+03  .39392190E+07  .56641710E+06 -.24903070E-05  .22693860E+04
 .53623250E-02  .10304060E+04  .40596870E+07  .59467180E+06 -.23276940E-05  .23037730E+04
 .50921060E-02  .10850850E+04  .41865960E+07  .62394190E+06 -.21780520E-05  .23379710E+04
 .48391030E-02  .11418150E+04  .43201900E+07  .65429310E+06 -.20406300E-05  .23714220E+04
 .33318650E+03  .94723880E+05  .99770680E+03  .86110490E+04  .25429160E+07  .20099560E-01
 .80000000E+01  .00000000E+00  .20000000E+01  .14000000E+02  .18000000E+02  .11379050E+05
 .99770680E+03  .29574770E+03  .94723880E+05  .22350720E+07 -.16533990E-01  .41807610E+04
 .99854440E+03  .29181360E+03  .78272420E+05  .22021870E+07 -.13355740E-01  .41830590E+04
 .99919960E+03  .28793450E+03  .62039730E+05  .21658460E+07 -.10015320E-01  .41864710E+04
 .99966250E+03  .28411070E+03  .46022730E+05  .21262690E+07 -.64775050E-02  .41912830E+04
 .99992070E+03  .28034270E+03  .30218300E+05  .20837980E+07 -.27019240E-02  .41978450E+04
 .99995980E+03  .27663140E+03  .14623290E+05  .20389140E+07  .13574020E-02  .42065850E+04
 .99976240E+03  .27297780E+03 -.76549560E+03  .19922560E+07  .57522220E-02  .42180180E+04
 .99930820E+03  .26938360E+03 -.15951340E+05  .19446360E+07  .10539510E-01  .42327660E+04
 .10022980E-02  .29574770E+03  .94723880E+05  .51077880E-03 -.60101670E-02  .41807610E+04
 .49752340E+02  .29574770E+03  .25429160E+07  .16374440E-01 -.60101670E-02  .18681520E+04
 .20099560E-01  .29574770E+03  .25429160E+07  .18136560E+06 -.10821440E-04  .18681520E+04
 .19503170E-01  .30474180E+03  .25597280E+07  .18679810E+06 -.10480050E-04  .18704290E+04
 .18925590E-01  .31399730E+03  .25770520E+07  .19237680E+06 -.10149410E-04  .18729710E+04
 .18366240E-01  .32352010E+03  .25949010E+07  .19810440E+06 -.98290840E-05  .18757860E+04
 .17824550E-01  .33331610E+03  .26132910E+07  .20398350E+06 -.95186850E-05  .18788830E+04
 .17299970E-01  .34339100E+03  .26322380E+07  .21001650E+06 -.92178460E-05  .18822690E+04
 .16791980E-01  .35375070E+03  .26517560E+07  .21620600E+06 -.89262270E-05  .18859520E+04
 .16300070E-01  .36440090E+03  .26718630E+07  .22255420E+06 -.86435040E-05  .18899410E+04
 .15823740E-01  .37534740E+03  .26925750E+07  .22906330E+06 -.83693790E-05  .18942420E+04
 .15362540E-01  .38659580E+03  .27139080E+07  .23573530E+06 -.81035710E-05  .18988640E+04
 .14916000E-01  .39815170E+03  .27358790E+07  .24257230E+06 -.78458110E-05  .19038130E+04
 .14483660E-01  .41002060E+03  .27585070E+07  .24957620E+06 -.75958510E-05  .19090960E+04
 .14065120E-01  .42220800E+03  .27818070E+07  .25674850E+06 -.73534520E-05  .19147200E+04
 .13659940E-01  .43471910E+03  .28058000E+07  .26409100E+06 -.71183920E-05  .19206930E+04
 .13659940E-01  .43471910E+03  .28058000E+07  .26409100E+06 -.71183920E-05  .19206930E+04
 .12834850E-01  .46264290E+03  .28596260E+07  .28040470E+06 -.66384210E-05  .19346940E+04
 .12065490E-01  .49212620E+03  .29168970E+07  .29751930E+06 -.61892320E-05  .19503830E+04
 .11348270E-01  .52321510E+03  .29778010E+07  .31544530E+06 -.57690530E-05  .19678150E+04
 .10679820E-01  .55595250E+03  .30425340E+07  .33419100E+06 -.53762590E-05  .19870340E+04
 .10056940E-01  .59037710E+03  .31112970E+07  .35376290E+06 -.50093480E-05  .20080720E+04
 .94765970E-02  .62652400E+03  .31842940E+07  .37416620E+06 -.46669180E-05  .20309430E+04
 .89359490E-02  .66442430E+03  .32617330E+07  .39540510E+06 -.43476570E-05  .20556370E+04
 .84322830E-02  .70410550E+03  .33438270E+07  .41748410E+06 -.40503240E-05  .20821180E+04
 .79630410E-02  .74559230E+03  .34307900E+07  .44040840E+06 -.37737480E-05  .21103140E+04
 .75257980E-02  .78890670E+03  .35228420E+07  .46418550E+06 -.35168110E-05  .21401170E+04
 .71182630E-02  .83406990E+03  .36202020E+07  .48882580E+06 -.32784480E-05  .21713710E+04
 .67382690E-02  .88110320E+03  .37230930E+07  .51434460E+06 -.30576380E-05  .22038690E+04
 .63837670E-02  .93002990E+03  .38317420E+07  .54076300E+06 -.28534020E-05  .22373480E+04
 .60528270E-02  .98087750E+03  .39463770E+07  .56811030E+06 -.26648040E-05  .22714800E+04
 .57436250E-02  .10336800E+04  .40672310E+07  .59642520E+06 -.24909470E-05  .23058690E+04
 .54544440E-02  .10884820E+04  .41945410E+07  .62575920E+06 -.23309770E-05  .23400390E+04
 .51836670E-02  .11453390E+04  .43285490E+07  .65617860E+06 -.21840900E-05  .23734240E+04
 .34883470E+03  .99360660E+05  .99744140E+03  .85869570E+04  .25449340E+07  .21414370E-01
 .80000000E+01  .00000000E+00  .20000000E+01  .14000000E+02  .18000000E+02  .11354960E+05
 .99744140E+03  .29685680E+03  .99360660E+05  .22436270E+07 -.17397410E-01  .41802860E+04
 .99832840E+03  .29290740E+03  .82847530E+05  .22117310E+07 -.14258800E-01  .41823150E+04
 .99903550E+03  .28901290E+03  .66554020E+05  .21763390E+07 -.10967040E-01  .41853900E+04
 .99955320E+03  .28517360E+03  .50477050E+05  .21376370E+07 -.74882190E-02  .41897780E+04
 .99987000E+03  .28138990E+03  .34613540E+05  .20959330E+07 -.37834610E-02  .41958120E+04
 .99997200E+03  .27766270E+03  .18960330E+05  .20516660E+07  .19160910E-03  .42038950E+04
 .99984260E+03  .27399290E+03  .35142440E+04  .20054300E+07  .44871480E-02  .42145170E+04
 .99946240E+03  .27038190E+03 -.11727970E+05  .19579860E+07  .91587740E-02  .42282700E+04
 .10025650E-02  .29685680E+03  .99360660E+05  .45257970E-03 -.56683560E-02  .41802860E+04
 .46697610E+02  .29685680E+03  .25449340E+07  .14366440E-01 -.56683560E-02  .18690390E+04
 .21414370E-01  .29685680E+03  .25449340E+07  .18202280E+06 -.11527320E-04  .18690390E+04
 .20779080E-01  .30588030E+03  .25618090E+07  .18747280E+06 -.11163480E-04  .18712860E+04
 .20163850E-01  .31516620E+03  .25791970E+07  .19306930E+06 -.10811130E-04  .18738030E+04
 .19568030E-01  .32472020E+03  .25971130E+07  .19881500E+06 -.10469790E-04  .18765980E+04
 .18991030E-01  .33454820E+03  .26155710E+07  .20471260E+06 -.10139050E-04  .18796800E+04
 .18432270E-01  .34465610E+03  .26345880E+07  .21076450E+06 -.98185070E-05  .18830560E+04
 .17891180E-01  .35504960E+03  .26541780E+07  .21697310E+06 -.95078020E-05  .18867350E+04
 .17367220E-01  .36573440E+03  .26743590E+07  .22334060E+06 -.92065860E-05  .18907240E+04
 .16859870E-01  .37671630E+03  .26951460E+07  .22986940E+06 -.89145370E-05  .18950300E+04
 .16368630E-01  .38800090E+03  .27165560E+07  .23656150E+06 -.86313510E-05  .18996610E+04
 .15893000E-01  .39959390E+03  .27386080E+07  .24341870E+06 -.83567470E-05  .19046230E+04
 .15432520E-01  .41150060E+03  .27613170E+07  .25044300E+06 -.80904540E-05  .19099230E+04
 .14986720E-01  .42372650E+03  .27847020E+07  .25763600E+06 -.78322200E-05  .19155680E+04
 .14555160E-01  .43627690E+03  .28087800E+07  .26499940E+06 -.75818060E-05  .19215650E+04
 .14555160E-01  .43627690E+03  .28087800E+07  .26499940E+06 -.75818060E-05  .19215650E+04
 .13676360E-01  .46428720E+03  .28627990E+07  .28135860E+06 -.70704920E-05  .19356270E+04
 .12856930E-01  .49386010E+03  .29202720E+07  .29851930E+06 -.65919790E-05  .19513900E+04
 .12093050E-01  .52504140E+03  .29813890E+07  .31649210E+06 -.61443820E-05  .19689060E+04
 .11381110E-01  .55787360E+03  .30463480E+07  .33528490E+06 -.57259720E-05  .19882160E+04
 .10717710E-01  .59239530E+03  .31153470E+07  .35490440E+06 -.53351500E-05  .20093500E+04
 .10099630E-01  .62864120E+03  .31885910E+07  .37535540E+06 -.49704220E-05  .20323190E+04
 .95238230E-02  .66664230E+03  .32662910E+07  .39664230E+06 -.46303910E-05  .20571130E+04
 .89874030E-02  .70642580E+03  .33486570E+07  .41876950E+06 -.43137360E-05  .20836910E+04
 .84876420E-02  .74801620E+03  .34359050E+07  .44174230E+06 -.40192080E-05  .21119810E+04
 .80219550E-02  .79143550E+03  .35282540E+07  .46556840E+06 -.37456150E-05  .21418700E+04
 .75879020E-02  .83670480E+03  .36259240E+07  .49025850E+06 -.34918210E-05  .21732000E+04
 .71831700E-02  .88384540E+03  .37291380E+07  .51582800E+06 -.32567360E-05  .22057610E+04
 .68055790E-02  .93288090E+03  .38381220E+07  .54229860E+06 -.30393170E-05  .22392860E+04
 .64530680E-02  .98383900E+03  .39531060E+07  .56970000E+06 -.28385650E-05  .22734440E+04
 .61236950E-02  .10367550E+04  .40743220E+07  .59807160E+06 -.26535230E-05  .23078340E+04
 .58156300E-02  .10916720E+04  .42020070E+07  .62746560E+06 -.24832810E-05  .23419740E+04
 .55271500E-02  .11486480E+04  .43364060E+07  .65794950E+06 -.23269810E-05  .23752940E+04
 .36356550E+03  .10374150E+06  .99717930E+03  .85644050E+04  .25468390E+07  .22724210E-01
 .80000000E+01  .00000000E+00  .20000000E+01  .14000000E+02  .18000000E+02  .11332410E+05
 .99717930E+03  .29790470E+03  .10374150E+06  .22514230E+07 -.18201400E-01  .41798960E+04
 .99811230E+03  .29394090E+03  .87170090E+05  .22204670E+07 -.15098000E-01  .41816890E+04
 .99886760E+03  .29003200E+03  .70819100E+05  .21859800E+07 -.11849630E-01  .41844650E+04
 .99943620E+03  .28617820E+03  .54685470E+05  .21481240E+07 -.84235720E-02  .41884780E+04
 .99980700E+03  .28237980E+03  .38766110E+05  .21071730E+07 -.47823180E-02  .41940430E+04
 .99996690E+03  .27863760E+03  .23057890E+05  .20635290E+07 -.88298220E-03  .42015430E+04
 .99990010E+03  .27495250E+03  .75576320E+04  .20177440E+07  .33230730E-02  .42114450E+04
 .99958800E+03  .27132600E+03 -.77378900E+04  .19705340E+07  .78901050E-02  .42243100E+04
 .10028290E-02  .29790470E+03  .10374150E+06  .40410340E-03 -.53659050E-02  .41798960E+04
 .44005930E+02  .29790470E+03  .25468390E+07  .12708900E-01 -.53659050E-02  .18699000E+04
 .22724210E-01  .29790470E+03  .25468390E+07  .18264310E+06 -.12230380E-04  .18699000E+04
 .22050180E-01  .30695600E+03  .25637740E+07  .18810960E+06 -.11844180E-04  .18721150E+04
 .21397430E-01  .31627040E+03  .25812230E+07  .19372290E+06 -.11470180E-04  .18746060E+04
 .20765300E-01  .32585380E+03  .25992010E+07  .19948580E+06 -.11107910E-04  .18773800E+04
 .20153140E-01  .33571200E+03  .26177240E+07  .20540070E+06 -.10756900E-04  .18804470E+04
 .19560330E-01  .34585090E+03  .26368060E+07  .21147030E+06 -.10416730E-04  .18838130E+04
 .18986270E-01  .35627620E+03  .26564650E+07  .21769690E+06 -.10087010E-04  .18874860E+04
 .18430390E-01  .36699360E+03  .26767150E+07  .22408280E+06 -.97673720E-05  .18914730E+04
 .17892140E-01  .37800890E+03  .26975730E+07  .23063010E+06 -.94574670E-05  .18957830E+04
 .17370980E-01  .38932760E+03  .27190570E+07  .23734100E+06 -.91569740E-05  .19004210E+04
 .16866390E-01  .40095550E+03  .27411840E+07  .24421730E+06 -.88655890E-05  .19053940E+04
 .16377870E-01  .41289780E+03  .27639700E+07  .25126090E+06 -.85830280E-05  .19107100E+04
 .15904930E-01  .42516010E+03  .27874340E+07  .25847340E+06 -.83090210E-05  .19163740E+04
 .15447110E-01  .43774750E+03  .28115940E+07  .26585650E+06 -.80433130E-05  .19223930E+04
 .15447110E-01  .43774750E+03  .28115940E+07  .26585650E+06 -.80433130E-05  .19223930E+04
 .14514820E-01  .46583930E+03  .28657940E+07  .28225850E+06 -.75007790E-05  .19365120E+04
 .13645530E-01  .49549660E+03  .29234580E+07  .29946270E+06 -.69930580E-05  .19523450E+04
 .12835170E-01  .52676500E+03  .29847780E+07  .31747950E+06 -.65181540E-05  .19699380E+04
 .12079930E-01  .55968650E+03  .30499480E+07  .33631680E+06 -.60742310E-05  .19893340E+04
 .11376190E-01  .59429960E+03  .31191700E+07  .35598090E+06 -.56595930E-05  .20105580E+04
 .10720520E-01  .63063880E+03  .31926490E+07  .37647690E+06 -.52726600E-05  .20336200E+04
 .10109700E-01  .66873470E+03  .32705940E+07  .39780890E+06 -.49119460E-05  .20585070E+04
 .95406590E-02  .70861460E+03  .33532170E+07  .41998150E+06 -.45760520E-05  .20851770E+04
 .90105060E-02  .75030260E+03  .34407340E+07  .44300010E+06 -.42636500E-05  .21135550E+04
 .85164940E-02  .79382060E+03  .35333630E+07  .46687230E+06 -.39734750E-05  .21435240E+04
 .80560320E-02  .83918980E+03  .36313250E+07  .49160930E+06 -.37043190E-05  .21749250E+04
 .76266630E-02  .88643150E+03  .37348430E+07  .51722660E+06 -.34550260E-05  .22075440E+04
 .72260750E-02  .93556940E+03  .38441440E+07  .54374640E+06 -.32244870E-05  .22411120E+04
 .68520790E-02  .98663170E+03  .39594570E+07  .57119890E+06 -.30116390E-05  .22752930E+04
 .65026150E-02  .10396530E+04  .40810140E+07  .59962400E+06 -.28154670E-05  .23096820E+04
 .61757390E-02  .10946790E+04  .42090540E+07  .62907470E+06 -.26350050E-05  .23437930E+04
 .58696210E-02  .11517690E+04  .43438200E+07  .65961930E+06 -.24693420E-05  .23770510E+04
 .37748440E+03  .10789510E+06  .99692080E+03  .85432110E+04  .25486450E+07  .24029370E-01
 .80000000E+01  .00000000E+00  .20000000E+01  .14000000E+02  .18000000E+02  .11311210E+05
 .99692080E+03  .29889840E+03  .10789510E+06  .22585620E+07 -.18953680E-01  .41795780E+04
 .99789680E+03  .29492110E+03  .91268420E+05  .22284960E+07 -.15881730E-01  .41811600E+04
 .99869700E+03  .29099850E+03  .74862930E+05  .21948750E+07 -.12672290E-01  .41836690E+04
 .99931290E+03  .28713090E+03  .58675570E+05  .21578360E+07 -.92937030E-02  .41873480E+04
 .99973410E+03  .28331870E+03  .42703240E+05  .21176220E+07 -.57097260E-02  .41924950E+04
 .99994780E+03  .27956240E+03  .26942830E+05  .20746010E+07 -.18788560E-02  .41994740E+04
 .99993900E+03  .27586310E+03  .11391180E+05  .20292880E+07  .22461030E-02  .42087290E+04
 .99968980E+03  .27222180E+03 -.39549180E+04  .19823560E+07  .67180640E-02  .42208000E+04
 .10030890E-02  .29889840E+03  .10789510E+06  .36326930E-03 -.50962680E-02  .41795780E+04
 .41615740E+02  .29889840E+03  .25486450E+07  .11324500E-01 -.50962680E-02  .18707360E+04
 .24029370E-01  .29889840E+03  .25486450E+07  .18323070E+06 -.12930810E-04  .18707360E+04
 .23316740E-01  .30797590E+03  .25656360E+07  .18871280E+06 -.12522300E-04  .18729190E+04
 .22626630E-01  .31731730E+03  .25831430E+07  .19434200E+06 -.12126740E-04  .18753830E+04
 .21958320E-01  .32692840E+03  .26011800E+07  .20012100E+06 -.11743590E-04  .18781360E+04
 .21311130E-01  .33681510E+03  .26197640E+07  .20605250E+06 -.11372390E-04  .18811860E+04
 .20684400E-01  .34698320E+03  .26389090E+07  .21213880E+06 -.11012660E-04  .18845400E+04
 .20077500E-01  .35743860E+03  .26586310E+07  .21838250E+06 -.10664000E-04  .18882070E+04
 .19489830E-01  .36818680E+03  .26789480E+07  .22478570E+06 -.10326000E-04  .18921920E+04
 .18920800E-01  .37923360E+03  .26998740E+07  .23135050E+06 -.99983060E-05  .18965040E+04
 .18369830E-01  .39058470E+03  .27214270E+07  .23807920E+06 -.96805680E-05  .19011480E+04
 .17836390E-01  .40224550E+03  .27436250E+07  .24497350E+06 -.93724660E-05  .19061320E+04
 .17319940E-01  .41422150E+03  .27664850E+07  .25203530E+06 -.90736960E-05  .19114610E+04
 .16819970E-01  .42651820E+03  .27900240E+07  .25926630E+06 -.87839730E-05  .19171420E+04
 .16335980E-01  .43914060E+03  .28142610E+07  .26666810E+06 -.85030290E-05  .19231820E+04
 .16335980E-01  .43914060E+03  .28142610E+07  .26666810E+06 -.85030290E-05  .19231820E+04
 .15350410E-01  .46730960E+03  .28686320E+07  .28311050E+06 -.79293900E-05  .19373550E+04
 .14431450E-01  .49704670E+03  .29264780E+07  .30035590E+06 -.73925730E-05  .19532520E+04
 .13574800E-01  .52839730E+03  .29879880E+07  .31841420E+06 -.68904620E-05  .19709190E+04
 .12776430E-01  .56140330E+03  .30533590E+07  .33729350E+06 -.64211230E-05  .19903950E+04
 .12032490E-01  .59610280E+03  .31227930E+07  .35699990E+06 -.59827620E-05  .20117050E+04
 .11339390E-01  .63253020E+03  .31964930E+07  .37753830E+06 -.55737100E-05  .20348540E+04
 .10693700E-01  .67071590E+03  .32746700E+07  .39891300E+06 -.51923950E-05  .20598300E+04
 .10092170E-01  .71068680E+03  .33575360E+07  .42112850E+06 -.48373390E-05  .20865860E+04
 .95317400E-02  .75246700E+03  .34453080E+07  .44419030E+06 -.45071360E-05  .21150450E+04
 .90095140E-02  .79607830E+03  .35382020E+07  .46810620E+06 -.42004480E-05  .21450910E+04
 .85227430E-02  .84154190E+03  .36364400E+07  .49288740E+06 -.39159960E-05  .21765580E+04
 .80688340E-02  .88887910E+03  .37402470E+07  .51855000E+06 -.36525570E-05  .22092320E+04
 .76453360E-02  .93811380E+03  .38498470E+07  .54511640E+06 -.34089560E-05  .22428380E+04
 .72499360E-02  .98927450E+03  .39654710E+07  .57261710E+06 -.31840680E-05  .22770400E+04
 .68804540E-02  .10423970E+04  .40873520E+07  .60109290E+06 -.29768180E-05  .23114260E+04
 .65348350E-02  .10975260E+04  .42157270E+07  .63059730E+06 -.27861850E-05  .23455090E+04
 .62111430E-02  .11547220E+04  .43508410E+07  .66119960E+06 -.26112050E-05  .23787050E+04
 .39067940E+03  .11184550E+06  .99666610E+03  .85232220E+04  .25503600E+07  .25330120E-01
 .80000000E+01  .00000000E+00  .20000000E+01  .14000000E+02  .18000000E+02  .11291220E+05
 .99666610E+03  .29984360E+03  .11184550E+06  .22651230E+07 -.19660590E-01  .41793180E+04
 .99768240E+03  .29585330E+03  .95166250E+05  .22359040E+07 -.16616880E-01  .41807110E+04
 .99852480E+03  .29191780E+03  .78708920E+05  .22031130E+07 -.13442520E-01  .41829820E+04
 .99918500E+03  .28803720E+03  .62470440E+05  .21668610E+07 -.10106880E-01  .41863610E+04
 .99965310E+03  .28421190E+03  .46447720E+05  .21273670E+07 -.65748370E-02  .41911310E+04
 .99991690E+03  .28044240E+03  .30637660E+05  .20849670E+07 -.28061790E-02  .41976410E+04
 .99996210E+03  .27672960E+03  .15037110E+05  .20401390E+07  .12449230E-02  .42063160E+04
 .99977130E+03  .27307450E+03 -.35712900E+03  .19935190E+07  .56300680E-02  .42176690E+04
 .10033450E-02  .29984360E+03  .11184550E+06  .32852900E-03 -.48542860E-02  .41793180E+04
 .39478680E+02  .29984360E+03  .25503600E+07  .10156190E-01 -.48542860E-02  .18715500E+04
 .25330120E-01  .29984360E+03  .25503600E+07  .18378900E+06 -.13628750E-04  .18715500E+04
 .24579040E-01  .30894580E+03  .25674050E+07  .18928590E+06 -.13198000E-04  .18737010E+04
 .23851690E-01  .31831270E+03  .25849670E+07  .19493030E+06 -.12780940E-04  .18761370E+04
 .23147330E-01  .32795010E+03  .26030610E+07  .20072470E+06 -.12376990E-04  .18788680E+04
 .22465230E-01  .33786390E+03  .26217030E+07  .20667170E+06 -.11985650E-04  .18819010E+04
 .21804710E-01  .34805980E+03  .26409070E+07  .21277400E+06 -.11606440E-04  .18852430E+04
 .21165100E-01  .35854360E+03  .26606910E+07  .21903380E+06 -.11238890E-04  .18889010E+04
 .20545750E-01  .36932100E+03  .26810700E+07  .22545330E+06 -.10882600E-04  .18928840E+04
 .19946040E-01  .38039780E+03  .27020610E+07  .23203490E+06 -.10537170E-04  .18971960E+04
 .19365390E-01  .39177950E+03  .27236800E+07  .23878040E+06 -.10202250E-04  .19018450E+04
 .18803200E-01  .40347160E+03  .27459460E+07  .24569190E+06 -.98774890E-05  .19068380E+04
 .18258920E-01  .41547960E+03  .27688750E+07  .25277100E+06 -.95625670E-05  .19121800E+04
 .17732010E-01  .42780880E+03  .27924850E+07  .26001950E+06 -.92571850E-05  .19178770E+04
 .17221950E-01  .44046440E+03  .28167950E+07  .26743890E+06 -.89610580E-05  .19239360E+04
 .17221950E-01  .44046440E+03  .28167950E+07  .26743890E+06 -.89610580E-05  .19239360E+04
 .16183300E-01  .46870660E+03  .28713300E+07  .28391980E+06 -.83564250E-05  .19381590E+04
 .15214850E-01  .49851950E+03  .29293480E+07  .30120410E+06 -.77906120E-05  .19541170E+04
 .14312090E-01  .52994810E+03  .29910400E+07  .31930190E+06 -.72613920E-05  .19718540E+04
 .13470740E-01  .56303420E+03  .30566020E+07  .33822100E+06 -.67667270E-05  .19914060E+04
 .12686770E-01  .59781580E+03  .31262360E+07  .35796740E+06 -.63047300E-05  .20127960E+04
 .11956360E-01  .63432680E+03  .32001470E+07  .37854610E+06 -.58736390E-05  .20360290E+04
 .11275920E-01  .67259750E+03  .32785440E+07  .39996130E+06 -.54718020E-05  .20610870E+04
 .10642020E-01  .71265470E+03  .33616420E+07  .42221740E+06 -.50976560E-05  .20879250E+04
 .10051440E-01  .75452230E+03  .34496540E+07  .44532020E+06 -.47497210E-05  .21164620E+04
 .95011010E-02  .79822220E+03  .35428000E+07  .46927740E+06 -.44265860E-05  .21465790E+04
 .89881190E-02  .84377520E+03  .36413010E+07  .49410070E+06 -.41269010E-05  .21781080E+04
 .85097570E-02  .89120300E+03  .37453810E+07  .51980620E+06 -.38493740E-05  .22108330E+04
 .80634330E-02  .94052960E+03  .38552660E+07  .54641680E+06 -.35927650E-05  .22444760E+04
 .76467050E-02  .99178360E+03  .39711850E+07  .57396340E+06 -.33558890E-05  .22786950E+04
 .72572750E-02  .10450010E+04  .40933730E+07  .60248730E+06 -.31376110E-05  .23130790E+04
 .68929770E-02  .11002280E+04  .42220660E+07  .63204280E+06 -.29368530E-05  .23471320E+04
 .65517700E-02  .11575250E+04  .43575100E+07  .66270000E+06 -.27525990E-05  .23802700E+04
