 .39067940E+03  .11184550E+06  .99666610E+03  .85232220E+04  .25503600E+07  .25330120E-01
 .10000000E+02  .30000000E+01  .20000000E+01  .14000000E+02  .17000000E+02  .11171220E+05
 .99666610E+03  .29984360E+03  .11184550E+06  .22651230E+07 -.19660590E-01  .41793180E+04
 .99768240E+03  .29585330E+03  .95166250E+05  .22359040E+07 -.16616880E-01  .41807110E+04
 .99852480E+03  .29191780E+03  .78708920E+05  .22031130E+07 -.13442520E-01  .41829820E+04
 .99918500E+03  .28803720E+03  .62470440E+05  .21668610E+07 -.10106880E-01  .41863610E+04
 .99965310E+03  .28421190E+03  .46447720E+05  .21273670E+07 -.65748370E-02  .41911310E+04
 .99991690E+03  .28044240E+03  .30637660E+05  .20849670E+07 -.28061790E-02  .41976410E+04
 .99996210E+03  .27672960E+03  .15037110E+05  .20401390E+07  .12449230E-02  .42063160E+04
 .99977130E+03  .27307450E+03 -.35712900E+03  .19935190E+07  .56300680E-02  .42176690E+04
 .99932420E+03  .26947860E+03 -.15548340E+05  .19459120E+07  .10406110E-01  .42323180E+04
 .99859740E+03  .26594400E+03 -.30539880E+05  .18983090E+07  .15633640E-01  .42510030E+04
 .99859740E+03  .26594400E+03 -.30539880E+05  .18983090E+07  .15633640E-01  .42510030E+04
 .99505360E+03  .25679690E+03 -.69739390E+05  .17806170E+07  .32320870E-01  .43282010E+04
 .98867160E+03  .24817020E+03 -.10760490E+06  .17029010E+07  .53560310E-01  .44642690E+04
 .10033450E-02  .29984360E+03  .11184550E+06  .32852900E-03 -.48542860E-02  .41793180E+04
 .39478680E+02  .29984360E+03  .25503600E+07  .10156190E-01 -.48542860E-02  .18715500E+04
 .25330120E-01  .29984360E+03  .25503600E+07  .18378900E+06 -.13628750E-04  .18715500E+04
 .24579040E-01  .30894580E+03  .25674050E+07  .18928590E+06 -.13198000E-04  .18737010E+04
 .23851690E-01  .31831270E+03  .25849670E+07  .19493030E+06 -.12780940E-04  .18761370E+04
 .23147330E-01  .32795010E+03  .26030610E+07  .20072470E+06 -.12376990E-04  .18788680E+04
 .22465230E-01  .33786390E+03  .26217030E+07  .20667170E+06 -.11985650E-04  .18819010E+04
 .21804710E-01  .34805980E+03  .26409070E+07  .21277400E+06 -.11606440E-04  .18852430E+04
 .21165100E-01  .35854360E+03  .26606910E+07  .21903380E+06 -.11238890E-04  .18889010E+04
 .20545750E-01  .36932100E+03  .26810700E+07  .22545330E+06 -.10882600E-04  .18928840E+04
 .19946040E-01  .38039780E+03  .27020610E+07  .23203490E+06 -.10537170E-04  .18971960E+04
 .19365390E-01  .39177950E+03  .27236800E+07  .23878040E+06 -.10202250E-04  .19018450E+04
 .18803200E-01  .40347160E+03  .27459460E+07  .24569190E+06 -.98774890E-05  .19068380E+04
 .18258920E-01  .41547960E+03  .27688750E+07  .25277100E+06 -.95625670E-05  .19121800E+04
 .17732010E-01  .42780880E+03  .27924850E+07  .26001950E+06 -.92571850E-05  .19178770E+04
 .17221950E-01  .44046440E+03  .28167950E+07  .26743890E+06 -.89610580E-05  .19239360E+04
 .17221950E-01  .44046440E+03  .28167950E+07  .26743890E+06 -.89610580E-05  .19239360E+04
 .16183300E-01  .46870660E+03  .28713300E+07  .28391980E+06 -.83564250E-05  .19381590E+04
 .15214850E-01  .49851950E+03  .29293480E+07  .30120410E+06 -.77906120E-05  .19541170E+04
 .14312090E-01  .52994810E+03  .29910400E+07  .31930190E+06 -.72613920E-05  .19718540E+04
 .13470740E-01  .56303420E+03  .30566020E+07  .33822100E+06 -.67667270E-05  .19914060E+04
 .12686770E-01  .59781580E+03  .31262360E+07  .35796740E+06 -.63047300E-05  .20127960E+04
 .11956360E-01  .63432680E+03  .32001470E+07  .37854610E+06 -.58736390E-05  .20360290E+04
 .11275920E-01  .67259750E+03  .32785440E+07  .39996130E+06 -.54718020E-05  .20610870E+04
 .10642020E-01  .71265470E+03  .33616420E+07  .42221740E+06 -.50976560E-05  .20879250E+04
 .10051440E-01  .75452230E+03  .34496540E+07  .44532020E+06 -.47497210E-05  .21164620E+04
 .95011010E-02  .79822220E+03  .35428000E+07  .46927740E+06 -.44265860E-05  .21465790E+04
 .89881190E-02  .84377520E+03  .36413010E+07  .49410070E+06 -.41269010E-05  .21781080E+04
 .85097570E-02  .89120300E+03  .37453810E+07  .51980620E+06 -.38493740E-05  .22108330E+04
 .80634330E-02  .94052960E+03  .38552660E+07  .54641680E+06 -.35927650E-05  .22444760E+04
 .76467050E-02  .99178360E+03  .39711850E+07  .57396340E+06 -.33558890E-05  .22786950E+04
 .72572750E-02  .10450010E+04  .40933730E+07  .60248730E+06 -.31376110E-05  .23130790E+04
 .68929770E-02  .11002280E+04  .42220660E+07  .63204280E+06 -.29368530E-05  .23471320E+04
 .41641140E+03  .11958530E+06  .99614280E+03  .84845230E+04  .25537190E+07  .28055190E-01
 .10000000E+02  .30000000E+01  .20000000E+01  .14000000E+02  .17000000E+02  .11132520E+05
 .99614280E+03  .30169550E+03  .11958530E+06  .22773440E+07 -.21022880E-01  .41789200E+04
 .99723680E+03  .29768000E+03  .10280300E+06  .22497790E+07 -.18030030E-01  .41799730E+04
 .99816000E+03  .29371930E+03  .86244110E+05  .22186210E+07 -.14919270E-01  .41818150E+04
 .99890500E+03  .28981350E+03  .69905450E+05  .21839390E+07 -.11661820E-01  .41846530E+04
 .99946280E+03  .28596270E+03  .53783970E+05  .21459000E+07 -.82247020E-02  .41887440E+04
 .99982210E+03  .28216750E+03  .37876580E+05  .21047850E+07 -.45701180E-02  .41944070E+04
 .99996970E+03  .27842850E+03  .22180160E+05  .20610040E+07 -.65486800E-03  .42020280E+04
 .99988970E+03  .27474670E+03  .66915200E+04  .20151180E+07  .35700140E-02  .42120810E+04
 .99956310E+03  .27112350E+03 -.85925690E+04  .19678520E+07  .81590820E-02  .42251310E+04
 .99896800E+03  .26756040E+03 -.23675430E+05  .19201120E+07  .13171480E-01  .42418610E+04
 .99896800E+03  .26756040E+03 -.23675430E+05  .19201120E+07  .13171480E-01  .42418610E+04
 .99584440E+03  .25833110E+03 -.63111380E+05  .17989720E+07  .29150630E-01  .43115310E+04
 .98999870E+03  .24960950E+03 -.10120010E+06  .17116560E+07  .49581940E-01  .44354370E+04
 .10038720E-02  .30169550E+03  .11958530E+06  .27040040E-03 -.44177650E-02  .41789200E+04
 .35644020E+02  .30169550E+03  .25537190E+07  .82235350E-02 -.44177650E-02  .18731990E+04
 .28055190E-01  .30169550E+03  .25537190E+07  .18488150E+06 -.15090540E-04  .18731990E+04
 .27223560E-01  .31084590E+03  .25708690E+07  .19040730E+06 -.14613180E-04  .18752800E+04
 .26418230E-01  .32026260E+03  .25885390E+07  .19608110E+06 -.14151050E-04  .18776580E+04
 .25638370E-01  .32995120E+03  .26067430E+07  .20190550E+06 -.13703510E-04  .18803400E+04
 .24883180E-01  .33991760E+03  .26254980E+07  .20788300E+06 -.13269990E-04  .18833340E+04
 .24151880E-01  .35016770E+03  .26448190E+07  .21401630E+06 -.12849930E-04  .18866480E+04
 .23443740E-01  .36070710E+03  .26647230E+07  .22030770E+06 -.12442830E-04  .18902880E+04
 .22758050E-01  .37154150E+03  .26852240E+07  .22675930E+06 -.12048220E-04  .18942610E+04
 .22094120E-01  .38267670E+03  .27063410E+07  .23337340E+06 -.11665650E-04  .18985730E+04
 .21451280E-01  .39411810E+03  .27280900E+07  .24015190E+06 -.11294730E-04  .19032300E+04
 .20828900E-01  .40587130E+03  .27504880E+07  .24709670E+06 -.10935080E-04  .19082380E+04
 .20226350E-01  .41794170E+03  .27735530E+07  .25420970E+06 -.10586320E-04  .19136020E+04
 .19643030E-01  .43033450E+03  .27973030E+07  .26149230E+06 -.10248140E-04  .19193290E+04
 .19078360E-01  .44305500E+03  .28217570E+07  .26894630E+06 -.99202100E-05  .19254230E+04
 .19078360E-01  .44305500E+03  .28217570E+07  .26894630E+06 -.99202100E-05  .19254230E+04
 .17928560E-01  .47144000E+03  .28766110E+07  .28550200E+06 -.92506570E-05  .19397420E+04
 .16856490E-01  .50140070E+03  .29349650E+07  .30286240E+06 -.86241130E-05  .19558180E+04
 .15857150E-01  .53298170E+03  .29970120E+07  .32103720E+06 -.80381170E-05  .19736900E+04
 .14925810E-01  .56622420E+03  .30629470E+07  .34003390E+06 -.74904130E-05  .19933900E+04
 .14058000E-01  .60116570E+03  .31329740E+07  .35985850E+06 -.69789150E-05  .20149360E+04
 .13249500E-01  .63783990E+03  .32072960E+07  .38051570E+06 -.65016760E-05  .20383300E+04
 .12496300E-01  .67627660E+03  .32861260E+07  .40200970E+06 -.60568650E-05  .20635500E+04
 .11794620E-01  .71650210E+03  .33696740E+07  .42434520E+06 -.56427540E-05  .20905460E+04
 .11140880E-01  .75854020E+03  .34581590E+07  .44752780E+06 -.52576990E-05  .21192340E+04
 .10531680E-01  .80241270E+03  .35517970E+07  .47156580E+06 -.49001360E-05  .21494890E+04
 .99638060E-02  .84814020E+03  .36508120E+07  .49647110E+06 -.45685670E-05  .21811380E+04
 .94342360E-02  .89574470E+03  .37554260E+07  .52226040E+06 -.42615580E-05  .22139600E+04
 .89401040E-02  .94525040E+03  .38658670E+07  .54895730E+06 -.39777350E-05  .22476710E+04
 .84787060E-02  .99668660E+03  .39823630E+07  .57659360E+06 -.37157780E-05  .22819240E+04
 .80474930E-02  .10500900E+04  .41051500E+07  .60521170E+06 -.34744310E-05  .23162980E+04
 .76440660E-02  .11055080E+04  .42344660E+07  .63486710E+06 -.32524970E-05  .23502910E+04
 .43980100E+03  .12666200E+06  .99563700E+03  .84496730E+04  .25567850E+07  .30763670E-01
 .10000000E+02  .30000000E+01  .20000000E+01  .14000000E+02  .17000000E+02  .11097670E+05
 .99563700E+03  .30338890E+03  .12666200E+06  .22877940E+07 -.22244110E-01  .41786730E+04
 .99680040E+03  .29935050E+03  .10978560E+06  .22617330E+07 -.19292910E-01  .41794460E+04
 .99779580E+03  .29536690E+03  .93133730E+05  .22320710E+07 -.16234680E-01  .41809360E+04
 .99861620E+03  .29143820E+03  .76703440E+05  .21988470E+07 -.13042270E-01  .41833300E+04
 .99925340E+03  .28756440E+03  .60491620E+05  .21621830E+07 -.96845020E-02  .41868620E+04
 .99969710E+03  .28374590E+03  .44495200E+05  .21223100E+07 -.61256840E-02  .41918260E+04
 .99993500E+03  .27998330E+03  .28711040E+05  .20795830E+07 -.23249340E-02  .41985770E+04
 .99995210E+03  .27627750E+03  .13136000E+05  .20344970E+07  .17642910E-02  .42075510E+04
 .99973100E+03  .27262960E+03 -.22331190E+04  .19877080E+07  .61942800E-02  .42192730E+04
 .99925100E+03  .26904110E+03 -.17399620E+05  .19400440E+07  .11022450E-01  .42343750E+04
 .99925100E+03  .26904110E+03 -.17399620E+05  .19400440E+07  .11022450E-01  .42343750E+04
 .99649390E+03  .25973860E+03 -.57052290E+05  .18164980E+07  .26384660E-01  .42977460E+04
 .99111740E+03  .25093290E+03 -.95346000E+05  .17215290E+07  .46084030E-01  .44113980E+04
 .10043820E-02  .30338890E+03  .12666200E+06  .22687500E-03 -.40581010E-02  .41786730E+04
 .32505870E+02  .30338890E+03  .25567850E+07  .67976230E-02 -.40581010E-02  .18747720E+04
 .30763670E-01  .30338890E+03  .25567850E+07  .18587860E+06 -.16542960E-04  .18747720E+04
 .29852010E-01  .31258310E+03  .25740310E+07  .19143070E+06 -.16019220E-04  .18767820E+04
 .28969200E-01  .32204480E+03  .25918000E+07  .19713130E+06 -.15512270E-04  .18790990E+04
 .28114330E-01  .33177980E+03  .26101060E+07  .20298290E+06 -.15021400E-04  .18817300E+04
 .27286520E-01  .34179410E+03  .26289640E+07  .20898830E+06 -.14545950E-04  .18846840E+04
 .26484910E-01  .35209340E+03  .26483920E+07  .21514980E+06 -.14085300E-04  .18879680E+04
 .25708700E-01  .36268330E+03  .26684040E+07  .22146990E+06 -.13638880E-04  .18915860E+04
 .24957100E-01  .37356950E+03  .26890180E+07  .22795070E+06 -.13206180E-04  .18955460E+04
 .24229360E-01  .38475780E+03  .27102500E+07  .23459430E+06 -.12786710E-04  .18998540E+04
 .23524750E-01  .39625360E+03  .27321160E+07  .24140290E+06 -.12380020E-04  .19045150E+04
 .22842570E-01  .40806230E+03  .27546360E+07  .24837810E+06 -.11985690E-04  .19095350E+04
 .22182130E-01  .42018950E+03  .27778250E+07  .25552180E+06 -.11603320E-04  .19149180E+04
 .21542780E-01  .43264020E+03  .28017030E+07  .26283560E+06 -.11232540E-04  .19206700E+04
 .20923880E-01  .44541970E+03  .28262870E+07  .27032090E+06 -.10873010E-04  .19267950E+04
 .20923880E-01  .44541970E+03  .28262870E+07  .27032090E+06 -.10873010E-04  .19267950E+04
 .19663640E-01  .47393480E+03  .28814330E+07  .28694480E+06 -.10138950E-04  .19411990E+04
 .18488640E-01  .50402990E+03  .29400950E+07  .30437450E+06 -.94520620E-05  .19573800E+04
 .17393370E-01  .53574950E+03  .30024650E+07  .32261930E+06 -.88096520E-05  .19753740E+04
 .16372650E-01  .56913430E+03  .30687410E+07  .34168660E+06 -.82092530E-05  .19952080E+04
 .15421560E-01  .60422140E+03  .31391250E+07  .36158220E+06 -.76485790E-05  .20168960E+04
 .14535480E-01  .64104390E+03  .32138240E+07  .38231070E+06 -.71254990E-05  .20404360E+04
 .13710020E-01  .67963150E+03  .32930470E+07  .40387640E+06 -.66380060E-05  .20658020E+04
 .12941010E-01  .72001010E+03  .33770070E+07  .42628390E+06 -.61842040E-05  .20929410E+04
 .12224530E-01  .76220320E+03  .34659220E+07  .44953910E+06 -.57622900E-05  .21217640E+04
 .11556860E-01  .80623250E+03  .35600090E+07  .47365060E+06 -.53705460E-05  .21521430E+04
 .10934460E-01  .85211870E+03  .36594920E+07  .49863040E+06 -.50073270E-05  .21839000E+04
 .10354020E-01  .89988380E+03  .37645930E+07  .52449610E+06 -.46710570E-05  .22168080E+04
 .98123900E-02  .94955250E+03  .38755400E+07  .55127160E+06 -.43602250E-05  .22505780E+04
 .93066070E-02  .10011540E+04  .39925630E+07  .57898970E+06 -.40733840E-05  .22848580E+04
 .88338740E-02  .10547270E+04  .41158960E+07  .60769380E+06 -.38091530E-05  .23192190E+04
 .83915580E-02  .11103190E+04  .42457780E+07  .63744060E+06 -.35662180E-05  .23531530E+04
 .46125340E+03  .13318760E+06  .99514800E+03  .84179790E+04  .25596090E+07  .33457100E-01
 .10000000E+02  .30000000E+01  .20000000E+01  .14000000E+02  .17000000E+02  .11065980E+05
 .99514800E+03  .30495050E+03  .13318760E+06  .22968310E+07 -.23351390E-01  .41785330E+04
 .99637450E+03  .30089110E+03  .11622430E+06  .22721430E+07 -.20434780E-01  .41790730E+04
 .99743490E+03  .29688650E+03  .99486760E+05  .22438610E+07 -.17420570E-01  .41802680E+04
 .99832320E+03  .29293670E+03  .82971970E+05  .22119920E+07 -.14283010E-01  .41822910E+04
 .99903170E+03  .28904180E+03  .66676820E+05  .21766240E+07 -.10992550E-01  .41853560E+04
 .99955100E+03  .28520210E+03  .50598250E+05  .21379460E+07 -.75152980E-02  .41897330E+04
 .99986930E+03  .28141800E+03  .34733140E+05  .20962610E+07 -.38124180E-02  .41957520E+04
 .99997290E+03  .27769030E+03  .19078380E+05  .20520110E+07  .16042050E-03  .42038170E+04
 .99984530E+03  .27402010E+03  .36307580E+04  .20057860E+07  .44533340E-02  .42144170E+04
 .99946710E+03  .27040870E+03 -.11612970E+05  .19583470E+07  .91219050E-02  .42281430E+04
 .99946710E+03  .27040870E+03 -.11612970E+05  .19583470E+07  .91219050E-02  .42281430E+04
 .99703380E+03  .26104010E+03 -.51465910E+05  .18331640E+07  .23941880E-01  .42861630E+04
 .99207280E+03  .25215900E+03 -.89949340E+05  .17320200E+07  .42976780E-01  .43910450E+04
 .10048760E-02  .30495050E+03  .13318760E+06  .19338280E-03 -.37563210E-02  .41785330E+04
 .29889020E+02  .30495050E+03  .25596090E+07  .57151410E-02 -.37563210E-02  .18762810E+04
 .33457100E-01  .30495050E+03  .25596090E+07  .18679650E+06 -.17986870E-04  .18762810E+04
 .32465880E-01  .31418460E+03  .25769440E+07  .19237270E+06 -.17416980E-04  .18782180E+04
 .31506060E-01  .32368760E+03  .25948030E+07  .19809780E+06 -.16865450E-04  .18804730E+04
 .30576630E-01  .33346520E+03  .26132020E+07  .20397450E+06 -.16331470E-04  .18830520E+04
 .29676620E-01  .34352330E+03  .26321560E+07  .21000540E+06 -.15814300E-04  .18859640E+04
 .28805120E-01  .35386760E+03  .26516820E+07  .21619280E+06 -.15313280E-04  .18892150E+04
 .27961240E-01  .36450380E+03  .26717950E+07  .22253930E+06 -.14827770E-04  .18928100E+04
 .27144130E-01  .37543770E+03  .26925120E+07  .22904690E+06 -.14357200E-04  .18967550E+04
 .26352970E-01  .38667460E+03  .27138500E+07  .23571770E+06 -.13901040E-04  .19010570E+04
 .25586960E-01  .39822030E+03  .27358250E+07  .24255380E+06 -.13458780E-04  .19057190E+04
 .24845340E-01  .41008000E+03  .27584560E+07  .24955700E+06 -.13029970E-04  .19107470E+04
 .24127360E-01  .42225920E+03  .27817600E+07  .25672890E+06 -.12614170E-04  .19161450E+04
 .23432310E-01  .43476310E+03  .28057550E+07  .26407120E+06 -.12210990E-04  .19219180E+04
 .22759500E-01  .44759680E+03  .28304600E+07  .27158540E+06 -.11820040E-04  .19280710E+04
 .22759500E-01  .44759680E+03  .28304600E+07  .27158540E+06 -.11820040E-04  .19280710E+04
 .21389510E-01  .47623120E+03  .28858740E+07  .28827190E+06 -.11021850E-04  .19425500E+04
 .20112200E-01  .50644980E+03  .29448190E+07  .30576510E+06 -.10274970E-04  .19588260E+04
 .18921590E-01  .53829660E+03  .30074870E+07  .32407410E+06 -.95764840E-05  .19769310E+04
 .17812020E-01  .57181200E+03  .30740760E+07  .34320620E+06 -.89237010E-05  .19968870E+04
 .16778170E-01  .60703270E+03  .31447900E+07  .36316690E+06 -.83141470E-05  .20187050E+04
 .15814990E-01  .64399130E+03  .32198340E+07  .38396080E+06 -.77455030E-05  .20423780E+04
 .14917700E-01  .68271730E+03  .32994190E+07  .40559230E+06 -.72155910E-05  .20678780E+04
 .14081780E-01  .72323630E+03  .33837580E+07  .42806580E+06 -.67223480E-05  .20951480E+04
 .13302950E-01  .76557170E+03  .34730680E+07  .45138770E+06 -.62638120E-05  .21240940E+04
 .12577150E-01  .80974470E+03  .35675680E+07  .47556650E+06 -.58381120E-05  .21545840E+04
 .11900560E-01  .85577650E+03  .36674810E+07  .50061480E+06 -.54434540E-05  .21864380E+04
 .11269550E-01  .90368890E+03  .37730300E+07  .52655060E+06 -.50781230E-05  .22194230E+04
 .10680700E-01  .95350700E+03  .38844430E+07  .55339830E+06 -.47404720E-05  .22532460E+04
 .10130790E-01  .10052610E+04  .40019490E+07  .58119160E+06 -.44289250E-05  .22875470E+04
 .96167750E-02  .10589890E+04  .41257840E+07  .60997480E+06 -.41419760E-05  .23218930E+04
 .91357900E-02  .11147410E+04  .42561880E+07  .63980580E+06 -.38781980E-05  .23557690E+04
 .48107640E+03  .13924740E+06  .99467520E+03  .83889230E+04  .25622280E+07  .36136790E-01
 .10000000E+02  .30000000E+01  .20000000E+01  .14000000E+02  .17000000E+02  .11036920E+05
 .99467520E+03  .30640060E+03  .13924740E+06  .23047200E+07 -.24364710E-01  .41784730E+04
 .99595920E+03  .30232170E+03  .12220340E+06  .22812940E+07 -.21477190E-01  .41788130E+04
 .99707900E+03  .29829780E+03  .10538630E+06  .22542870E+07 -.18500280E-01  .41797590E+04
 .99802910E+03  .29432860E+03  .88793020E+05  .22236810E+07 -.15409560E-01  .41814660E+04
 .99880220E+03  .29041430E+03  .72420470E+05  .21895360E+07 -.12176880E-01  .41841350E+04
 .99938960E+03  .28655500E+03  .56265590E+05  .21520010E+07 -.87699230E-02  .41880130E+04
 .99978060E+03  .28275110E+03  .40325280E+05  .21113380E+07 -.51516910E-02  .41934080E+04
 .99996190E+03  .27900340E+03  .24596410E+05  .20679360E+07 -.12798510E-02  .42006980E+04
 .99991830E+03  .27531260E+03  .90758360E+04  .20223320E+07  .28936670E-02  .42103390E+04
 .99963120E+03  .27168020E+03 -.62396880E+04  .19752240E+07  .74225970E-02  .42228830E+04
 .99963120E+03  .27168020E+03 -.62396880E+04  .19752240E+07  .74225970E-02  .42228830E+04
 .99748680E+03  .26225160E+03 -.46278940E+05  .18489860E+07  .21762260E-01  .42762990E+04
 .99289720E+03  .25330220E+03 -.84939090E+05  .17428130E+07  .40192240E-01  .43735900E+04
 .10053530E-02  .30640060E+03  .13924740E+06  .16702250E-03 -.34992620E-02  .41784730E+04
 .27672630E+02  .30640060E+03  .25622280E+07  .48737340E-02 -.34992620E-02  .18777320E+04
 .36136790E-01  .30640060E+03  .25622280E+07  .18764730E+06 -.19423000E-04  .18777320E+04
 .35066440E-01  .31567160E+03  .25796450E+07  .19324580E+06 -.18807170E-04  .18795970E+04
 .34030010E-01  .32521260E+03  .25975880E+07  .19899370E+06 -.18211250E-04  .18817880E+04
 .33026420E-01  .33502940E+03  .26160740E+07  .20489360E+06 -.17634370E-04  .18843150E+04
 .32054620E-01  .34512800E+03  .26351170E+07  .21094800E+06 -.17075700E-04  .18871840E+04
 .31113620E-01  .35551390E+03  .26547330E+07  .21715950E+06 -.16534510E-04  .18904000E+04
 .30202440E-01  .36619290E+03  .26749400E+07  .22353030E+06 -.16010110E-04  .18939700E+04
 .29320180E-01  .37717060E+03  .26957520E+07  .23006270E+06 -.15501870E-04  .18978980E+04
 .28465940E-01  .38845260E+03  .27171880E+07  .23675870E+06 -.15009200E-04  .19021910E+04
 .27638870E-01  .40004430E+03  .27392650E+07  .24362030E+06 -.14531570E-04  .19068510E+04
 .26838140E-01  .41195120E+03  .27619990E+07  .25064920E+06 -.14068460E-04  .19118850E+04
 .26062940E-01  .42417860E+03  .27854090E+07  .25784730E+06 -.13619420E-04  .19172960E+04
 .25312510E-01  .43673160E+03  .28095130E+07  .26521600E+06 -.13184010E-04  .19230880E+04
 .24586090E-01  .44961530E+03  .28343300E+07  .27275680E+06 -.12761810E-04  .19292640E+04
 .24586090E-01  .44961530E+03  .28343300E+07  .27275680E+06 -.12761810E-04  .19292640E+04
 .23106960E-01  .47836010E+03  .28899920E+07  .28950130E+06 -.11899830E-04  .19438110E+04
 .21727910E-01  .50869290E+03  .29492000E+07  .30705320E+06 -.11093290E-04  .19601750E+04
 .20442480E-01  .54065740E+03  .30121440E+07  .32542160E+06 -.10339020E-04  .19783810E+04
 .19244570E-01  .57429360E+03  .30790240E+07  .34461340E+06 -.96341350E-05  .19984490E+04
 .18128420E-01  .60963760E+03  .31500430E+07  .36463430E+06 -.89759680E-05  .20203860E+04
 .17088570E-01  .64672210E+03  .32254070E+07  .38548870E+06 -.83620170E-05  .20441820E+04
 .16119860E-01  .68557600E+03  .33053270E+07  .40718090E+06 -.77899280E-05  .20698050E+04
 .15217400E-01  .72622470E+03  .33900170E+07  .42971550E+06 -.72574730E-05  .20971940E+04
 .14376560E-01  .76869140E+03  .34796940E+07  .45309890E+06 -.67625310E-05  .21262540E+04
 .13592970E-01  .81299740E+03  .35745760E+07  .47734000E+06 -.63030770E-05  .21568460E+04
 .12862480E-01  .85916360E+03  .36748870E+07  .50245170E+06 -.58771750E-05  .21887890E+04
 .12181180E-01  .90721220E+03  .37808510E+07  .52845220E+06 -.54829660E-05  .22218430E+04
 .11545380E-01  .95716850E+03  .38926950E+07  .55536690E+06 -.51186690E-05  .22557110E+04
 .10951570E-01  .10090630E+04  .40106490E+07  .58322990E+06 -.47825780E-05  .22900300E+04
 .10396490E-01  .10629350E+04  .41349490E+07  .61208640E+06 -.44730650E-05  .23243600E+04
 .98770380E-02  .11188350E+04  .42658340E+07  .64199550E+06 -.41885880E-05  .23581790E+04
 .49950880E+03  .14490790E+06  .99421770E+03  .83621010E+04  .25646710E+07  .38803800E-01
 .10000000E+02  .30000000E+01  .20000000E+01  .14000000E+02  .17000000E+02  .11010100E+05
 .99421770E+03  .30775520E+03  .14490790E+06  .23116620E+07 -.25299250E-01  .41784710E+04
 .99555460E+03  .30365830E+03  .12778860E+06  .22894000E+07 -.22436420E-01  .41786400E+04
 .99672910E+03  .29961620E+03  .11089720E+06  .22635760E+07 -.19491460E-01  .41793710E+04
 .99773570E+03  .29562900E+03  .94230560E+05  .22341530E+07 -.16441130E-01  .41808080E+04
 .99856800E+03  .29169660E+03  .77785700E+05  .22011610E+07 -.13258540E-01  .41831350E+04
 .99921770E+03  .28781920E+03  .61559520E+05  .21647180E+07 -.99127910E-02  .41865830E+04
 .99967450E+03  .28399700E+03  .45548920E+05  .21250480E+07 -.63685090E-02  .41914410E+04
 .99992650E+03  .28023070E+03  .29750810E+05  .20824950E+07 -.25851740E-02  .41980610E+04
 .99995870E+03  .27652110E+03  .14162030E+05  .20375470E+07  .14833760E-02  .42068720E+04
 .99975400E+03  .27286930E+03 -.12206300E+04  .19908470E+07  .58890600E-02  .42183930E+04
 .99975400E+03  .27286930E+03 -.12206300E+04  .19908470E+07  .58890600E-02  .42183930E+04
 .99787000E+03  .26338560E+03 -.41434180E+05  .18640000E+07  .19800300E-01  .42678040E+04
 .99361500E+03  .25437390E+03 -.80259860E+05  .17537050E+07  .37677850E-01  .43584560E+04
 .10058160E-02  .30775520E+03  .14490790E+06  .14587770E-03 -.32775030E-02  .41784710E+04
 .25770670E+02  .30775520E+03  .25646710E+07  .42065790E-02 -.32775030E-02  .18791350E+04
 .38803800E-01  .30775520E+03  .25646710E+07  .18844080E+06 -.20851960E-04  .18791350E+04
 .37654720E-01  .31706030E+03  .25821640E+07  .19406010E+06 -.20190370E-04  .18809250E+04
 .36542080E-01  .32663660E+03  .26001870E+07  .19982910E+06 -.19550260E-04  .18830530E+04
 .35464700E-01  .33648990E+03  .26187530E+07  .20575050E+06 -.18930670E-04  .18855260E+04
 .34421480E-01  .34662600E+03  .26378790E+07  .21182690E+06 -.18330690E-04  .18883500E+04
 .33411320E-01  .35705050E+03  .26575800E+07  .21806070E+06 -.17749530E-04  .18915310E+04
 .32433190E-01  .36776930E+03  .26778740E+07  .22445420E+06 -.17186420E-04  .18950740E+04
 .31486110E-01  .37878780E+03  .26987760E+07  .23100960E+06 -.16640690E-04  .18989840E+04
 .30569120E-01  .39011160E+03  .27203040E+07  .23772900E+06 -.16111700E-04  .19032660E+04
 .29681300E-01  .40174620E+03  .27424740E+07  .24461430E+06 -.15598860E-04  .19079230E+04
 .28821760E-01  .41369690E+03  .27653050E+07  .25166740E+06 -.15101630E-04  .19129610E+04
 .27989640E-01  .42596910E+03  .27888140E+07  .25888970E+06 -.14619510E-04  .19183810E+04
 .27184100E-01  .43856770E+03  .28130200E+07  .26628300E+06 -.14152020E-04  .19241890E+04
 .26404350E-01  .45149810E+03  .28379400E+07  .27384870E+06 -.13698730E-04  .19303860E+04
 .26404350E-01  .45149810E+03  .28379400E+07  .27384870E+06 -.13698730E-04  .19303860E+04
 .24816640E-01  .48034560E+03  .28938350E+07  .29064700E+06 -.12773280E-04  .19449950E+04
 .23336380E-01  .51078470E+03  .29532870E+07  .30825350E+06 -.11907360E-04  .19614380E+04
 .21956630E-01  .54285860E+03  .30164890E+07  .32667710E+06 -.11097590E-04  .19797380E+04
 .20670830E-01  .57660700E+03  .30836400E+07  .34592460E+06 -.10340870E-04  .19999100E+04
 .19472810E-01  .61206590E+03  .31549430E+07  .36600140E+06 -.96343410E-05  .20219570E+04
 .18356690E-01  .64926750E+03  .32306050E+07  .38691200E+06 -.89753170E-05  .20458670E+04
 .17316940E-01  .68824020E+03  .33108380E+07  .40866060E+06 -.83612730E-05  .20716040E+04
 .16348280E-01  .72900960E+03  .33958550E+07  .43125200E+06 -.77898160E-05  .20991040E+04
 .15445770E-01  .77159840E+03  .34858730E+07  .45469260E+06 -.72586670E-05  .21282680E+04
 .14604680E-01  .81602800E+03  .35811120E+07  .47899160E+06 -.67656510E-05  .21589550E+04
 .13820570E-01  .86231920E+03  .36817940E+07  .50416220E+06 -.63086820E-05  .21909780E+04
 .13089230E-01  .91049430E+03  .37881440E+07  .53022310E+06 -.58857640E-05  .22240950E+04
 .12406700E-01  .96057900E+03  .39003890E+07  .55720010E+06 -.54949790E-05  .22580050E+04
 .11769230E-01  .10126040E+04  .40187610E+07  .58512800E+06 -.51344950E-05  .22923380E+04
 .11173280E-01  .10666100E+04  .41434940E+07  .61405300E+06 -.48025600E-05  .23266500E+04
 .10615540E-01  .11226470E+04  .42748280E+07  .64403510E+06 -.44975170E-05  .23604130E+04
 .51674010E+03  .15022230E+06  .99377450E+03  .83371960E+04  .25669610E+07  .41459080E-01
 .10000000E+02  .30000000E+01  .20000000E+01  .14000000E+02  .17000000E+02  .10985200E+05
 .99377450E+03  .30902700E+03  .15022230E+06  .23178100E+07 -.26166790E-01  .41785130E+04
 .99516050E+03  .30491310E+03  .13303220E+06  .22966280E+07 -.23325120E-01  .41785320E+04
 .99638550E+03  .30085410E+03  .11607100E+06  .22719070E+07 -.20407740E-01  .41790770E+04
 .99744440E+03  .29685010E+03  .99335550E+05  .22435910E+07 -.17392530E-01  .41802790E+04
 .99833110E+03  .29290080E+03  .82822780E+05  .22116890E+07 -.14253740E-01  .41823100E+04
 .99903800E+03  .28900640E+03  .66529630E+05  .21762900E+07 -.10961750E-01  .41853850E+04
 .99955540E+03  .28516720E+03  .50453030E+05  .21375820E+07 -.74826270E-02  .41897750E+04
 .99987180E+03  .28138360E+03  .34589870E+05  .20958710E+07 -.37775030E-02  .41958110E+04
 .99997340E+03  .27765640E+03  .18937020E+05  .20515990E+07  .19801270E-03  .42038960E+04
 .99984360E+03  .27398670E+03  .34912800E+04  .20053590E+07  .44940910E-02  .42145220E+04
 .99984360E+03  .27398670E+03  .34912800E+04  .20053590E+07  .44940910E-02  .42145220E+04
 .99819600E+03  .26445210E+03 -.36886130E+05  .18782500E+07  .18020820E-01  .42604160E+04
 .99424460E+03  .25538310E+03 -.75867590E+05  .17645630E+07  .35392280E-01  .43452110E+04
 .10062640E-02  .30902700E+03  .15022230E+06  .12863920E-03 -.30841120E-02  .41785130E+04
 .24120170E+02  .30902700E+03  .25669610E+07  .36685360E-02 -.30841120E-02  .18804930E+04
 .41459080E-01  .30902700E+03  .25669610E+07  .18918450E+06 -.22274280E-04  .18804930E+04
 .40231630E-01  .31836390E+03  .25845270E+07  .19482320E+06 -.21567100E-04  .18822090E+04
 .39043130E-01  .32797310E+03  .26026230E+07  .20061200E+06 -.20882980E-04  .18842730E+04
 .37892320E-01  .33786030E+03  .26212650E+07  .20655350E+06 -.20220850E-04  .18866920E+04
 .36778000E-01  .34803140E+03  .26404690E+07  .21265040E+06 -.19579740E-04  .18894700E+04
 .35699010E-01  .35849210E+03  .26602500E+07  .21890510E+06 -.18958770E-04  .18926140E+04
 .34654260E-01  .36924790E+03  .26806250E+07  .22531990E+06 -.18357140E-04  .18961300E+04
 .33642670E-01  .38030450E+03  .27016110E+07  .23189690E+06 -.17774080E-04  .19000200E+04
 .32663230E-01  .39166740E+03  .27232250E+07  .23863820E+06 -.17208930E-04  .19042900E+04
 .31714950E-01  .40334210E+03  .27454840E+07  .24554570E+06 -.16661050E-04  .19089420E+04
 .30796880E-01  .41533380E+03  .27684050E+07  .25262120E+06 -.16129860E-04  .19139810E+04
 .29908100E-01  .42764780E+03  .27920070E+07  .25986640E+06 -.15614810E-04  .19194090E+04
 .29047730E-01  .44028930E+03  .28163080E+07  .26728270E+06 -.15115400E-04  .19252300E+04
 .28214890E-01  .45326320E+03  .28413260E+07  .27487150E+06 -.14631150E-04  .19314470E+04
 .28214890E-01  .45326320E+03  .28413260E+07  .27487150E+06 -.14631150E-04  .19314470E+04
 .26519130E-01  .48220670E+03  .28974380E+07  .29172020E+06 -.13642520E-04  .19461120E+04
 .24938140E-01  .51274520E+03  .29571190E+07  .30937780E+06 -.12717510E-04  .19626280E+04
 .23464530E-01  .54492140E+03  .30205630E+07  .32785300E+06 -.11852490E-04  .19810150E+04
 .22091280E-01  .57877490E+03  .30879680E+07  .34715250E+06 -.11044180E-04  .20012830E+04
 .20811780E-01  .61434110E+03  .31595370E+07  .36728160E+06 -.10289520E-04  .20234340E+04
 .19619760E-01  .65165210E+03  .32354790E+07  .38824480E+06 -.95856390E-05  .20474500E+04
 .18509300E-01  .69073600E+03  .33160050E+07  .41004610E+06 -.89298460E-05  .20732930E+04
 .17474780E-01  .73161820E+03  .34013280E+07  .43269050E+06 -.83195830E-05  .21008960E+04
 .16510880E-01  .77432110E+03  .34916660E+07  .45618460E+06 -.77524130E-05  .21301560E+04
 .15612570E-01  .81886610E+03  .35872390E+07  .48053780E+06 -.72260080E-05  .21609300E+04
 .14775090E-01  .86527420E+03  .36882680E+07  .50576350E+06 -.67381380E-05  .21930280E+04
 .13993960E-01  .91356770E+03  .37949800E+07  .53188090E+06 -.62866670E-05  .22262020E+04
 .13264920E-01  .96377250E+03  .39076010E+07  .55891620E+06 -.58695430E-05  .22601490E+04
 .12583970E-01  .10159200E+04  .40263630E+07  .58690500E+06 -.54848030E-05  .22944930E+04
 .11947350E-01  .10700510E+04  .41515010E+07  .61589410E+06 -.51305780E-05  .23287870E+04
 .11351490E-01  .11262170E+04  .42832570E+07  .64594460E+06 -.48050930E-05  .23624940E+04
 .53292310E+03  .15523340E+06  .99334460E+03  .83139560E+04  .25691180E+07  .44103410E-01
 .10000000E+02  .30000000E+01  .20000000E+01  .14000000E+02  .17000000E+02  .10961960E+05
 .99334460E+03  .31022620E+03  .15523340E+06  .23232890E+07 -.26976630E-01  .41785890E+04
 .99477660E+03  .30609630E+03  .13797660E+06  .23031120E+07 -.24153230E-01  .41784770E+04
 .99604850E+03  .30202150E+03  .12094960E+06  .22794210E+07 -.21259850E-01  .41788570E+04
 .99715590E+03  .29800160E+03  .10414920E+06  .22521460E+07 -.18275410E-01  .41798540E+04
 .99809310E+03  .29403640E+03  .87572390E+05  .22212750E+07 -.15175200E-01  .41816250E+04
 .99885290E+03  .29012620E+03  .71216090E+05  .21868720E+07 -.11930770E-01  .41843730E+04
 .99942610E+03  .28627100E+03  .55077230E+05  .21490940E+07 -.85094970E-02  .41883520E+04
 .99980190E+03  .28247120E+03  .39152710E+05  .21082120E+07 -.48740000E-02  .41938740E+04
 .99996720E+03  .27872770E+03  .23439410E+05  .20646260E+07 -.98152900E-03  .42013200E+04
 .99990620E+03  .27504120E+03  .79341470E+04  .20188830E+07  .32164170E-02  .42111560E+04
 .99990620E+03  .27504120E+03  .79341470E+04  .20188830E+07  .32164170E-02  .42111560E+04
 .99847470E+03  .26545930E+03 -.32597940E+05  .18917850E+07  .16396110E-01  .42539370E+04
 .99480070E+03  .25633730E+03 -.71726590E+05  .17753000E+07  .33302500E-01  .43335250E+04
 .10067000E-02  .31022620E+03  .15523340E+06  .11438750E-03 -.29138770E-02  .41785890E+04
 .22673980E+02  .31022620E+03  .25691180E+07  .32282150E-02 -.29138770E-02  .18818120E+04
 .44103410E-01  .31022620E+03  .25691180E+07  .18988470E+06 -.23690400E-04  .18818120E+04
 .42797940E-01  .31959280E+03  .25867520E+07  .19554160E+06 -.22937800E-04  .18834540E+04
 .41533920E-01  .32923280E+03  .26049180E+07  .20134890E+06 -.22209830E-04  .18854530E+04
 .40310000E-01  .33915180E+03  .26236310E+07  .20730940E+06 -.21505330E-04  .18878160E+04
 .39124900E-01  .34935580E+03  .26429080E+07  .21342560E+06 -.20823250E-04  .18905490E+04
 .37977400E-01  .35985030E+03  .26627640E+07  .21969990E+06 -.20162650E-04  .18936560E+04
 .36866300E-01  .37064100E+03  .26832170E+07  .22613470E+06 -.19522640E-04  .18971420E+04
 .35790490E-01  .38173330E+03  .27042820E+07  .23273200E+06 -.18902420E-04  .19010110E+04
 .34748870E-01  .39313300E+03  .27259770E+07  .23949380E+06 -.18301270E-04  .19052670E+04
 .33740400E-01  .40484520E+03  .27483190E+07  .24642220E+06 -.17718500E-04  .19099130E+04
 .32764070E-01  .41687540E+03  .27713250E+07  .25351890E+06 -.17153480E-04  .19149530E+04
 .31818890E-01  .42922880E+03  .27950150E+07  .26078540E+06 -.16605650E-04  .19203870E+04
 .30903930E-01  .44191040E+03  .28194050E+07  .26822330E+06 -.16074450E-04  .19262200E+04
 .30018260E-01  .45492530E+03  .28445150E+07  .27583390E+06 -.15559390E-04  .19324530E+04
 .30018260E-01  .45492530E+03  .28445150E+07  .27583390E+06 -.15559390E-04  .19324530E+04
 .28214920E-01  .48395900E+03  .29008320E+07  .29272990E+06 -.14507850E-04  .19471690E+04
 .26533660E-01  .51459080E+03  .29607290E+07  .31043560E+06 -.13523990E-04  .19637540E+04
 .24966610E-01  .54686320E+03  .30244000E+07  .32895930E+06 -.12603980E-04  .19822210E+04
 .23506300E-01  .58081540E+03  .30920430E+07  .34830760E+06 -.11744300E-04  .20025800E+04
 .22145690E-01  .61648240E+03  .31638640E+07  .36848580E+06 -.10941720E-04  .20248270E+04
 .20878120E-01  .65389610E+03  .32400690E+07  .38949830E+06 -.10193190E-04  .20489420E+04
 .19697280E-01  .69308450E+03  .33208700E+07  .41134910E+06 -.94958390E-05  .20748840E+04
 .18597180E-01  .73407240E+03  .34064810E+07  .43404340E+06 -.88469510E-05  .21025830E+04
 .17572180E-01  .77688260E+03  .34971200E+07  .45758770E+06 -.82439310E-05  .21319340E+04
 .16616900E-01  .82153600E+03  .35930070E+07  .48199180E+06 -.76843010E-05  .21627890E+04
 .15726300E-01  .86805380E+03  .36943630E+07  .50726930E+06 -.71656850E-05  .21949550E+04
 .14895590E-01  .91645840E+03  .38014150E+07  .53343970E+06 -.66858070E-05  .22281830E+04
 .14120250E-01  .96677600E+03  .39143900E+07  .56052990E+06 -.62424800E-05  .22621630E+04
 .13396020E-01  .10190390E+04  .40335190E+07  .58857590E+06 -.58336160E-05  .22965160E+04
 .12718880E-01  .10732870E+04  .41590390E+07  .61762540E+06 -.54572220E-05  .23307900E+04
 .12085060E-01  .11295740E+04  .42911900E+07  .64774050E+06 -.51114100E-05  .23644440E+04
 .54818300E+03  .15997650E+06  .99292730E+03  .82921740E+04  .25711570E+07  .46737510E-01
 .10000000E+02  .30000000E+01  .20000000E+01  .14000000E+02  .17000000E+02  .10940170E+05
 .99292730E+03  .31136110E+03  .15997650E+06  .23281940E+07 -.27736260E-01  .41786920E+04
 .99440220E+03  .30721620E+03  .14265660E+06  .23089560E+07 -.24928770E-01  .41784620E+04
 .99571810E+03  .30312640E+03  .12556720E+06  .22862320E+07 -.22056400E-01  .41786970E+04
 .99687100E+03  .29909160E+03  .10870540E+06  .22599380E+07 -.19099070E-01  .41795120E+04
 .99785520E+03  .29511150E+03  .92067960E+05  .22300440E+07 -.16033070E-01  .41810540E+04
 .99866410E+03  .29118630E+03  .75651880E+05  .21965920E+07 -.12831000E-01  .41835130E+04
 .99928920E+03  .28731600E+03  .59454070E+05  .21597110E+07 -.94614180E-02  .41871280E+04
 .99972000E+03  .28350110E+03  .43471450E+05  .21196410E+07 -.58883060E-02  .41921940E+04
 .99994410E+03  .27974220E+03  .27700900E+05  .20767440E+07 -.20704290E-02  .41990740E+04
 .99994640E+03  .27604000E+03  .12139270E+05  .20315260E+07  .20391310E-02  .42082070E+04
 .99994640E+03  .27604000E+03  .12139270E+05  .20315260E+07  .20391310E-02  .42082070E+04
 .99871360E+03  .26641390E+03 -.28539370E+05  .19046520E+07  .14904010E-01  .42482130E+04
 .99529430E+03  .25724260E+03 -.67807600E+05  .17858600E+07  .31381750E-01  .43231400E+04
 .10071230E-02  .31136110E+03  .15997650E+06  .10246050E-03 -.27627980E-02  .41786920E+04
 .21396090E+02  .31136110E+03  .25711570E+07  .28632300E-02 -.27627980E-02  .18830950E+04
 .46737510E-01  .31136110E+03  .25711570E+07  .19054630E+06 -.25100720E-04  .18830950E+04
 .45354340E-01  .32075570E+03  .25888550E+07  .19622040E+06 -.24302850E-04  .18846630E+04
 .44015100E-01  .33042470E+03  .26070870E+07  .20204530E+06 -.23531180E-04  .18865970E+04
 .42718380E-01  .34037370E+03  .26258680E+07  .20802370E+06 -.22784460E-04  .18889040E+04
 .41462800E-01  .35060860E+03  .26452140E+07  .21415800E+06 -.22061580E-04  .18915900E+04
 .40247050E-01  .36113490E+03  .26651420E+07  .22045090E+06 -.21361490E-04  .18946590E+04
 .39069900E-01  .37195840E+03  .26856670E+07  .22690440E+06 -.20683260E-04  .18981160E+04
 .37930140E-01  .38308450E+03  .27068070E+07  .23352090E+06 -.20026030E-04  .19019630E+04
 .36826610E-01  .39451870E+03  .27285780E+07  .24030220E+06 -.19389020E-04  .19062050E+04
 .35758200E-01  .40626640E+03  .27509990E+07  .24725030E+06 -.18771500E-04  .19108430E+04
 .34723850E-01  .41833290E+03  .27740860E+07  .25436680E+06 -.18172800E-04  .19158810E+04
 .33722510E-01  .43072330E+03  .27978580E+07  .26165350E+06 -.17592310E-04  .19213200E+04
 .32753180E-01  .44344280E+03  .28223330E+07  .26911180E+06 -.17029460E-04  .19271630E+04
 .31814890E-01  .45649630E+03  .28475300E+07  .27674300E+06 -.16483710E-04  .19334110E+04
 .31814890E-01  .45649630E+03  .28475300E+07  .27674300E+06 -.16483710E-04  .19334110E+04
 .29904440E-01  .48561510E+03  .29040410E+07  .29368370E+06 -.15369510E-04  .19481740E+04
 .28123340E-01  .51633500E+03  .29641410E+07  .31143460E+06 -.14327060E-04  .19648220E+04
 .26463240E-01  .54869810E+03  .30280270E+07  .33000400E+06 -.13352270E-04  .19833650E+04
 .24916240E-01  .58274330E+03  .30958960E+07  .34939840E+06 -.12441440E-04  .20038090E+04
 .23474870E-01  .61850540E+03  .31679540E+07  .36962290E+06 -.11591140E-04  .20261460E+04
 .22132070E-01  .65601600E+03  .32444070E+07  .39068180E+06 -.10798140E-04  .20503540E+04
 .20881150E-01  .69530280E+03  .33254690E+07  .41257940E+06 -.10059420E-04  .20763900E+04
 .19715760E-01  .73639060E+03  .34113520E+07  .43532060E+06 -.93720740E-05  .21041790E+04
 .18629900E-01  .77930180E+03  .35022750E+07  .45891230E+06 -.87333660E-05  .21336140E+04
 .17617910E-01  .82405740E+03  .35984580E+07  .48336430E+06 -.81406630E-05  .21645450E+04
 .16674400E-01  .87067860E+03  .37001240E+07  .50869070E+06 -.75914460E-05  .21967750E+04
 .15794320E-01  .91918800E+03  .38074970E+07  .53491130E+06 -.70832970E-05  .22300520E+04
 .14972860E-01  .96961190E+03  .39208050E+07  .56205330E+06 -.66138970E-05  .22640610E+04
 .14205520E-01  .10219830E+04  .40402810E+07  .59015340E+06 -.61810290E-05  .22984220E+04
 .13488040E-01  .10763430E+04  .41661610E+07  .61926000E+06 -.57825810E-05  .23326760E+04
 .12816410E-01  .11327440E+04  .42986850E+07  .64943610E+06 -.54165500E-05  .23662770E+04
 .56262350E+03  .16448090E+06  .99252180E+03  .82716780E+04  .25730910E+07  .49361990E-01
 .10000000E+02  .30000000E+01  .20000000E+01  .14000000E+02  .17000000E+02  .10919680E+05
 .99252180E+03  .31243900E+03  .16448090E+06  .23326060E+07 -.28451810E-01  .41788150E+04
 .99403710E+03  .30827980E+03  .14710100E+06  .23142490E+07 -.25658240E-01  .41784790E+04
 .99539440E+03  .30417580E+03  .12995250E+06  .22924330E+07 -.22804380E-01  .41785850E+04
 .99658970E+03  .30012680E+03  .11303230E+06  .22670650E+07 -.19871090E-01  .41792380E+04
 .99761800E+03  .29613260E+03  .96337300E+05  .22380990E+07 -.16835590E-01  .41805750E+04
 .99847290E+03  .29219320E+03  .79864430E+05  .22055550E+07 -.13671450E-01  .41827770E+04
 .99914630E+03  .28830870E+03  .63610630E+05  .21695400E+07 -.10348320E-01  .41860680E+04
 .99962830E+03  .28447950E+03  .47572810E+05  .21302630E+07 -.68314250E-02  .41907290E+04
 .99990700E+03  .28070610E+03  .31747880E+05  .20880520E+07 -.30809280E-02  .41971020E+04
 .99996810E+03  .27698920E+03  .16132680E+05  .20433750E+07  .94859680E-03  .42056060E+04
 .99996810E+03  .27698920E+03  .16132680E+05  .20433750E+07  .94859680E-03  .42056060E+04
 .99891910E+03  .26732160E+03 -.24685270E+05  .19168970E+07  .13526600E-01  .42431240E+04
 .99573490E+03  .25810420E+03 -.64086270E+05  .17962070E+07  .29608120E-01  .43138530E+04
 .10075340E-02  .31243900E+03  .16448090E+06  .92371250E-04 -.26277540E-02  .41788150E+04
 .20258500E+02  .31243900E+03  .25730910E+07  .25572710E-02 -.26277540E-02  .18843460E+04
 .49361990E-01  .31243900E+03  .25730910E+07  .19117380E+06 -.26505580E-04  .18843460E+04
 .47901410E-01  .32186000E+03  .25908500E+07  .19686410E+06 -.25662590E-04  .18858390E+04
 .46487260E-01  .33155620E+03  .26091450E+07  .20270560E+06 -.24847360E-04  .18877080E+04
 .45118010E-01  .34153350E+03  .26279900E+07  .20870080E+06 -.24058580E-04  .18899590E+04
 .43792230E-01  .35179750E+03  .26474020E+07  .21485240E+06 -.23295030E-04  .18925980E+04
 .42508520E-01  .36235400E+03  .26673970E+07  .22116280E+06 -.22555600E-04  .18956290E+04
 .41265570E-01  .37320850E+03  .26879910E+07  .22763420E+06 -.21839300E-04  .18990550E+04
 .40062100E-01  .38436650E+03  .27092020E+07  .23426870E+06 -.21145200E-04  .19028790E+04
 .38896900E-01  .39583340E+03  .27310460E+07  .24106840E+06 -.20472460E-04  .19071050E+04
 .37768800E-01  .40761460E+03  .27535410E+07  .24803520E+06 -.19820320E-04  .19117350E+04
 .36676660E-01  .41971540E+03  .27767050E+07  .25517060E+06 -.19188070E-04  .19167700E+04
 .35619380E-01  .43214100E+03  .28005550E+07  .26247640E+06 -.18575050E-04  .19222130E+04
 .34595900E-01  .44489630E+03  .28251100E+07  .26995400E+06 -.17980660E-04  .19280640E+04
 .33605210E-01  .45798630E+03  .28503900E+07  .27760470E+06 -.17404340E-04  .19343260E+04
 .33605210E-01  .45798630E+03  .28503900E+07  .27760470E+06 -.17404340E-04  .19343260E+04
 .31588060E-01  .48718560E+03  .29070840E+07  .29458770E+06 -.16227740E-04  .19491320E+04
 .29707520E-01  .51798880E+03  .29673780E+07  .31238140E+06 -.15126900E-04  .19658390E+04
 .27954750E-01  .55043790E+03  .30314670E+07  .33099410E+06 -.14097550E-04  .19844540E+04
 .26321410E-01  .58457100E+03  .30995510E+07  .35043200E+06 -.13135770E-04  .20049770E+04
 .24799610E-01  .62042320E+03  .31718330E+07  .37070030E+06 -.12237940E-04  .20274000E+04
 .23381880E-01  .65802550E+03  .32485220E+07  .39180320E+06 -.11400660E-04  .20516960E+04
 .22061150E-01  .69740530E+03  .33298300E+07  .41374490E+06 -.10620720E-04  .20778190E+04
 .20830730E-01  .73858750E+03  .34159720E+07  .43653060E+06 -.98950870E-05  .21056930E+04
 .19684280E-01  .78159430E+03  .35071640E+07  .46016710E+06 -.92208440E-05  .21352070E+04
 .18615790E-01  .82644670E+03  .36036280E+07  .48466450E+06 -.85952120E-05  .21662090E+04
 .17619590E-01  .87316560E+03  .37055860E+07  .51003710E+06 -.80155300E-05  .21984990E+04
 .16690320E-01  .92177420E+03  .38132640E+07  .53630510E+06 -.74792370E-05  .22318210E+04
 .15822940E-01  .97229890E+03  .39268890E+07  .56349630E+06 -.69838850E-05  .22658580E+04
 .15012650E-01  .10247720E+04  .40466930E+07  .59164770E+06 -.65271280E-05  .23002240E+04
 .14254970E-01  .10792370E+04  .41729140E+07  .62080850E+06 -.61067330E-05  .23344570E+04
 .13545660E-01  .11357470E+04  .43057920E+07  .65104240E+06 -.57205860E-05  .23680070E+04
 .57633170E+03  .16877130E+06  .99212730E+03  .82523260E+04  .25749310E+07  .51977390E-01
 .10000000E+02  .30000000E+01  .20000000E+01  .14000000E+02  .17000000E+02  .10900330E+05
 .99212730E+03  .31346560E+03  .16877130E+06  .23365880E+07 -.29128320E-01  .41789540E+04
 .99368080E+03  .30929280E+03  .15133430E+06  .23190600E+07 -.26347010E-01  .41785230E+04
 .99507710E+03  .30517530E+03  .13412940E+06  .22981010E+07 -.23509550E-01  .41785120E+04
 .99631250E+03  .30111290E+03  .11715360E+06  .22736090E+07 -.20597680E-01  .41790200E+04
 .99738230E+03  .29710530E+03  .10040380E+06  .22455240E+07 -.17589500E-01  .41801740E+04
 .99828030E+03  .29315250E+03  .83876810E+05  .22138500E+07 -.14459500E-01  .41821460E+04
 .99899890E+03  .28925450E+03  .67569670E+05  .21786690E+07 -.11178330E-01  .41851460E+04
 .99952880E+03  .28541170E+03  .51479280E+05  .21401650E+07 -.77123540E-02  .41894420E+04
 .99985850E+03  .28162460E+03  .35602520E+05  .20986350E+07 -.40230250E-02  .41953600E+04
 .99997440E+03  .27789370E+03  .19936270E+05  .20545100E+07 -.66322670E-04  .42033000E+04
 .99997440E+03  .27789370E+03  .19936270E+05  .20545100E+07 -.66322670E-04  .42033000E+04
 .99909590E+03  .26818710E+03 -.21014470E+05  .19285640E+07  .12249160E-01  .42385720E+04
 .99612960E+03  .25892650E+03 -.60542110E+05  .18063170E+07  .27963440E-01  .43055000E+04
 .10079350E-02  .31346560E+03  .16877130E+06  .83755080E-04 -.25062720E-02  .41789540E+04
 .19239140E+02  .31346560E+03  .25749310E+07  .22982210E-02 -.25062720E-02  .18855680E+04
 .51977390E-01  .31346560E+03  .25749310E+07  .19177050E+06 -.27905300E-04  .18855680E+04
 .50439700E-01  .32291150E+03  .25927480E+07  .19747620E+06 -.27017310E-04  .18869850E+04
 .48950900E-01  .33263360E+03  .26111020E+07  .20333350E+06 -.26158670E-04  .18887890E+04
 .47509400E-01  .34263770E+03  .26300080E+07  .20934480E+06 -.25327960E-04  .18909840E+04
 .46113670E-01  .35292940E+03  .26494830E+07  .21551270E+06 -.24523880E-04  .18935750E+04
 .44762250E-01  .36351440E+03  .26695420E+07  .22183970E+06 -.23745260E-04  .18965670E+04
 .43453750E-01  .37439820E+03  .26902020E+07  .22832800E+06 -.22991010E-04  .18999620E+04
 .42186820E-01  .38558640E+03  .27114800E+07  .23497980E+06 -.22260160E-04  .19037630E+04
 .40960190E-01  .39708440E+03  .27333940E+07  .24179700E+06 -.21551840E-04  .19079730E+04
 .39772610E-01  .40889740E+03  .27559600E+07  .24878140E+06 -.20865210E-04  .19125930E+04
 .38622890E-01  .42103080E+03  .27791960E+07  .25593480E+06 -.20199520E-04  .19176250E+04
 .37509890E-01  .43348970E+03  .28031210E+07  .26325870E+06 -.19554100E-04  .19230690E+04
 .36432470E-01  .44627900E+03  .28277530E+07  .27075460E+06 -.18928290E-04  .19289280E+04
 .35389560E-01  .45940370E+03  .28531110E+07  .27842390E+06 -.18321500E-04  .19352020E+04
 .35389560E-01  .45940370E+03  .28531110E+07  .27842390E+06 -.18321500E-04  .19352020E+04
 .33266130E-01  .48867950E+03  .29099800E+07  .29544700E+06 -.17082710E-04  .19500480E+04
 .31286520E-01  .51956180E+03  .29704580E+07  .31328140E+06 -.15923720E-04  .19668100E+04
 .29441430E-01  .55209230E+03  .30347410E+07  .33193510E+06 -.14840000E-04  .19854920E+04
 .27722080E-01  .58630910E+03  .31030280E+07  .35141450E+06 -.13827450E-04  .20060910E+04
 .26120150E-01  .62224670E+03  .31755240E+07  .37172430E+06 -.12882270E-04  .20285940E+04
 .24627780E-01  .65993590E+03  .32524370E+07  .39286890E+06 -.12000870E-04  .20529730E+04
 .23237520E-01  .69940420E+03  .33339790E+07  .41485260E+06 -.11179890E-04  .20791790E+04
 .21942320E-01  .74067600E+03  .34203660E+07  .43768040E+06 -.10416110E-04  .21071330E+04
 .20735490E-01  .78377340E+03  .35118150E+07  .46135950E+06 -.97064760E-05  .21367220E+04
 .19610720E-01  .82871760E+03  .36085460E+07  .48590000E+06 -.90480520E-05  .21677920E+04
 .18562020E-01  .87552950E+03  .37107820E+07  .51131650E+06 -.84380310E-05  .22001370E+04
 .17583760E-01  .92423210E+03  .38187480E+07  .53762960E+06 -.78737180E-05  .22335010E+04
 .16670610E-01  .97485230E+03  .39326740E+07  .56486740E+06 -.73525280E-05  .22675630E+04
 .15817530E-01  .10274230E+04  .40527910E+07  .59306760E+06 -.68719900E-05  .23019330E+04
 .15019790E-01  .10819880E+04  .41793350E+07  .62227990E+06 -.64297490E-05  .23361450E+04
 .14272950E-01  .11386000E+04  .43125500E+07  .65256900E+06 -.60235800E-05  .23696440E+04
