 .57633170E+03  .16877130E+06  .99212730E+03  .82523260E+04  .25749310E+07  .51977390E-01
 .10000000E+02  .30000000E+01  .20000000E+01  .14000000E+02  .16000000E+02  .10780330E+05
 .99212730E+03  .31346560E+03  .16877130E+06  .23365880E+07 -.29128320E-01  .41789540E+04
 .99368080E+03  .30929280E+03  .15133430E+06  .23190600E+07 -.26347010E-01  .41785230E+04
 .99507710E+03  .30517530E+03  .13412940E+06  .22981010E+07 -.23509550E-01  .41785120E+04
 .99631250E+03  .30111290E+03  .11715360E+06  .22736090E+07 -.20597680E-01  .41790200E+04
 .99738230E+03  .29710530E+03  .10040380E+06  .22455240E+07 -.17589500E-01  .41801740E+04
 .99828030E+03  .29315250E+03  .83876810E+05  .22138500E+07 -.14459500E-01  .41821460E+04
 .99899890E+03  .28925450E+03  .67569670E+05  .21786690E+07 -.11178330E-01  .41851460E+04
 .99952880E+03  .28541170E+03  .51479280E+05  .21401650E+07 -.77123540E-02  .41894420E+04
 .99985850E+03  .28162460E+03  .35602520E+05  .20986350E+07 -.40230250E-02  .41953600E+04
 .99997440E+03  .27789370E+03  .19936270E+05  .20545100E+07 -.66322670E-04  .42033000E+04
 .99997440E+03  .27789370E+03  .19936270E+05  .20545100E+07 -.66322670E-04  .42033000E+04
 .99909590E+03  .26818710E+03 -.21014470E+05  .19285640E+07  .12249160E-01  .42385720E+04
 .99612960E+03  .25892650E+03 -.60542110E+05  .18063170E+07  .27963440E-01  .43055000E+04
 .10079350E-02  .31346560E+03  .16877130E+06  .83755080E-04 -.25062720E-02  .41789540E+04
 .19239140E+02  .31346560E+03  .25749310E+07  .22982210E-02 -.25062720E-02  .18855680E+04
 .51977390E-01  .31346560E+03  .25749310E+07  .19177050E+06 -.27905300E-04  .18855680E+04
 .50439700E-01  .32291150E+03  .25927480E+07  .19747620E+06 -.27017310E-04  .18869850E+04
 .48950900E-01  .33263360E+03  .26111020E+07  .20333350E+06 -.26158670E-04  .18887890E+04
 .47509400E-01  .34263770E+03  .26300080E+07  .20934480E+06 -.25327960E-04  .18909840E+04
 .46113670E-01  .35292940E+03  .26494830E+07  .21551270E+06 -.24523880E-04  .18935750E+04
 .44762250E-01  .36351440E+03  .26695420E+07  .22183970E+06 -.23745260E-04  .18965670E+04
 .43453750E-01  .37439820E+03  .26902020E+07  .22832800E+06 -.22991010E-04  .18999620E+04
 .42186820E-01  .38558640E+03  .27114800E+07  .23497980E+06 -.22260160E-04  .19037630E+04
 .40960190E-01  .39708440E+03  .27333940E+07  .24179700E+06 -.21551840E-04  .19079730E+04
 .39772610E-01  .40889740E+03  .27559600E+07  .24878140E+06 -.20865210E-04  .19125930E+04
 .38622890E-01  .42103080E+03  .27791960E+07  .25593480E+06 -.20199520E-04  .19176250E+04
 .37509890E-01  .43348970E+03  .28031210E+07  .26325870E+06 -.19554100E-04  .19230690E+04
 .36432470E-01  .44627900E+03  .28277530E+07  .27075460E+06 -.18928290E-04  .19289280E+04
 .35389560E-01  .45940370E+03  .28531110E+07  .27842390E+06 -.18321500E-04  .19352020E+04
 .35389560E-01  .45940370E+03  .28531110E+07  .27842390E+06 -.18321500E-04  .19352020E+04
 .33266130E-01  .48867950E+03  .29099800E+07  .29544700E+06 -.17082710E-04  .19500480E+04
 .31286520E-01  .51956180E+03  .29704580E+07  .31328140E+06 -.15923720E-04  .19668100E+04
 .29441430E-01  .55209230E+03  .30347410E+07  .33193510E+06 -.14840000E-04  .19854920E+04
 .27722080E-01  .58630910E+03  .31030280E+07  .35141450E+06 -.13827450E-04  .20060910E+04
 .26120150E-01  .62224670E+03  .31755240E+07  .37172430E+06 -.12882270E-04  .20285940E+04
 .24627780E-01  .65993590E+03  .32524370E+07  .39286890E+06 -.12000870E-04  .20529730E+04
 .23237520E-01  .69940420E+03  .33339790E+07  .41485260E+06 -.11179890E-04  .20791790E+04
 .21942320E-01  .74067600E+03  .34203660E+07  .43768040E+06 -.10416110E-04  .21071330E+04
 .20735490E-01  .78377340E+03  .35118150E+07  .46135950E+06 -.97064760E-05  .21367220E+04
 .19610720E-01  .82871760E+03  .36085460E+07  .48590000E+06 -.90480520E-05  .21677920E+04
 .18562020E-01  .87552950E+03  .37107820E+07  .51131650E+06 -.84380310E-05  .22001370E+04
 .17583760E-01  .92423210E+03  .38187480E+07  .53762960E+06 -.78737180E-05  .22335010E+04
 .16670610E-01  .97485230E+03  .39326740E+07  .56486740E+06 -.73525280E-05  .22675630E+04
 .15817530E-01  .10274230E+04  .40527910E+07  .59306760E+06 -.68719900E-05  .23019330E+04
 .15019790E-01  .10819880E+04  .41793350E+07  .62227990E+06 -.64297490E-05  .23361450E+04
 .60030870E+03  .17630960E+06  .99141510E+03  .82187230E+04  .25781580E+07  .56858470E-01
 .10000000E+02  .30000000E+01  .20000000E+01  .14000000E+02  .16000000E+02  .10746720E+05
 .99141510E+03  .31526930E+03  .17630960E+06  .23430810E+07 -.30305770E-01  .41792480E+04
 .99303510E+03  .31107270E+03  .15877230E+06  .23269820E+07 -.27543840E-01  .41786590E+04
 .99449910E+03  .30693150E+03  .14146840E+06  .23075070E+07 -.24732450E-01  .41784580E+04
 .99580390E+03  .30284550E+03  .12439490E+06  .22845380E+07 -.21854920E-01  .41787290E+04
 .99694520E+03  .29881450E+03  .10754870E+06  .22579940E+07 -.18890900E-01  .41795880E+04
 .99791760E+03  .29483820E+03  .90926660E+05  .22278510E+07 -.15816430E-01  .41811870E+04
 .99871410E+03  .29091670E+03  .74525780E+05  .21941560E+07 -.12603860E-01  .41837170E+04
 .99932600E+03  .28705030E+03  .58342960E+05  .21570450E+07 -.92214370E-02  .41874220E+04
 .99974300E+03  .28323930E+03  .42375120E+05  .21167660E+07 -.56328090E-02  .41926010E+04
 .99995230E+03  .27948420E+03  .26619120E+05  .20736890E+07 -.17963570E-02  .41996210E+04
 .99995230E+03  .27948420E+03  .26619120E+05  .20736890E+07 -.17963570E-02  .41996210E+04
 .99936380E+03  .26970980E+03 -.14565170E+05  .19490190E+07  .10082500E-01  .42312270E+04
 .99676690E+03  .26037480E+03 -.54315750E+05  .18245990E+07  .25176200E-01  .42919180E+04
 .10086590E-02  .31526930E+03  .17630960E+06  .70651310E-04 -.23084230E-02  .41792480E+04
 .17587530E+02  .31526930E+03  .25781580E+07  .19087010E-02 -.23084230E-02  .18877860E+04
 .56858470E-01  .31526930E+03  .25781580E+07  .19281670E+06 -.30516850E-04  .18877860E+04
 .55176900E-01  .32475850E+03  .25960770E+07  .19854950E+06 -.29544820E-04  .18890630E+04
 .53548850E-01  .33452570E+03  .26145360E+07  .20443420E+06 -.28605130E-04  .18907440E+04
 .51972550E-01  .34457640E+03  .26335500E+07  .21047360E+06 -.27696150E-04  .18928330E+04
 .50446330E-01  .35491630E+03  .26531340E+07  .21667010E+06 -.26816430E-04  .18953350E+04
 .48968590E-01  .36555110E+03  .26733060E+07  .22302630E+06 -.25964640E-04  .18982520E+04
 .47537790E-01  .37648630E+03  .26940810E+07  .22954420E+06 -.25139590E-04  .19015880E+04
 .46152480E-01  .38772730E+03  .27154780E+07  .23622610E+06 -.24340190E-04  .19053440E+04
 .44811230E-01  .39927940E+03  .27375130E+07  .24307380E+06 -.23565450E-04  .19095210E+04
 .43512700E-01  .41114810E+03  .27602030E+07  .25008930E+06 -.22814460E-04  .19141210E+04
 .42255580E-01  .42333850E+03  .27835670E+07  .25727410E+06 -.22086410E-04  .19191430E+04
 .41038610E-01  .43585560E+03  .28076230E+07  .26462980E+06 -.21380510E-04  .19245890E+04
 .39860570E-01  .44870440E+03  .28323890E+07  .27215780E+06 -.20696080E-04  .19304590E+04
 .38720260E-01  .46188980E+03  .28578840E+07  .27985940E+06 -.20032440E-04  .19367520E+04
 .38720260E-01  .46188980E+03  .28578840E+07  .27985940E+06 -.20032440E-04  .19367520E+04
 .36398560E-01  .49129930E+03  .29150600E+07  .29695270E+06 -.18677640E-04  .19516650E+04
 .34234140E-01  .52232000E+03  .29758610E+07  .31485830E+06 -.17410120E-04  .19685220E+04
 .32216840E-01  .55499310E+03  .30404830E+07  .33358390E+06 -.16224970E-04  .19873200E+04
 .30337030E-01  .58935610E+03  .31091270E+07  .35313560E+06 -.15117720E-04  .20080500E+04
 .28585630E-01  .62544310E+03  .31819970E+07  .37351810E+06 -.14084190E-04  .20306930E+04
 .26954030E-01  .66328440E+03  .32593030E+07  .39473570E+06 -.13120510E-04  .20552180E+04
 .25434070E-01  .70290720E+03  .33412570E+07  .41679260E+06 -.12222960E-04  .20815670E+04
 .24018020E-01  .74433560E+03  .34280730E+07  .43969410E+06 -.11388040E-04  .21096610E+04
 .22698560E-01  .78759160E+03  .35199700E+07  .46344760E+06 -.10612400E-04  .21393800E+04
 .21468800E-01  .83269620E+03  .36171690E+07  .48806350E+06 -.98928330E-05  .21705640E+04
 .20322170E-01  .87967040E+03  .37198920E+07  .51355690E+06 -.92262510E-05  .22030060E+04
 .19252500E-01  .92853750E+03  .38283660E+07  .53994890E+06 -.86097020E-05  .22364420E+04
 .18253950E-01  .97932490E+03  .39428180E+07  .56726840E+06 -.80403530E-05  .22705450E+04
 .17321030E-01  .10320660E+04  .40634820E+07  .59555410E+06 -.75154960E-05  .23049190E+04
 .16448550E-01  .10868050E+04  .41905940E+07  .62485690E+06 -.70325510E-05  .23390910E+04
 .62235420E+03  .18327900E+06  .99073540E+03  .81880980E+04  .25811350E+07  .61712120E-01
 .10000000E+02  .30000000E+01  .20000000E+01  .14000000E+02  .16000000E+02  .10716100E+05
 .99073540E+03  .31693660E+03  .18327900E+06  .23485260E+07 -.31382500E-01  .41795700E+04
 .99241610E+03  .31271810E+03  .16564890E+06  .23337200E+07 -.28636270E-01  .41788460E+04
 .99394190E+03  .30855520E+03  .14825350E+06  .23155900E+07 -.25846150E-01  .41784840E+04
 .99530980E+03  .30444750E+03  .13108970E+06  .22940070E+07 -.22996890E-01  .41785580E+04
 .99651610E+03  .30039480E+03  .11415440E+06  .22688770E+07 -.20069590E-01  .41791690E+04
 .99755570E+03  .29639700E+03  .97444460E+05  .22401500E+07 -.17041700E-01  .41804560E+04
 .99842240E+03  .29245400E+03  .80956880E+05  .22078420E+07 -.13887060E-01  .41825930E+04
 .99910820E+03  .28856580E+03  .64688590E+05  .21720530E+07 -.10575590E-01  .41858030E+04
 .99960330E+03  .28473290E+03  .48636480E+05  .21329830E+07 -.70728120E-02  .41903610E+04
 .99989600E+03  .28095570E+03  .32797460E+05  .20909540E+07 -.33392600E-02  .41966070E+04
 .99989600E+03  .28095570E+03  .32797460E+05  .20909540E+07 -.33392600E-02  .41966070E+04
 .99956520E+03  .27111980E+03 -.86029900E+04  .19678160E+07  .81628600E-02  .42251170E+04
 .99729500E+03  .26171740E+03 -.48560110E+05  .18419830E+07  .22711310E-01  .42805100E+04
 .10093510E-02  .31693660E+03  .18327900E+06  .60496480E-04 -.21416620E-02  .41795700E+04
 .16204270E+02  .31693660E+03  .25811350E+07  .16110790E-02 -.21416620E-02  .18899210E+04
 .61712120E-01  .31693660E+03  .25811350E+07  .19378130E+06 -.33112820E-04  .18899210E+04
 .59887520E-01  .32646550E+03  .25991490E+07  .19953890E+06 -.32057170E-04  .18910580E+04
 .58121050E-01  .33627390E+03  .26177040E+07  .20544900E+06 -.31036830E-04  .18926160E+04
 .56410770E-01  .34636720E+03  .26368170E+07  .21151420E+06 -.30050000E-04  .18945990E+04
 .54754860E-01  .35675130E+03  .26565030E+07  .21773700E+06 -.29095060E-04  .18970110E+04
 .53151560E-01  .36743180E+03  .26767780E+07  .22412000E+06 -.28170530E-04  .18998530E+04
 .51599220E-01  .37841400E+03  .26976610E+07  .23066520E+06 -.27275090E-04  .19031280E+04
 .50096230E-01  .38970340E+03  .27191670E+07  .23737480E+06 -.26407530E-04  .19068370E+04
 .48641070E-01  .40130540E+03  .27413130E+07  .24425070E+06 -.25566770E-04  .19109790E+04
 .47232270E-01  .41322510E+03  .27641190E+07  .25129460E+06 -.24751810E-04  .19155560E+04
 .45868400E-01  .42546780E+03  .27876010E+07  .25850830E+06 -.23961740E-04  .19205670E+04
 .44548110E-01  .43803840E+03  .28117770E+07  .26589320E+06 -.23195740E-04  .19260120E+04
 .43270050E-01  .45094190E+03  .28366670E+07  .27345080E+06 -.22453030E-04  .19318890E+04
 .42032950E-01  .46418300E+03  .28622890E+07  .28118220E+06 -.21732900E-04  .19381980E+04
 .42032950E-01  .46418300E+03  .28622890E+07  .28118220E+06 -.21732900E-04  .19381980E+04
 .39514180E-01  .49371550E+03  .29197470E+07  .29834010E+06 -.20262760E-04  .19531690E+04
 .37166100E-01  .52486350E+03  .29808450E+07  .31631120E+06 -.18887360E-04  .19701110E+04
 .34977640E-01  .55766770E+03  .30457810E+07  .33510290E+06 -.17601390E-04  .19890150E+04
 .32938380E-01  .59216500E+03  .31147530E+07  .35472100E+06 -.16399990E-04  .20098640E+04
 .31038440E-01  .62838930E+03  .31879690E+07  .37517030E+06 -.15278660E-04  .20326360E+04
 .29268470E-01  .66637050E+03  .32656370E+07  .39645490E+06 -.14233190E-04  .20572920E+04
 .27619600E-01  .70613530E+03  .33479690E+07  .41857920E+06 -.13259560E-04  .20837730E+04
 .26083450E-01  .74770760E+03  .34351820E+07  .44154850E+06 -.12353960E-04  .21119940E+04
 .24652070E-01  .79110940E+03  .35274920E+07  .46537030E+06 -.11512760E-04  .21418300E+04
 .23317950E-01  .83636130E+03  .36251220E+07  .49005550E+06 -.10732450E-04  .21731190E+04
 .22073980E-01  .88348470E+03  .37282940E+07  .51561960E+06 -.10009690E-04  .22056480E+04
 .20913450E-01  .93250300E+03  .38372340E+07  .54208430E+06 -.93412770E-05  .22391470E+04
 .19830030E-01  .98344400E+03  .39521720E+07  .56947910E+06 -.87241160E-05  .22732840E+04
 .18817730E-01  .10363420E+04  .40733390E+07  .59784370E+06 -.81552650E-05  .23076590E+04
 .17870940E-01  .10912420E+04  .42009740E+07  .62722990E+06 -.76319240E-05  .23417900E+04
 .64276800E+03  .18976550E+06  .99008500E+03  .81599710E+04  .25839000E+07  .66540640E-01
 .10000000E+02  .30000000E+01  .20000000E+01  .14000000E+02  .16000000E+02  .10687970E+05
 .99008500E+03  .31848840E+03  .18976550E+06  .23531290E+07 -.32375090E-01  .41799120E+04
 .99182160E+03  .31424950E+03  .17204900E+06  .23395000E+07 -.29641800E-01  .41790690E+04
 .99340410E+03  .31006630E+03  .15456850E+06  .23225970E+07 -.26869250E-01  .41785680E+04
 .99483000E+03  .30593850E+03  .13732060E+06  .23022860E+07 -.24043560E-01  .41784720E+04
 .99609570E+03  .30186580E+03  .12030230E+06  .22784580E+07 -.21147140E-01  .41788740E+04
 .99719670E+03  .29784800E+03  .10351060E+06  .22510430E+07 -.18158770E-01  .41798960E+04
 .99812730E+03  .29388500E+03  .86942330E+05  .22200340E+07 -.15053610E-01  .41817000E+04
 .99888000E+03  .28997680E+03  .70594450E+05  .21854950E+07 -.11803070E-01  .41844900E+04
 .99944590E+03  .28612370E+03  .54463900E+05  .21475910E+07 -.83743360E-02  .41885210E+04
 .99981390E+03  .28232610E+03  .38547560E+05  .21065950E+07 -.47298380E-02  .41941080E+04
 .99981390E+03  .28232610E+03  .38547560E+05  .21065950E+07 -.47298380E-02  .41941080E+04
 .99971460E+03  .27243370E+03 -.30542570E+04  .19851550E+07  .64438710E-02  .42199680E+04
 .99773650E+03  .26297000E+03 -.43203940E+05  .18584840E+07  .20509650E-01  .42708030E+04
 .10100140E-02  .31848840E+03  .18976550E+06  .52455900E-04 -.19990680E-02  .41799120E+04
 .15028410E+02  .31848840E+03  .25839000E+07  .13784780E-02 -.19990680E-02  .18919830E+04
 .66540640E-01  .31848840E+03  .25839000E+07  .19467680E+06 -.35694530E-04  .18919830E+04
 .64573820E-01  .32805370E+03  .26020010E+07  .20045740E+06 -.34555610E-04  .18929810E+04
 .62669690E-01  .33789990E+03  .26206470E+07  .20639080E+06 -.33455010E-04  .18944170E+04
 .60826180E-01  .34803260E+03  .26398520E+07  .21247990E+06 -.32390720E-04  .18962930E+04
 .59041290E-01  .35845750E+03  .26596320E+07  .21872720E+06 -.31360940E-04  .18986140E+04
 .57313140E-01  .36918000E+03  .26800040E+07  .22513490E+06 -.30364050E-04  .19013800E+04
 .55639930E-01  .38020570E+03  .27009860E+07  .23170540E+06 -.29398590E-04  .19045940E+04
 .54019940E-01  .39153980E+03  .27225930E+07  .23844070E+06 -.28463250E-04  .19082540E+04
 .52451510E-01  .40318780E+03  .27448440E+07  .24534260E+06 -.27556830E-04  .19123600E+04
 .50933050E-01  .41515480E+03  .27677560E+07  .25241300E+06 -.26678250E-04  .19169130E+04
 .49463040E-01  .42744590E+03  .27913470E+07  .25965350E+06 -.25826520E-04  .19219100E+04
 .48040000E-01  .44006600E+03  .28156360E+07  .26706550E+06 -.25000730E-04  .19273500E+04
 .46662490E-01  .45302010E+03  .28406410E+07  .27465040E+06 -.24200060E-04  .19332320E+04
 .45329130E-01  .46631290E+03  .28663810E+07  .28240940E+06 -.23423740E-04  .19395540E+04
 .45329130E-01  .46631290E+03  .28663810E+07  .28240940E+06 -.23423740E-04  .19395540E+04
 .42614430E-01  .49595920E+03  .29241010E+07  .29962730E+06 -.21838890E-04  .19545770E+04
 .40083710E-01  .52722500E+03  .29854760E+07  .31765890E+06 -.20356210E-04  .19715960E+04
 .37725080E-01  .56015050E+03  .30507010E+07  .33651180E+06 -.18969960E-04  .19905950E+04
 .35527280E-01  .59477230E+03  .31199800E+07  .35619140E+06 -.17674940E-04  .20115540E+04
 .33479640E-01  .63112360E+03  .31935160E+07  .37670260E+06 -.16466310E-04  .20344440E+04
 .31572090E-01  .66923420E+03  .32715200E+07  .39804920E+06 -.15339520E-04  .20592220E+04
 .29795060E-01  .70913040E+03  .33542040E+07  .42023580E+06 -.14290250E-04  .20858240E+04
 .28139490E-01  .75083590E+03  .34417830E+07  .44326780E+06 -.13314390E-04  .21141610E+04
 .26596830E-01  .79437250E+03  .35344780E+07  .46715290E+06 -.12408010E-04  .21441060E+04
 .25158940E-01  .83976080E+03  .36325070E+07  .49190230E+06 -.11567340E-04  .21754900E+04
 .23818180E-01  .88702220E+03  .37360950E+07  .51753200E+06 -.10788770E-04  .22080970E+04
 .22567290E-01  .93618050E+03  .38454680E+07  .54406400E+06 -.10068820E-04  .22416520E+04
 .21399450E-01  .98726370E+03  .39608550E+07  .57152870E+06 -.94041620E-05  .22758200E+04
 .20308210E-01  .10403070E+04  .40824900E+07  .59996640E+06 -.87916180E-05  .23101920E+04
 .19287500E-01  .10953560E+04  .42106090E+07  .62943030E+06 -.82281610E-05  .23442830E+04
 .66178430E+03  .19583650E+06  .98946090E+03  .81339680E+04  .25864820E+07  .71346000E-01
 .10000000E+02  .30000000E+01  .20000000E+01  .14000000E+02  .16000000E+02  .10661970E+05
 .98946090E+03  .31994060E+03  .19583650E+06  .23570420E+07 -.33296290E-01  .41802670E+04
 .99124940E+03  .31568260E+03  .17803930E+06  .23444930E+07 -.30573800E-01  .41793180E+04
 .99288450E+03  .31148060E+03  .16047900E+06  .23287170E+07 -.27815980E-01  .41786950E+04
 .99436390E+03  .30733400E+03  .14315240E+06  .23095770E+07 -.25010130E-01  .41784520E+04
 .99568440E+03  .30324270E+03  .12605650E+06  .22869530E+07 -.22139930E-01  .41786730E+04
 .99684200E+03  .29920620E+03  .10918820E+06  .22607610E+07 -.19185400E-01  .41794680E+04
 .99783120E+03  .29522460E+03  .92544410E+05  .22309680E+07 -.16122920E-01  .41809860E+04
 .99864520E+03  .29129780E+03  .76122050E+05  .21976150E+07 -.12925220E-01  .41834150E+04
 .99927570E+03  .28742600E+03  .59918040E+05  .21608290E+07 -.95609710E-02  .41869920E+04
 .99971230E+03  .28360940E+03  .43929300E+05  .21208440E+07 -.59942920E-02  .41920110E+04
 .99971230E+03  .28360940E+03  .43929300E+05  .21208440E+07 -.59942920E-02  .41920110E+04
 .99982260E+03  .27366470E+03  .21388680E+04  .20012090E+07  .48905760E-02  .42155790E+04
 .99810790E+03  .26414470E+03 -.38191310E+05  .18741390E+07  .18526190E-01  .42624530E+04
 .10106510E-02  .31994060E+03  .19583650E+06  .45972700E-04 -.18756490E-02  .41802670E+04
 .14016200E+02  .31994060E+03  .25864820E+07  .11931940E-02 -.18756490E-02  .18939800E+04
 .71346000E-01  .31994060E+03  .25864820E+07  .19551280E+06 -.38263070E-04  .18939800E+04
 .69237670E-01  .32953960E+03  .26046660E+07  .20131470E+06 -.37041230E-04  .18948400E+04
 .67196610E-01  .33942090E+03  .26233950E+07  .20727000E+06 -.35860720E-04  .18961530E+04
 .65220540E-01  .34959010E+03  .26426860E+07  .21338140E+06 -.34719320E-04  .18979230E+04
 .63307350E-01  .36005270E+03  .26625550E+07  .21965130E+06 -.33615060E-04  .19001530E+04
 .61455000E-01  .37081430E+03  .26830180E+07  .22608220E+06 -.32546170E-04  .19028430E+04
 .59661550E-01  .38188030E+03  .27040920E+07  .23267620E+06 -.31511050E-04  .19059940E+04
 .57925160E-01  .39325610E+03  .27257940E+07  .23943540E+06 -.30508260E-04  .19096050E+04
 .56244050E-01  .40494690E+03  .27481420E+07  .24636170E+06 -.29536510E-04  .19136740E+04
 .54616510E-01  .41695780E+03  .27711540E+07  .25345670E+06 -.28594630E-04  .19182000E+04
 .53040910E-01  .42929390E+03  .27948480E+07  .26072210E+06 -.27681550E-04  .19231820E+04
 .51515660E-01  .44196020E+03  .28192410E+07  .26815940E+06 -.26796280E-04  .19286160E+04
 .50039220E-01  .45496140E+03  .28443540E+07  .27576980E+06 -.25937950E-04  .19345010E+04
 .48610120E-01  .46830220E+03  .28702030E+07  .28355450E+06 -.25105720E-04  .19408340E+04
 .48610120E-01  .46830220E+03  .28702030E+07  .28355450E+06 -.25105720E-04  .19408340E+04
 .45700500E-01  .49805450E+03  .29281690E+07  .30082820E+06 -.23406760E-04  .19559010E+04
 .42988120E-01  .52943010E+03  .29898010E+07  .31891640E+06 -.21817320E-04  .19729900E+04
 .40460210E-01  .56246850E+03  .30552980E+07  .33782620E+06 -.20331310E-04  .19920780E+04
 .38104690E-01  .59720620E+03  .31248620E+07  .35756320E+06 -.18943150E-04  .20131380E+04
 .35910140E-01  .63367590E+03  .31986970E+07  .37813180E+06 -.17647660E-04  .20361370E+04
 .33865740E-01  .67190690E+03  .32770140E+07  .39953630E+06 -.16439980E-04  .20610270E+04
 .31961220E-01  .71192550E+03  .33600260E+07  .42178080E+06 -.15315480E-04  .20877420E+04
 .30186870E-01  .75375500E+03  .34479490E+07  .44487120E+06 -.14269740E-04  .21161870E+04
 .28533500E-01  .79741700E+03  .35410010E+07  .46881530E+06 -.13298560E-04  .21462310E+04
 .26992400E-01  .84293230E+03  .36394030E+07  .49362450E+06 -.12397880E-04  .21777020E+04
 .25555340E-01  .89032220E+03  .37433800E+07  .51931520E+06 -.11563820E-04  .22103810E+04
 .24214570E-01  .93961080E+03  .38531560E+07  .54591000E+06 -.10792650E-04  .22439870E+04
 .22962740E-01  .99082640E+03  .39689630E+07  .57343990E+06 -.10080790E-04  .22781800E+04
 .21792940E-01  .10440050E+04  .40910330E+07  .60194600E+06 -.94248230E-05  .23125480E+04
 .20698670E-01  .10991920E+04  .42196050E+07  .63148230E+06 -.88215120E-05  .23465970E+04
 .67958970E+03  .20154610E+06  .98886070E+03  .81097930E+04  .25889050E+07  .76129880E-01
 .10000000E+02  .30000000E+01  .20000000E+01  .14000000E+02  .16000000E+02  .10637790E+05
 .98886070E+03  .32130620E+03  .20154610E+06  .23603840E+07 -.34156140E-01  .41806280E+04
 .99069760E+03  .31703040E+03  .18367290E+06  .23488310E+07 -.31442790E-01  .41795840E+04
 .99238170E+03  .31281060E+03  .16603760E+06  .23340970E+07 -.28697410E-01  .41788530E+04
 .99391090E+03  .30864650E+03  .14863710E+06  .23160400E+07 -.25908430E-01  .41784820E+04
 .99528230E+03  .30453760E+03  .13146820E+06  .22945350E+07 -.23060700E-01  .41785440E+04
 .99649220E+03  .30048370E+03  .11452780E+06  .22694830E+07 -.20135380E-01  .41791430E+04
 .99753560E+03  .29648460E+03  .97812980E+05  .22408350E+07 -.17110020E-01  .41804120E+04
 .99840620E+03  .29254040E+03  .81320540E+05  .22086040E+07 -.13958520E-01  .41825280E+04
 .99909610E+03  .28865110E+03  .65047430E+05  .21728890E+07 -.10650900E-01  .41857110E+04
 .99959550E+03  .28481690E+03  .48990590E+05  .21338880E+07 -.71527880E-02  .41902350E+04
 .99959550E+03  .28481690E+03  .48990590E+05  .21338880E+07 -.71527880E-02  .41902350E+04
 .99989750E+03  .27482360E+03  .70226490E+04  .20161220E+07  .34760600E-02  .42118030E+04
 .99842210E+03  .26525130E+03 -.33477500E+05  .18889940E+07  .16725970E-01  .42552010E+04
 .10112650E-02  .32130620E+03  .20154610E+06  .40663340E-04 -.17677090E-02  .41806280E+04
 .13135450E+02  .32130620E+03  .25889050E+07  .10431700E-02 -.17677090E-02  .18959200E+04
 .76129880E-01  .32130620E+03  .25889050E+07  .19629710E+06 -.40819390E-04  .18959200E+04
 .73880720E-01  .33093660E+03  .26071670E+07  .20211900E+06 -.39514960E-04  .18966410E+04
 .71703370E-01  .34085050E+03  .26259750E+07  .20809470E+06 -.38254860E-04  .18978330E+04
 .69595400E-01  .35105360E+03  .26453470E+07  .21422690E+06 -.37036680E-04  .18994970E+04
 .67554530E-01  .36155150E+03  .26652990E+07  .22051810E+06 -.35858280E-04  .19016360E+04
 .65578570E-01  .37234960E+03  .26858470E+07  .22697070E+06 -.34717710E-04  .19042500E+04
 .63665460E-01  .38345330E+03  .27070080E+07  .23358680E+06 -.33613250E-04  .19073370E+04
 .61813240E-01  .39486800E+03  .27287990E+07  .24036840E+06 -.32543330E-04  .19108980E+04
 .60019990E-01  .40659880E+03  .27512390E+07  .24731740E+06 -.31506570E-04  .19149290E+04
 .58283910E-01  .41865070E+03  .27743440E+07  .25443550E+06 -.30501690E-04  .19194280E+04
 .56603230E-01  .43102900E+03  .27981340E+07  .26172430E+06 -.29527540E-04  .19243920E+04
 .54976270E-01  .44373830E+03  .28226260E+07  .26918520E+06 -.28583090E-04  .19298190E+04
 .53401390E-01  .45678360E+03  .28478390E+07  .27681950E+06 -.27667370E-04  .19357040E+04
 .51877000E-01  .47016940E+03  .28737920E+07  .28462840E+06 -.26779500E-04  .19420450E+04
 .51877000E-01  .47016940E+03  .28737920E+07  .28462840E+06 -.26779500E-04  .19420450E+04
 .48773420E-01  .50002090E+03  .29319870E+07  .30195430E+06 -.24966940E-04  .19571520E+04
 .45880260E-01  .53149910E+03  .29938620E+07  .32009540E+06 -.23271270E-04  .19743050E+04
 .43183900E-01  .56464340E+03  .30596140E+07  .33905850E+06 -.21685970E-04  .19934750E+04
 .40671450E-01  .59948950E+03  .31294440E+07  .35884920E+06 -.20205110E-04  .20146290E+04
 .38330720E-01  .63606990E+03  .32035600E+07  .37947170E+06 -.18823190E-04  .20377300E+04
 .36150140E-01  .67441380E+03  .32821720E+07  .40093010E+06 -.17535010E-04  .20627250E+04
 .34118760E-01  .71454680E+03  .33654910E+07  .42322900E+06 -.16335650E-04  .20895440E+04
 .32226220E-01  .75649220E+03  .34537350E+07  .44637400E+06 -.15220400E-04  .21180880E+04
 .30462680E-01  .80027170E+03  .35471230E+07  .47037330E+06 -.14184760E-04  .21482250E+04
 .28818870E-01  .84590570E+03  .36458750E+07  .49523850E+06 -.13224390E-04  .21797770E+04
 .27285990E-01  .89341590E+03  .37502150E+07  .52098640E+06 -.12335140E-04  .22125210E+04
 .25855750E-01  .94282640E+03  .38603710E+07  .54764010E+06 -.11513030E-04  .22461730E+04
 .24520320E-01  .99416610E+03  .39765710E+07  .57523100E+06 -.10754240E-04  .22803890E+04
 .23272340E-01  .10474710E+04  .40990490E+07  .60380130E+06 -.10055110E-04  .23147500E+04
 .22104850E-01  .11027890E+04  .42280440E+07  .63340560E+06 -.94121880E-05  .23487590E+04
 .69633550E+03  .20693820E+06  .98828230E+03  .80872080E+04  .25911890E+07  .80893730E-01
 .10000000E+02  .30000000E+01  .20000000E+01  .14000000E+02  .16000000E+02  .10615210E+05
 .98828230E+03  .32259580E+03  .20693820E+06  .23632480E+07 -.34962650E-01  .41809950E+04
 .99016460E+03  .31830320E+03  .18899320E+06  .23526180E+07 -.32257110E-01  .41798640E+04
 .99189450E+03  .31406670E+03  .17128720E+06  .23388490E+07 -.29522380E-01  .41790350E+04
 .99347030E+03  .30988590E+03  .15381670E+06  .23218000E+07 -.26747870E-01  .41785490E+04
 .99488930E+03  .30576050E+03  .13657890E+06  .23013380E+07 -.23919530E-01  .41784730E+04
 .99614790E+03  .30169020E+03  .11957050E+06  .22773540E+07 -.21019610E-01  .41788980E+04
 .99724180E+03  .29767480E+03  .10278860E+06  .22497830E+07 -.18026740E-01  .41799500E+04
 .99816470E+03  .29371410E+03  .86229930E+05  .22186170E+07 -.14915930E-01  .41817920E+04
 .99890960E+03  .28980830E+03  .69891550E+05  .21839280E+07 -.11658400E-01  .41846290E+04
 .99946720E+03  .28595760E+03  .53770370E+05  .21458820E+07 -.82211500E-02  .41887200E+04
 .99946720E+03  .28595760E+03  .53770370E+05  .21458820E+07 -.82211500E-02  .41887200E+04
 .99994510E+03  .27591890E+03  .11634700E+05  .20300180E+07  .21792090E-02  .42085260E+04
 .99868870E+03  .26629800E+03 -.29026150E+05  .19030990E+07  .15081390E-01  .42488510E+04
 .10118570E-02  .32259580E+03  .20693820E+06  .36256420E-04 -.16724530E-02  .41809950E+04
 .12361900E+02  .32259580E+03  .25911890E+07  .91996690E-03 -.16724530E-02  .18978080E+04
 .80893730E-01  .32259580E+03  .25911890E+07  .19703610E+06 -.43364320E-04  .18978080E+04
 .78504380E-01  .33225540E+03  .26095240E+07  .20287670E+06 -.41977580E-04  .18983920E+04
 .76191350E-01  .34219990E+03  .26284070E+07  .20887160E+06 -.40638200E-04  .18994620E+04
 .73952060E-01  .35243480E+03  .26478560E+07  .21502340E+06 -.39343560E-04  .19010200E+04
 .71784090E-01  .36296560E+03  .26678850E+07  .22133460E+06 -.38091320E-04  .19030680E+04
 .69685090E-01  .37379790E+03  .26885130E+07  .22780750E+06 -.36879380E-04  .19056050E+04
 .67652870E-01  .38493700E+03  .27097570E+07  .23444440E+06 -.35705890E-04  .19086290E+04
 .65685350E-01  .39638810E+03  .27316320E+07  .24124710E+06 -.34569140E-04  .19121390E+04
 .63780480E-01  .40815640E+03  .27541580E+07  .24821750E+06 -.33467650E-04  .19161310E+04
 .61936330E-01  .42024690E+03  .27773520E+07  .25535740E+06 -.32400050E-04  .19206020E+04
 .60151060E-01  .43266480E+03  .28012320E+07  .26266820E+06 -.31365120E-04  .19255480E+04
 .58422850E-01  .44541460E+03  .28258160E+07  .27015130E+06 -.30361740E-04  .19309650E+04
 .56749970E-01  .45850130E+03  .28511240E+07  .27780810E+06 -.29388880E-04  .19368500E+04
 .55130740E-01  .47192940E+03  .28771750E+07  .28563970E+06 -.28445610E-04  .19431970E+04
 .55130740E-01  .47192940E+03  .28771750E+07  .28563970E+06 -.28445610E-04  .19431970E+04
 .51834090E-01  .50187410E+03  .29355870E+07  .30301480E+06 -.26519980E-04  .19583390E+04
 .48760980E-01  .53344890E+03  .29976900E+07  .32120560E+06 -.24718530E-04  .19755510E+04
 .45896950E-01  .56669260E+03  .30636820E+07  .34021890E+06 -.23034380E-04  .19947970E+04
 .43228290E-01  .60164070E+03  .31337640E+07  .36005990E+06 -.21461240E-04  .20160390E+04
 .40742040E-01  .63832530E+03  .32081450E+07  .38073310E+06 -.19993280E-04  .20392340E+04
 .38425920E-01  .67677500E+03  .32870330E+07  .40224240E+06 -.18624980E-04  .20643270E+04
 .36268270E-01  .71701560E+03  .33706420E+07  .42459230E+06 -.17351120E-04  .20912440E+04
 .34258070E-01  .75907010E+03  .34591890E+07  .44778860E+06 -.16166690E-04  .21198810E+04
 .32384880E-01  .80295980E+03  .35528930E+07  .47183980E+06 -.15066890E-04  .21501040E+04
 .30638820E-01  .84870540E+03  .36519740E+07  .49675760E+06 -.14047130E-04  .21817310E+04
 .29010550E-01  .89632870E+03  .37566570E+07  .52255930E+06 -.13102980E-04  .22145350E+04
 .27491250E-01  .94585380E+03  .38671690E+07  .54926840E+06 -.12230210E-04  .22482290E+04
 .26072600E-01  .99731010E+03  .39837390E+07  .57691690E+06 -.11424730E-04  .22824640E+04
 .24746770E-01  .10507340E+04  .41066020E+07  .60554760E+06 -.10682690E-04  .23168170E+04
 .23506370E-01  .11061740E+04  .42359960E+07  .63521610E+06 -.10000370E-04  .23507850E+04
 .71214590E+03  .21204890E+06  .98772380E+03  .80660190E+04  .25933500E+07  .85638830E-01
 .10000000E+02  .30000000E+01  .20000000E+01  .14000000E+02  .16000000E+02  .10594020E+05
 .98772380E+03  .32381800E+03  .21204890E+06  .23657050E+07 -.35722340E-01  .41813640E+04
 .98964880E+03  .31950940E+03  .19403600E+06  .23559360E+07 -.33023570E-01  .41801520E+04
 .99142190E+03  .31525710E+03  .17626280E+06  .23430680E+07 -.30298020E-01  .41792340E+04
 .99304150E+03  .31106070E+03  .15872620E+06  .23269590E+07 -.27536020E-01  .41786460E+04
 .99450510E+03  .30691960E+03  .14142300E+06  .23074720E+07 -.24724520E-01  .41784460E+04
 .99580940E+03  .30283380E+03  .12435010E+06  .22844910E+07 -.21846820E-01  .41787180E+04
 .99695030E+03  .29880290E+03  .10750460E+06  .22579360E+07 -.18882580E-01  .41795790E+04
 .99792220E+03  .29482680E+03  .90883200E+05  .22277820E+07 -.15807830E-01  .41811790E+04
 .99871820E+03  .29090550E+03  .74482950E+05  .21940740E+07 -.12594880E-01  .41837110E+04
 .99932970E+03  .28703920E+03  .58300760E+05  .21569530E+07 -.92119980E-02  .41874180E+04
 .99932970E+03  .28703920E+03  .58300760E+05  .21569530E+07 -.92119980E-02  .41874180E+04
 .99997050E+03  .27695770E+03  .16006040E+05  .20430040E+07  .98320210E-03  .42056630E+04
 .99891550E+03  .26729140E+03 -.24807280E+05  .19165020E+07  .13570320E-01  .42432500E+04
 .10124290E-02  .32381800E+03  .21204890E+06  .32555290E-04 -.15877260E-02  .41813640E+04
 .11676950E+02  .32381800E+03  .25933500E+07  .81753060E-03 -.15877260E-02  .18996490E+04
 .85638830E-01  .32381800E+03  .25933500E+07  .19773480E+06 -.45898580E-04  .18996490E+04
 .83109870E-01  .33350500E+03  .26117540E+07  .20359320E+06 -.44429810E-04  .19000950E+04
 .80661740E-01  .34347810E+03  .26307080E+07  .20960620E+06 -.43011430E-04  .19010450E+04
 .78291710E-01  .35374290E+03  .26502290E+07  .21577650E+06 -.41640620E-04  .19024980E+04
 .75997160E-01  .36430470E+03  .26703330E+07  .22210650E+06 -.40314830E-04  .19044550E+04
 .73775650E-01  .37516920E+03  .26910370E+07  .22859870E+06 -.39031820E-04  .19069150E+04
 .71624830E-01  .38634160E+03  .27123570E+07  .23525510E+06 -.37789570E-04  .19098750E+04
 .69542490E-01  .39782700E+03  .27343130E+07  .24207780E+06 -.36586280E-04  .19133340E+04
 .67526470E-01  .40963070E+03  .27569200E+07  .24906850E+06 -.35420330E-04  .19172860E+04
 .65574740E-01  .42175760E+03  .27801970E+07  .25622880E+06 -.34290280E-04  .19217280E+04
 .63685320E-01  .43421270E+03  .28041630E+07  .26356040E+06 -.33194820E-04  .19266550E+04
 .61856300E-01  .44700080E+03  .28288350E+07  .27106460E+06 -.32132750E-04  .19320620E+04
 .60085840E-01  .46012650E+03  .28542330E+07  .27874260E+06 -.31103000E-04  .19379430E+04
 .58372180E-01  .47359450E+03  .28803760E+07  .28659560E+06 -.30104570E-04  .19442960E+04
 .58372180E-01  .47359450E+03  .28803760E+07  .28659560E+06 -.30104570E-04  .19442960E+04
 .54883280E-01  .50362720E+03  .29389930E+07  .30401710E+06 -.28066320E-04  .19594690E+04
 .51631000E-01  .53529320E+03  .30013120E+07  .32225490E+06 -.26159540E-04  .19767350E+04
 .48600020E-01  .56863070E+03  .30675300E+07  .34131560E+06 -.24376950E-04  .19960520E+04
 .45775830E-01  .60367500E+03  .31378510E+07  .36120430E+06 -.22711920E-04  .20173760E+04
 .43144710E-01  .64045780E+03  .32124820E+07  .38192520E+06 -.21158280E-04  .20406610E+04
 .40693620E-01  .67900750E+03  .32916320E+07  .40348240E+06 -.19710210E-04  .20658460E+04
 .38410250E-01  .71934950E+03  .33755150E+07  .42588040E+06 -.18362180E-04  .20928530E+04
 .36282910E-01  .76150690E+03  .34643490E+07  .44912520E+06 -.17108880E-04  .21215780E+04
 .34300540E-01  .80550070E+03  .35583500E+07  .47322530E+06 -.15945230E-04  .21518810E+04
 .32452670E-01  .85135160E+03  .36577430E+07  .49819290E+06 -.14866350E-04  .21835780E+04
 .30729410E-01  .89908140E+03  .37627500E+07  .52404540E+06 -.13867570E-04  .22164380E+04
 .29121430E-01  .94871470E+03  .38735990E+07  .55080680E+06 -.12944380E-04  .22501700E+04
 .27619910E-01  .10002810E+04  .39905190E+07  .57850980E+06 -.12092470E-04  .22844210E+04
 .26216550E-01  .10538180E+04  .41137450E+07  .60719760E+06 -.11307720E-04  .23187650E+04
 .24903520E-01  .11093730E+04  .42435160E+07  .63692690E+06 -.10586230E-04  .23526930E+04
 .72712420E+03  .21690860E+06  .98718370E+03  .80460630E+04  .25954010E+07  .90366300E-01
 .10000000E+02  .30000000E+01  .20000000E+01  .14000000E+02  .16000000E+02  .10574060E+05
 .98718370E+03  .32498000E+03  .21690860E+06  .23678160E+07 -.36440590E-01  .41817340E+04
 .98914900E+03  .32065630E+03  .19883110E+06  .23588510E+07 -.33747730E-01  .41804470E+04
 .99096300E+03  .31638900E+03  .18099410E+06  .23468260E+07 -.31030170E-01  .41794470E+04
 .99262380E+03  .31217770E+03  .16339450E+06  .23315970E+07 -.28279060E-01  .41787670E+04
 .99412940E+03  .30802190E+03  .14602910E+06  .23130270E+07 -.25482290E-01  .41784550E+04
 .99547670E+03  .30392130E+03  .12889500E+06  .22909900E+07 -.22624150E-01  .41785910E+04
 .99666170E+03  .29987570E+03  .11198890E+06  .22653960E+07 -.19685270E-01  .41792810E+04
 .99767950E+03  .29588490E+03  .95307880E+05  .22362030E+07 -.16642640E-01  .41806660E+04
 .99852330E+03  .29194900E+03  .78848790E+05  .22034360E+07 -.13469600E-01  .41829270E+04
 .99918510E+03  .28806790E+03  .62608570E+05  .21672080E+07 -.10135540E-01  .41862930E+04
 .99918510E+03  .28806790E+03  .62608570E+05  .21672080E+07 -.10135540E-01  .41862930E+04
 .99997720E+03  .27794620E+03  .20162550E+05  .20551700E+07 -.12555880E-03  .42031430E+04
 .99910870E+03  .26823720E+03 -.20795880E+05  .19292520E+07  .12174800E-01  .42382790E+04
 .10129830E-02  .32498000E+03  .21690860E+06  .29414530E-04 -.15118390E-02  .41817340E+04
 .11066070E+02  .32498000E+03  .25954010E+07  .73142750E-03 -.15118390E-02  .19014460E+04
 .90366300E-01  .32498000E+03  .25954010E+07  .19839770E+06 -.48422790E-04  .19014460E+04
 .87698290E-01  .33469280E+03  .26138700E+07  .20427280E+06 -.46872250E-04  .19017570E+04
 .85115600E-01  .34469290E+03  .26328920E+07  .21030300E+06 -.45375160E-04  .19025850E+04
 .82615330E-01  .35498580E+03  .26524810E+07  .21649080E+06 -.43928440E-04  .19039330E+04
 .80194730E-01  .36557690E+03  .26726560E+07  .22283870E+06 -.42529380E-04  .19058000E+04
 .77851200E-01  .37647180E+03  .26934320E+07  .22934910E+06 -.41175570E-04  .19081830E+04
 .75582270E-01  .38767550E+03  .27148260E+07  .23602410E+06 -.39864830E-04  .19110800E+04
 .73385570E-01  .39919350E+03  .27368570E+07  .24286560E+06 -.38595250E-04  .19144870E+04
 .71258860E-01  .41103060E+03  .27595420E+07  .24987550E+06 -.37365110E-04  .19183990E+04
 .69199970E-01  .42319190E+03  .27828990E+07  .25705530E+06 -.36172860E-04  .19228110E+04
 .67206810E-01  .43568230E+03  .28069460E+07  .26440660E+06 -.35017100E-04  .19277170E+04
 .65277400E-01  .44850650E+03  .28317010E+07  .27193080E+06 -.33896590E-04  .19331130E+04
 .63409770E-01  .46166920E+03  .28571850E+07  .27962890E+06 -.32810170E-04  .19389910E+04
 .61602040E-01  .47517490E+03  .28834150E+07  .28750220E+06 -.31756790E-04  .19453470E+04
 .61602040E-01  .47517490E+03  .28834150E+07  .28750220E+06 -.31756790E-04  .19453470E+04
 .57921680E-01  .50529100E+03  .29422260E+07  .30496770E+06 -.29606380E-04  .19605480E+04
 .54490960E-01  .53704320E+03  .30047500E+07  .32325000E+06 -.27594670E-04  .19778640E+04
 .51293720E-01  .57046960E+03  .30711840E+07  .34235550E+06 -.25714030E-04  .19972470E+04
 .48314630E-01  .60560500E+03  .31417310E+07  .36228930E+06 -.23957470E-04  .20186490E+04
 .45539220E-01  .64248080E+03  .32165990E+07  .38305540E+06 -.22318500E-04  .20420170E+04
 .42953740E-01  .68112520E+03  .32959970E+07  .40465800E+06 -.20790990E-04  .20672890E+04
 .40545160E-01  .72156330E+03  .33801400E+07  .42710160E+06 -.19369090E-04  .20943820E+04
 .38301150E-01  .76381800E+03  .34692450E+07  .45039230E+06 -.18047210E-04  .21231890E+04
 .36210040E-01  .80791030E+03  .35635300E+07  .47453880E+06 -.16819990E-04  .21535670E+04
 .34260780E-01  .85386090E+03  .36632180E+07  .49955350E+06 -.15682270E-04  .21853290E+04
 .32442920E-01  .90169170E+03  .37685320E+07  .52545410E+06 -.14629100E-04  .22182410E+04
 .30746600E-01  .95142740E+03  .38797000E+07  .55226510E+06 -.13655730E-04  .22520090E+04
 .29162530E-01  .10030980E+04  .39969520E+07  .58001980E+06 -.12757600E-04  .22862750E+04
 .27681940E-01  .10567410E+04  .41205220E+07  .60876180E+06 -.11930360E-04  .23206080E+04
 .26296570E-01  .11124060E+04  .42506510E+07  .63854880E+06 -.11169890E-04  .23544960E+04
 .74135740E+03  .22154280E+06  .98666050E+03  .80272060E+04  .25973530E+07  .95077130E-01
 .10000000E+02  .30000000E+01  .20000000E+01  .14000000E+02  .16000000E+02  .10555210E+05
 .98666050E+03  .32608800E+03  .22154280E+06  .23696280E+07 -.37121900E-01  .41821040E+04
 .98866410E+03  .32174990E+03  .20340360E+06  .23614190E+07 -.34434230E-01  .41807460E+04
 .99051670E+03  .31746830E+03  .18550570E+06  .23501850E+07 -.31723680E-01  .41796710E+04
 .99221660E+03  .31324280E+03  .16784610E+06  .23357840E+07 -.28982120E-01  .41789050E+04
 .99376190E+03  .30907290E+03  .15042150E+06  .23180750E+07 -.26198300E-01  .41784940E+04
 .99514980E+03  .30495830E+03  .13322890E+06  .22969300E+07 -.23357470E-01  .41785070E+04
 .99637650E+03  .30089880E+03  .11626510E+06  .22722460E+07 -.20441160E-01  .41790440E+04
 .99743740E+03  .29689410E+03  .99527200E+05  .22439670E+07 -.17427290E-01  .41802360E+04
 .99832610E+03  .29294420E+03  .83011980E+05  .22121020E+07 -.14290140E-01  .41822550E+04
 .99903500E+03  .28904910E+03  .66716430E+05  .21767370E+07 -.11000160E-01  .41853150E+04
 .99903500E+03  .28904910E+03  .66716430E+05  .21767370E+07 -.11000160E-01  .41853150E+04
 .99996840E+03  .27888920E+03  .24126060E+05  .20665980E+07 -.11581990E-02  .42009150E+04
 .99927310E+03  .26914000E+03 -.16970840E+05  .19413930E+07  .10880090E-01  .42338420E+04
 .10135200E-02  .32608800E+03  .22154280E+06  .26724650E-04 -.14434510E-02  .41821040E+04
 .10517780E+02  .32608800E+03  .25973530E+07  .65834880E-03 -.14434510E-02  .19032040E+04
 .95077130E-01  .32608800E+03  .25973530E+07  .19902830E+06 -.50937530E-04  .19032040E+04
 .92270600E-01  .33582510E+03  .26158850E+07  .20491950E+06 -.49305470E-04  .19033790E+04
 .89553870E-01  .34585070E+03  .26349710E+07  .21096590E+06 -.47729900E-04  .19040880E+04
 .86923860E-01  .35617020E+03  .26546260E+07  .21717030E+06 -.46207540E-04  .19053310E+04
 .84377680E-01  .36678910E+03  .26748670E+07  .22353530E+06 -.44735480E-04  .19071070E+04
 .81912600E-01  .37771260E+03  .26957120E+07  .23006300E+06 -.43311120E-04  .19094140E+04
 .79525990E-01  .38894620E+03  .27171770E+07  .23675560E+06 -.41932150E-04  .19122470E+04
 .77215380E-01  .40049480E+03  .27392800E+07  .24361510E+06 -.40596540E-04  .19156020E+04
 .74978400E-01  .41236370E+03  .27620380E+07  .25064320E+06 -.39302440E-04  .19194730E+04
 .72812770E-01  .42455760E+03  .27854700E+07  .25784150E+06 -.38048220E-04  .19238550E+04
 .70716280E-01  .43708150E+03  .28095950E+07  .26521150E+06 -.36832400E-04  .19287400E+04
 .68686850E-01  .44994010E+03  .28344300E+07  .27275460E+06 -.35653660E-04  .19341230E+04
 .66722410E-01  .46313790E+03  .28599940E+07  .28047190E+06 -.34510780E-04  .19399970E+04
 .64820990E-01  .47667940E+03  .28863080E+07  .28836450E+06 -.33402660E-04  .19463550E+04
 .64820990E-01  .47667940E+03  .28863080E+07  .28836450E+06 -.33402660E-04  .19463550E+04
 .60949900E-01  .50687460E+03  .29453050E+07  .30587180E+06 -.31140490E-04  .19615810E+04
 .57341440E-01  .53870880E+03  .30080230E+07  .32419640E+06 -.29024260E-04  .19789440E+04
 .53978570E-01  .57221950E+03  .30746620E+07  .34334460E+06 -.27045930E-04  .19983890E+04
 .50845190E-01  .60744150E+03  .31454240E+07  .36332110E+06 -.25198190E-04  .20198630E+04
 .47926050E-01  .64440560E+03  .32205180E+07  .38413020E+06 -.23474210E-04  .20433100E+04
 .45206690E-01  .68313980E+03  .33001520E+07  .40577590E+06 -.21867560E-04  .20686640E+04
 .42673390E-01  .72366920E+03  .33845430E+07  .42826280E+06 -.20372090E-04  .20958390E+04
 .40313170E-01  .76601630E+03  .34739060E+07  .45159710E+06 -.18981920E-04  .21247240E+04
 .38113750E-01  .81020210E+03  .35684600E+07  .47578760E+06 -.17691390E-04  .21551720E+04
 .36063470E-01  .85624740E+03  .36684290E+07  .50084710E+06 -.16495070E-04  .21869960E+04
 .34151370E-01  .90417400E+03  .37740350E+07  .52679350E+06 -.15387760E-04  .22199550E+04
 .32367050E-01  .95400700E+03  .38855070E+07  .55365170E+06 -.14364430E-04  .22537550E+04
 .30700740E-01  .10057760E+04  .40030740E+07  .58145540E+06 -.13420290E-04  .22880340E+04
 .29143200E-01  .10595210E+04  .41269720E+07  .61024910E+06 -.12550760E-04  .23223560E+04
 .27685750E-01  .11152900E+04  .42574400E+07  .64009110E+06 -.11751500E-04  .23562040E+04
 .75491930E+03  .22597310E+06  .98615300E+03  .80093350E+04  .25992150E+07  .99772230E-01
 .10000000E+02  .30000000E+01  .20000000E+01  .14000000E+02  .16000000E+02  .10537330E+05
 .98615300E+03  .32714710E+03  .22597310E+06  .23711820E+07 -.37770060E-01  .41824720E+04
 .98819310E+03  .32279530E+03  .20777500E+06  .23636850E+07 -.35086990E-01  .41810470E+04
 .99008230E+03  .31850010E+03  .18981890E+06  .23531960E+07 -.32382630E-01  .41799020E+04
 .99181930E+03  .31426100E+03  .17210190E+06  .23395750E+07 -.29649490E-01  .41790580E+04
 .99340230E+03  .31007770E+03  .15462070E+06  .23226790E+07 -.26877130E-01  .41785560E+04
 .99482860E+03  .30594970E+03  .13737220E+06  .23023770E+07 -.24051670E-01  .41784580E+04
 .99609480E+03  .30187690E+03  .12035330E+06  .22785560E+07 -.21155540E-01  .41788570E+04
 .99719640E+03  .29785890E+03  .10356090E+06  .22511510E+07 -.18167520E-01  .41798760E+04
 .99812740E+03  .29389570E+03  .86992050E+05  .22201490E+07 -.15062810E-01  .41816770E+04
 .99888070E+03  .28998740E+03  .70643590E+05  .21856180E+07 -.11812790E-01  .41844620E+04
 .99888070E+03  .28998740E+03  .70643590E+05  .21856180E+07 -.11812790E-01  .41844620E+04
 .99994650E+03  .27979120E+03  .27915190E+05  .20773540E+07 -.21239240E-02  .41989330E+04
 .99941280E+03  .27000380E+03 -.13314200E+05  .19529680E+07  .96739360E-02  .42298600E+04
 .10140410E-02  .32714710E+03  .22597310E+06  .24401890E-04 -.13814780E-02  .41824720E+04
 .10022830E+02  .32714710E+03  .25992150E+07  .59578510E-03 -.13814780E-02  .19049240E+04
 .99772230E-01  .32714710E+03  .25992150E+07  .19963000E+06 -.53443290E-04  .19049240E+04
 .96827670E-01  .33690730E+03  .26178080E+07  .20553630E+06 -.51729940E-04  .19049650E+04
 .93977370E-01  .34695700E+03  .26369540E+07  .21159820E+06 -.50076150E-04  .19055550E+04
 .91218090E-01  .35730170E+03  .26566720E+07  .21781850E+06 -.48478400E-04  .19066940E+04
 .88546800E-01  .36794690E+03  .26769780E+07  .22419960E+06 -.46933570E-04  .19083800E+04
 .85960600E-01  .37889770E+03  .26978880E+07  .23074380E+06 -.45438910E-04  .19106100E+04
 .83456750E-01  .39015960E+03  .27194200E+07  .23745330E+06 -.43991960E-04  .19133790E+04
 .81032650E-01  .40173750E+03  .27415920E+07  .24432990E+06 -.42590540E-04  .19166820E+04
 .78685800E-01  .41363650E+03  .27644210E+07  .25137530E+06 -.41232720E-04  .19205120E+04
 .76413800E-01  .42586150E+03  .27879250E+07  .25859130E+06 -.39916750E-04  .19248630E+04
 .74214370E-01  .43841720E+03  .28121230E+07  .26597920E+06 -.38641090E-04  .19297270E+04
 .72085280E-01  .45130840E+03  .28370340E+07  .27354030E+06 -.37404320E-04  .19350960E+04
 .70024380E-01  .46453960E+03  .28626760E+07  .28127580E+06 -.36205190E-04  .19409640E+04
 .68029610E-01  .47811530E+03  .28890690E+07  .28918680E+06 -.35042530E-04  .19473240E+04
 .68029610E-01  .47811530E+03  .28890690E+07  .28918680E+06 -.35042530E-04  .19473240E+04
 .63968500E-01  .50838590E+03  .29482430E+07  .30673400E+06 -.32669000E-04  .19625720E+04
 .60182930E-01  .54029800E+03  .30111470E+07  .32509890E+06 -.30448600E-04  .19799780E+04
 .56655050E-01  .57388920E+03  .30779820E+07  .34428760E+06 -.28372930E-04  .19994810E+04
 .53367950E-01  .60919340E+03  .31489490E+07  .36430500E+06 -.26434330E-04  .20210250E+04
 .50305610E-01  .64624170E+03  .32242580E+07  .38515500E+06 -.24625660E-04  .20445470E+04
 .47452860E-01  .68506150E+03  .33041180E+07  .40684180E+06 -.22940160E-04  .20699780E+04
 .44795300E-01  .72567770E+03  .33887440E+07  .42936990E+06 -.21371400E-04  .20972300E+04
 .42319310E-01  .76811280E+03  .34783530E+07  .45274570E+06 -.19913190E-04  .21261880E+04
 .40011950E-01  .81238770E+03  .35731650E+07  .47697810E+06 -.18559600E-04  .21567030E+04
 .37861050E-01  .85852310E+03  .36734010E+07  .50208020E+06 -.17304920E-04  .21885840E+04
 .35855040E-01  .90654100E+03  .37792860E+07  .52807030E+06 -.16143680E-04  .22215900E+04
 .33983030E-01  .95646650E+03  .38910470E+07  .55497340E+06 -.15070600E-04  .22554190E+04
 .32234770E-01  .10083300E+04  .40089150E+07  .58282400E+06 -.14080660E-04  .22897090E+04
 .30600550E-01  .10621710E+04  .41331250E+07  .61166700E+06 -.13169030E-04  .23240190E+04
 .29071250E-01  .11180390E+04  .42639180E+07  .64156140E+06 -.12331150E-04  .23578280E+04
