 .75491930E+03  .22597310E+06  .98615300E+03  .80093350E+04  .25992150E+07  .99772230E-01
 .10000000E+02  .40000000E+01  .20000000E+01  .14000000E+02  .16000000E+02  .10537330E+05
 .98615300E+03  .32714710E+03  .22597310E+06  .23711820E+07 -.37770060E-01  .41824720E+04
 .98819310E+03  .32279530E+03  .20777500E+06  .23636850E+07 -.35086990E-01  .41810470E+04
 .99008230E+03  .31850010E+03  .18981890E+06  .23531960E+07 -.32382630E-01  .41799020E+04
 .99181930E+03  .31426100E+03  .17210190E+06  .23395750E+07 -.29649490E-01  .41790580E+04
 .99340230E+03  .31007770E+03  .15462070E+06  .23226790E+07 -.26877130E-01  .41785560E+04
 .99482860E+03  .30594970E+03  .13737220E+06  .23023770E+07 -.24051670E-01  .41784580E+04
 .99609480E+03  .30187690E+03  .12035330E+06  .22785560E+07 -.21155540E-01  .41788570E+04
 .99719640E+03  .29785890E+03  .10356090E+06  .22511510E+07 -.18167520E-01  .41798760E+04
 .99812740E+03  .29389570E+03  .86992050E+05  .22201490E+07 -.15062810E-01  .41816770E+04
 .99888070E+03  .28998740E+03  .70643590E+05  .21856180E+07 -.11812790E-01  .41844620E+04
 .99888070E+03  .28998740E+03  .70643590E+05  .21856180E+07 -.11812790E-01  .41844620E+04
 .99994650E+03  .27979120E+03  .27915190E+05  .20773540E+07 -.21239240E-02  .41989330E+04
 .99941280E+03  .27000380E+03 -.13314200E+05  .19529680E+07  .96739360E-02  .42298600E+04
 .99688550E+03  .26065450E+03 -.53107830E+05  .18281980E+07  .24651500E-01  .42893930E+04
 .10140410E-02  .32714710E+03  .22597310E+06  .24401890E-04 -.13814780E-02  .41824720E+04
 .10022830E+02  .32714710E+03  .25992150E+07  .59578510E-03 -.13814780E-02  .19049240E+04
 .99772230E-01  .32714710E+03  .25992150E+07  .19963000E+06 -.53443290E-04  .19049240E+04
 .96827670E-01  .33690730E+03  .26178080E+07  .20553630E+06 -.51729940E-04  .19049650E+04
 .93977370E-01  .34695700E+03  .26369540E+07  .21159820E+06 -.50076150E-04  .19055550E+04
 .91218090E-01  .35730170E+03  .26566720E+07  .21781850E+06 -.48478400E-04  .19066940E+04
 .88546800E-01  .36794690E+03  .26769780E+07  .22419960E+06 -.46933570E-04  .19083800E+04
 .85960600E-01  .37889770E+03  .26978880E+07  .23074380E+06 -.45438910E-04  .19106100E+04
 .83456750E-01  .39015960E+03  .27194200E+07  .23745330E+06 -.43991960E-04  .19133790E+04
 .81032650E-01  .40173750E+03  .27415920E+07  .24432990E+06 -.42590540E-04  .19166820E+04
 .78685800E-01  .41363650E+03  .27644210E+07  .25137530E+06 -.41232720E-04  .19205120E+04
 .76413800E-01  .42586150E+03  .27879250E+07  .25859130E+06 -.39916750E-04  .19248630E+04
 .74214370E-01  .43841720E+03  .28121230E+07  .26597920E+06 -.38641090E-04  .19297270E+04
 .72085280E-01  .45130840E+03  .28370340E+07  .27354030E+06 -.37404320E-04  .19350960E+04
 .70024380E-01  .46453960E+03  .28626760E+07  .28127580E+06 -.36205190E-04  .19409640E+04
 .68029610E-01  .47811530E+03  .28890690E+07  .28918680E+06 -.35042530E-04  .19473240E+04
 .68029610E-01  .47811530E+03  .28890690E+07  .28918680E+06 -.35042530E-04  .19473240E+04
 .63968500E-01  .50838590E+03  .29482430E+07  .30673400E+06 -.32669000E-04  .19625720E+04
 .60182930E-01  .54029800E+03  .30111470E+07  .32509890E+06 -.30448600E-04  .19799780E+04
 .56655050E-01  .57388920E+03  .30779820E+07  .34428760E+06 -.28372930E-04  .19994810E+04
 .53367950E-01  .60919340E+03  .31489490E+07  .36430500E+06 -.26434330E-04  .20210250E+04
 .50305610E-01  .64624170E+03  .32242580E+07  .38515500E+06 -.24625660E-04  .20445470E+04
 .47452860E-01  .68506150E+03  .33041180E+07  .40684180E+06 -.22940160E-04  .20699780E+04
 .44795300E-01  .72567770E+03  .33887440E+07  .42936990E+06 -.21371400E-04  .20972300E+04
 .42319310E-01  .76811280E+03  .34783530E+07  .45274570E+06 -.19913190E-04  .21261880E+04
 .40011950E-01  .81238770E+03  .35731650E+07  .47697810E+06 -.18559600E-04  .21567030E+04
 .37861050E-01  .85852310E+03  .36734010E+07  .50208020E+06 -.17304920E-04  .21885840E+04
 .35855040E-01  .90654100E+03  .37792860E+07  .52807030E+06 -.16143680E-04  .22215900E+04
 .33983030E-01  .95646650E+03  .38910470E+07  .55497340E+06 -.15070600E-04  .22554190E+04
 .32234770E-01  .10083300E+04  .40089150E+07  .58282400E+06 -.14080660E-04  .22897090E+04
 .30600550E-01  .10621710E+04  .41331250E+07  .61166700E+06 -.13169030E-04  .23240190E+04
 .29071250E-01  .11180390E+04  .42639180E+07  .64156140E+06 -.12331150E-04  .23578280E+04
 .78027340E+03  .23429430E+06  .98518060E+03  .79761740E+04  .26027050E+07  .10911830E+00
 .10000000E+02  .40000000E+01  .20000000E+01  .14000000E+02  .16000000E+02  .10504170E+05
 .98518060E+03  .32913620E+03  .23429430E+06  .23736390E+07 -.38979330E-01  .41832050E+04
 .98728860E+03  .32475860E+03  .21598550E+06  .23674520E+07 -.36304070E-01  .41816550E+04
 .98924630E+03  .32043780E+03  .19792030E+06  .23583340E+07 -.33610150E-01  .41803820E+04
 .99105250E+03  .31617340E+03  .18009550E+06  .23461480E+07 -.30891150E-01  .41793970E+04
 .99270550E+03  .31196480E+03  .16250780E+06  .23307530E+07 -.28138070E-01  .41787330E+04
 .99420310E+03  .30781190E+03  .14515430E+06  .23120080E+07 -.25338630E-01  .41784430E+04
 .99554230E+03  .30371410E+03  .12803190E+06  .22897910E+07 -.22476920E-01  .41786040E+04
 .99671900E+03  .29967130E+03  .11113740E+06  .22640130E+07 -.19533380E-01  .41793250E+04
 .99772810E+03  .29568330E+03  .94467680E+05  .22346360E+07 -.16484840E-01  .41807490E+04
 .99856290E+03  .29175010E+03  .78019800E+05  .22016880E+07 -.13304430E-01  .41830600E+04
 .99856290E+03  .29175010E+03  .78019800E+05  .22016880E+07 -.13304430E-01  .41830600E+04
 .99987100E+03  .28148650E+03  .35032030E+05  .20970900E+07 -.38841940E-02  .41955760E+04
 .99963100E+03  .27162840E+03 -.64464030E+04  .19745710E+07  .74879130E-02  .42230220E+04
 .99747550E+03  .26220210E+03 -.46478060E+05  .18483500E+07  .21846430E-01  .42765920E+04
 .10150420E-02  .32913620E+03  .23429430E+06  .20611610E-04 -.12734120E-02  .41832050E+04
 .91643610E+01  .32913620E+03  .26027050E+07  .49489980E-03 -.12734120E-02  .19082660E+04
 .10911830E+00  .32913620E+03  .26027050E+07  .20075640E+06 -.58429670E-04  .19082660E+04
 .10589910E+00  .33893900E+03  .26214090E+07  .20669100E+06 -.56554400E-04  .19080400E+04
 .10278300E+00  .34903340E+03  .26406710E+07  .21278190E+06 -.54744830E-04  .19083940E+04
 .99766540E-01  .35942490E+03  .26605070E+07  .21903180E+06 -.52996980E-04  .19093250E+04
 .96846290E-01  .37011890E+03  .26809320E+07  .22544310E+06 -.51307340E-04  .19108330E+04
 .94019090E-01  .38112050E+03  .27019660E+07  .23201820E+06 -.49672770E-04  .19129100E+04
 .91281960E-01  .39243500E+03  .27236240E+07  .23875910E+06 -.48090520E-04  .19155520E+04
 .88632020E-01  .40406740E+03  .27459240E+07  .24566770E+06 -.46558170E-04  .19187500E+04
 .86066560E-01  .41602260E+03  .27688850E+07  .25274570E+06 -.45073530E-04  .19224970E+04
 .83582940E-01  .42830540E+03  .27925250E+07  .25999460E+06 -.43634700E-04  .19267850E+04
 .81178650E-01  .44092060E+03  .28168620E+07  .26741590E+06 -.42239950E-04  .19316030E+04
 .78851270E-01  .45387280E+03  .28419140E+07  .27501080E+06 -.40887730E-04  .19369440E+04
 .76598450E-01  .46716640E+03  .28677020E+07  .28278050E+06 -.39576650E-04  .19427990E+04
 .74417930E-01  .48080580E+03  .28942430E+07  .29072590E+06 -.38305440E-04  .19491580E+04
 .74417930E-01  .48080580E+03  .28942430E+07  .29072590E+06 -.38305440E-04  .19491580E+04
 .69978710E-01  .51121700E+03  .29537490E+07  .30834760E+06 -.35710300E-04  .19644430E+04
 .65840770E-01  .54327500E+03  .30170010E+07  .32678790E+06 -.33282600E-04  .19819270E+04
 .61984560E-01  .57701620E+03  .30842020E+07  .34605250E+06 -.31013210E-04  .20015380E+04
 .58391600E-01  .61247430E+03  .31555540E+07  .36614600E+06 -.28893800E-04  .20232080E+04
 .55044360E-01  .64967960E+03  .32312660E+07  .38707250E+06 -.26916600E-04  .20468700E+04
 .51926220E-01  .68865920E+03  .33115480E+07  .40883590E+06 -.25074230E-04  .20724450E+04
 .49021430E-01  .72943770E+03  .33966160E+07  .43144100E+06 -.23359650E-04  .20998400E+04
 .46315070E-01  .77203700E+03  .34866860E+07  .45489430E+06 -.21766110E-04  .21289330E+04
 .43792990E-01  .81647820E+03  .35819780E+07  .47920520E+06 -.20287100E-04  .21595720E+04
 .41441830E-01  .86278190E+03  .36827150E+07  .50438700E+06 -.18916360E-04  .21915590E+04
 .39248970E-01  .91097020E+03  .37891210E+07  .53045860E+06 -.17647900E-04  .22246460E+04
 .37202480E-01  .96106870E+03  .39014240E+07  .55744600E+06 -.16475920E-04  .22585290E+04
 .35291110E-01  .10131090E+04  .40198560E+07  .58538420E+06 -.15394920E-04  .22928350E+04
 .33504270E-01  .10671300E+04  .41446500E+07  .61431960E+06 -.14399610E-04  .23271200E+04
 .31831970E-01  .11231830E+04  .42760480E+07  .64431240E+06 -.13485010E-04  .23608520E+04
 .80359780E+03  .24199420E+06  .98425920E+03  .79459540E+04  .26059220E+07  .11841020E+00
 .10000000E+02  .40000000E+01  .20000000E+01  .14000000E+02  .16000000E+02  .10473950E+05
 .98425920E+03  .33097640E+03  .24199420E+06  .23753920E+07 -.40089260E-01  .41839290E+04
 .98642950E+03  .32657500E+03  .22358300E+06  .23703870E+07 -.37420330E-01  .41822630E+04
 .98844990E+03  .32223070E+03  .20541670E+06  .23625060E+07 -.34734860E-01  .41808750E+04
 .99031940E+03  .31794280E+03  .18749210E+06  .23516150E+07 -.32027240E-01  .41797670E+04
 .99203640E+03  .31371100E+03  .16980610E+06  .23375740E+07 -.29289670E-01  .41789650E+04
 .99359910E+03  .30953490E+03  .15235540E+06  .23202400E+07 -.26511270E-01  .41785100E+04
 .99500460E+03  .30541420E+03  .13513710E+06  .22994820E+07 -.23677690E-01  .41784720E+04
 .99624960E+03  .30134850E+03  .11814800E+06  .22751950E+07 -.20770870E-01  .41789440E+04
 .99732920E+03  .29733770E+03  .10138510E+06  .22473170E+07 -.17769130E-01  .41800550E+04
 .99823750E+03  .29338170E+03  .84845180E+05  .22158470E+07 -.14647170E-01  .41819710E+04
 .99823750E+03  .29338170E+03  .84845180E+05  .22158470E+07 -.14647170E-01  .41819710E+04
 .99976270E+03  .28305620E+03  .41617300E+05  .21147800E+07 -.54547910E-02  .41928550E+04
 .99978370E+03  .27313390E+03 -.91818530E+02  .19943330E+07  .55520880E-02  .42173800E+04
 .99795680E+03  .26363790E+03 -.40344150E+05  .18673800E+07  .19370380E-01  .42659090E+04
 .10159930E-02  .33097640E+03  .24199420E+06  .17670850E-04 -.11822710E-02  .41839290E+04
 .84452160E+01  .33097640E+03  .26059220E+07  .41780160E-03 -.11822710E-02  .19114890E+04
 .11841020E+00  .33097640E+03  .26059220E+07  .20179430E+06 -.63385080E-04  .19114890E+04
 .11491800E+00  .34081780E+03  .26247310E+07  .20775490E+06 -.61348690E-04  .19109990E+04
 .11153780E+00  .35095290E+03  .26440990E+07  .21387240E+06 -.59384190E-04  .19111190E+04
 .10826580E+00  .36138700E+03  .26640430E+07  .22014950E+06 -.57487110E-04  .19118460E+04
 .10509810E+00  .37212550E+03  .26845800E+07  .22658870E+06 -.55653500E-04  .19131750E+04
 .10203140E+00  .38317350E+03  .27057270E+07  .23319220E+06 -.53879870E-04  .19151010E+04
 .99062490E-01  .39453610E+03  .27275020E+07  .23996200E+06 -.52163180E-04  .19176150E+04
 .96188140E-01  .40621840E+03  .27499210E+07  .24690010E+06 -.50500700E-04  .19207090E+04
 .93405440E-01  .41822500E+03  .27730040E+07  .25400800E+06 -.48890060E-04  .19243720E+04
 .90711530E-01  .43056090E+03  .27967680E+07  .26128730E+06 -.47329130E-04  .19285950E+04
 .88103690E-01  .44323070E+03  .28212330E+07  .26873930E+06 -.45816040E-04  .19333670E+04
 .85579280E-01  .45623880E+03  .28464170E+07  .27636530E+06 -.44349090E-04  .19386780E+04
 .83135750E-01  .46958970E+03  .28723380E+07  .28416640E+06 -.42926750E-04  .19445160E+04
 .80770670E-01  .48328760E+03  .28990170E+07  .29214350E+06 -.41547660E-04  .19508710E+04
 .80770670E-01  .48328760E+03  .28990170E+07  .29214350E+06 -.41547660E-04  .19508710E+04
 .75955740E-01  .51382800E+03  .29588280E+07  .30983380E+06 -.38732270E-04  .19661860E+04
 .71467660E-01  .54601980E+03  .30224020E+07  .32834340E+06 -.36098550E-04  .19837380E+04
 .67285220E-01  .57989900E+03  .30899400E+07  .34767780E+06 -.33636630E-04  .20034450E+04
 .63388360E-01  .61549850E+03  .31616470E+07  .36784130E+06 -.31337530E-04  .20252310E+04
 .59758040E-01  .65284810E+03  .32377300E+07  .38883810E+06 -.29192850E-04  .20490200E+04
 .56376220E-01  .69197450E+03  .33184010E+07  .41067190E+06 -.27194610E-04  .20747260E+04
 .53225780E-01  .73290190E+03  .34038760E+07  .43334780E+06 -.25335180E-04  .21022500E+04
 .50290520E-01  .77565220E+03  .34943710E+07  .45687240E+06 -.23607200E-04  .21314670E+04
 .47555080E-01  .82024600E+03  .35901060E+07  .48125540E+06 -.22003630E-04  .21622170E+04
 .45004940E-01  .86670420E+03  .36913040E+07  .50651040E+06 -.20517650E-04  .21942990E+04
 .42626400E-01  .91504910E+03  .37981900E+07  .53265710E+06 -.19142730E-04  .22274590E+04
 .40406500E-01  .96530660E+03  .39109920E+07  .55972200E+06 -.17872590E-04  .22613880E+04
 .38333030E-01  .10175080E+04  .40299420E+07  .58774110E+06 -.16701210E-04  .22957060E+04
 .36394480E-01  .10716950E+04  .41552740E+07  .61676160E+06 -.15622870E-04  .23299630E+04
 .34580030E-01  .11279190E+04  .42872300E+07  .64684540E+06 -.14632150E-04  .23636190E+04
 .82520640E+03  .24916620E+06  .98338240E+03  .79181970E+04  .26089090E+07  .12765250E+00
 .10000000E+02  .40000000E+01  .20000000E+01  .14000000E+02  .16000000E+02  .10446200E+05
 .98338240E+03  .33269010E+03  .24916620E+06  .23765920E+07 -.41115630E-01  .41846430E+04
 .98561040E+03  .32826670E+03  .23065960E+06  .23726630E+07 -.38451920E-01  .41828700E+04
 .98768870E+03  .32390040E+03  .21239920E+06  .23659060E+07 -.35773420E-01  .41813740E+04
 .98961660E+03  .31959070E+03  .19438170E+06  .23561930E+07 -.33075140E-01  .41801560E+04
 .99139270E+03  .31533730E+03  .17660400E+06  .23433840E+07 -.30350250E-01  .41792320E+04
 .99301510E+03  .31113980E+03  .15906290E+06  .23273360E+07 -.27589130E-01  .41786370E+04
 .99448180E+03  .30699770E+03  .14175530E+06  .23079140E+07 -.24778790E-01  .41784280E+04
 .99578920E+03  .30291080E+03  .12467810E+06  .22849980E+07 -.21902620E-01  .41786890E+04
 .99693320E+03  .29887880E+03  .10782830E+06  .22585100E+07 -.18940330E-01  .41795360E+04
 .99790840E+03  .29490170E+03  .91202670E+05  .22284210E+07 -.15868020E-01  .41811190E+04
 .99790840E+03  .29490170E+03  .91202670E+05  .22284210E+07 -.15868020E-01  .41811190E+04
 .99963010E+03  .28451920E+03  .47751050E+05  .21307390E+07 -.68711490E-02  .41906240E+04
 .99988560E+03  .27453770E+03  .58268880E+04  .20124870E+07  .38190700E-02  .42126600E+04
 .99835220E+03  .26497810E+03 -.34631320E+05  .18853340E+07  .17162150E-01  .42568760E+04
 .10168980E-02  .33269010E+03  .24916620E+06  .15339810E-04 -.11042950E-02  .41846430E+04
 .78337670E+01  .33269010E+03  .26089090E+07  .35753730E-03 -.11042950E-02  .19146070E+04
 .12765250E+00  .33269010E+03  .26089090E+07  .20275720E+06 -.68312150E-04  .19146070E+04
 .12388890E+00  .34256690E+03  .26278150E+07  .20874180E+06 -.66115390E-04  .19138560E+04
 .12024610E+00  .35273910E+03  .26472820E+07  .21488400E+06 -.63996730E-04  .19137450E+04
 .11671990E+00  .36321230E+03  .26673270E+07  .22118630E+06 -.61951200E-04  .19142690E+04
 .11330630E+00  .37399170E+03  .26879680E+07  .22765120E+06 -.59974410E-04  .19154220E+04
 .11000160E+00  .38508240E+03  .27092200E+07  .23428100E+06 -.58062520E-04  .19171970E+04
 .10680220E+00  .39648930E+03  .27311030E+07  .24107770E+06 -.56212140E-04  .19195840E+04
 .10370470E+00  .40821750E+03  .27536330E+07  .24804300E+06 -.54420300E-04  .19225730E+04
 .10070600E+00  .42027170E+03  .27768290E+07  .25517870E+06 -.52684380E-04  .19261530E+04
 .97803060E-01  .43265660E+03  .28007100E+07  .26248610E+06 -.51002070E-04  .19303110E+04
 .94992850E-01  .44537670E+03  .28252930E+07  .26996670E+06 -.49371310E-04  .19350350E+04
 .92272550E-01  .45843650E+03  .28505980E+07  .27762150E+06 -.47790290E-04  .19403130E+04
 .89639430E-01  .47184030E+03  .28766440E+07  .28545170E+06 -.46257340E-04  .19461320E+04
 .87090860E-01  .48559230E+03  .29034510E+07  .29345810E+06 -.44770980E-04  .19524820E+04
 .87090860E-01  .48559230E+03  .29034510E+07  .29345810E+06 -.44770980E-04  .19524820E+04
 .81902410E-01  .51625230E+03  .29635450E+07  .31121210E+06 -.41736580E-04  .19678180E+04
 .77066240E-01  .54856800E+03  .30274180E+07  .32978580E+06 -.38897990E-04  .19854310E+04
 .72559490E-01  .58257480E+03  .30952690E+07  .34918480E+06 -.36244620E-04  .20052260E+04
 .68360510E-01  .61830510E+03  .31673040E+07  .36941330E+06 -.33766860E-04  .20271180E+04
 .64448780E-01  .65578810E+03  .32437320E+07  .39047500E+06 -.31455670E-04  .20510210E+04
 .60804830E-01  .69505040E+03  .33247650E+07  .41237410E+06 -.29302480E-04  .20768480E+04
 .57410200E-01  .73611550E+03  .34106170E+07  .43511540E+06 -.27299050E-04  .21044900E+04
 .54247390E-01  .77900530E+03  .35015050E+07  .45870600E+06 -.25437480E-04  .21338200E+04
 .51299840E-01  .82374040E+03  .35976520E+07  .48315570E+06 -.23710120E-04  .21646720E+04
 .48551880E-01  .87034160E+03  .36992780E+07  .50847860E+06 -.22109650E-04  .21968400E+04
 .45988730E-01  .91883140E+03  .38066090E+07  .53469480E+06 -.20628980E-04  .22300660E+04
 .43596410E-01  .96923600E+03  .39198740E+07  .56183160E+06 -.19261340E-04  .22640340E+04
 .41361750E-01  .10215880E+04  .40393040E+07  .58992570E+06 -.18000220E-04  .22983610E+04
 .39272340E-01  .10759280E+04  .41651340E+07  .61902540E+06 -.16839450E-04  .23325880E+04
 .37316500E-01  .11323100E+04  .42976080E+07  .64919360E+06 -.15773170E-04  .23661710E+04
 .84534510E+03  .25588380E+06  .98254540E+03  .78925360E+04  .26116980E+07  .13684910E+00
 .10000000E+02  .40000000E+01  .20000000E+01  .14000000E+02  .16000000E+02  .10420540E+05
 .98254540E+03  .33429500E+03  .25588380E+06  .23773480E+07 -.42070710E-01  .41853480E+04
 .98482700E+03  .32985090E+03  .23728800E+06  .23744050E+07 -.39411350E-01  .41834720E+04
 .98695920E+03  .32546410E+03  .21893940E+06  .23686800E+07 -.36738680E-01  .41818770E+04
 .98894130E+03  .32113410E+03  .20083490E+06  .23600450E+07 -.34048200E-01  .41805580E+04
 .99077220E+03  .31686050E+03  .18297130E+06  .23483660E+07 -.31333850E-01  .41795250E+04
 .99245010E+03  .31264290E+03  .16534550E+06  .23334990E+07 -.28587080E-01  .41788060E+04
 .99397310E+03  .30848100E+03  .14795430E+06  .23153040E+07 -.25796180E-01  .41784500E+04
 .99533820E+03  .30437430E+03  .13079460E+06  .22936560E+07 -.22945850E-01  .41785310E+04
 .99654160E+03  .30032260E+03  .11386330E+06  .22684580E+07 -.20017110E-01  .41791510E+04
 .99757820E+03  .29632570E+03  .97157430E+05  .22396630E+07 -.16987370E-01  .41804490E+04
 .99757820E+03  .29632570E+03  .97157430E+05  .22396630E+07 -.16987370E-01  .41804490E+04
 .99947940E+03  .28589010E+03  .53496180E+05  .21452190E+07 -.81599060E-02  .41887710E+04
 .99994740E+03  .27585390E+03  .11370460E+05  .20292280E+07  .22532230E-02  .42086680E+04
 .99867850E+03  .26623580E+03 -.29280860E+05  .19022760E+07  .15175270E-01  .42491520E+04
 .10177650E-02  .33429500E+03  .25588380E+06  .13458360E-04 -.10367680E-02  .41853480E+04
 .73073190E+01  .33429500E+03  .26116980E+07  .30952470E-03 -.10367680E-02  .19176310E+04
 .13684910E+00  .33429500E+03  .26116980E+07  .20365550E+06 -.73213090E-04  .19176310E+04
 .13281550E+00  .34420420E+03  .26306940E+07  .20966250E+06 -.70856640E-04  .19166230E+04
 .12891160E+00  .35441070E+03  .26502540E+07  .21582760E+06 -.68584540E-04  .19162820E+04
 .12513260E+00  .36492000E+03  .26703940E+07  .22215340E+06 -.66391290E-04  .19166050E+04
 .12147440E+00  .37573720E+03  .26911310E+07  .22864230E+06 -.64272060E-04  .19175840E+04
 .11793280E+00  .38686730E+03  .27124820E+07  .23529660E+06 -.62222630E-04  .19192100E+04
 .11450420E+00  .39831530E+03  .27344660E+07  .24211830E+06 -.60239280E-04  .19214710E+04
 .11118490E+00  .41008620E+03  .27571000E+07  .24910910E+06 -.58318780E-04  .19243560E+04
 .10797140E+00  .42218440E+03  .27804020E+07  .25627060E+06 -.56458260E-04  .19278510E+04
 .10486050E+00  .43461480E+03  .28043910E+07  .26360430E+06 -.54655210E-04  .19319430E+04
 .10184900E+00  .44738170E+03  .28290850E+07  .27111150E+06 -.52907440E-04  .19366180E+04
 .98933830E-01  .46048960E+03  .28545040E+07  .27879320E+06 -.51212940E-04  .19418620E+04
 .96112150E-01  .47394260E+03  .28806660E+07  .28665050E+06 -.49569960E-04  .19476620E+04
 .93381070E-01  .48774490E+03  .29075920E+07  .29468430E+06 -.47976900E-04  .19540030E+04
 .93381070E-01  .48774490E+03  .29075920E+07  .29468430E+06 -.47976900E-04  .19540030E+04
 .87821130E-01  .51851610E+03  .29679510E+07  .31249750E+06 -.44724640E-04  .19693560E+04
 .82638760E-01  .55094710E+03  .30321020E+07  .33113120E+06 -.41682240E-04  .19870230E+04
 .77809450E-01  .58507260E+03  .31002460E+07  .35059030E+06 -.38838420E-04  .20068970E+04
 .73310010E-01  .62092460E+03  .31725890E+07  .37087920E+06 -.36182930E-04  .20288860E+04
 .69118400E-01  .65853190E+03  .32493380E+07  .39200150E+06 -.33706120E-04  .20528960E+04
 .65213750E-01  .69792050E+03  .33307070E+07  .41396130E+06 -.31398820E-04  .20788330E+04
 .61576260E-01  .73911380E+03  .34169110E+07  .43676360E+06 -.29252210E-04  .21065860E+04
 .58187140E-01  .78213350E+03  .35081680E+07  .46041560E+06 -.27257800E-04  .21360190E+04
 .55028630E-01  .82700000E+03  .36046970E+07  .48492740E+06 -.25407390E-04  .21669640E+04
 .52083920E-01  .87373430E+03  .37067230E+07  .51031360E+06 -.23693100E-04  .21992100E+04
 .49337140E-01  .92235880E+03  .38144690E+07  .53659460E+06 -.22107340E-04  .22324950E+04
 .46773310E-01  .97290030E+03  .39281650E+07  .56379840E+06 -.20642810E-04  .22664980E+04
 .44378300E-01  .10253920E+04  .40480430E+07  .59196250E+06 -.19292530E-04  .23008310E+04
 .42138800E-01  .10798750E+04  .41743390E+07  .62113610E+06 -.18049880E-04  .23350280E+04
 .40042280E-01  .11364050E+04  .43072950E+07  .65138340E+06 -.16908560E-04  .23685380E+04
 .86420970E+03  .26220580E+06  .98174400E+03  .78686790E+04  .26143140E+07  .14600340E+00
 .10000000E+02  .40000000E+01  .20000000E+01  .14000000E+02  .16000000E+02  .10396680E+05
 .98174400E+03  .33580510E+03  .26220580E+06  .23777440E+07 -.42964240E-01  .41860430E+04
 .98407570E+03  .33134160E+03  .24352600E+06  .23757120E+07 -.40308510E-01  .41840680E+04
 .98625830E+03  .32693550E+03  .22509450E+06  .23709370E+07 -.37640780E-01  .41823800E+04
 .98829110E+03  .32258650E+03  .20690820E+06  .23632970E+07 -.34956900E-01  .41809680E+04
 .99017300E+03  .31829390E+03  .18896380E+06  .23526590E+07 -.32251410E-01  .41798360E+04
 .99190270E+03  .31405750E+03  .17125820E+06  .23388810E+07 -.29516720E-01  .41790070E+04
 .99347820E+03  .30987690E+03  .15378830E+06  .23218220E+07 -.26742230E-01  .41785210E+04
 .99489690E+03  .30575160E+03  .13655100E+06  .23013500E+07 -.23913880E-01  .41784450E+04
 .99615520E+03  .30168130E+03  .11954310E+06  .22773560E+07 -.21013920E-01  .41788700E+04
 .99724870E+03  .29766600E+03  .10276160E+06  .22497730E+07 -.18020980E-01  .41799220E+04
 .99724870E+03  .29766600E+03  .10276160E+06  .22497730E+07 -.18020980E-01  .41799220E+04
 .99931500E+03  .28718080E+03  .58903040E+05  .21584220E+07 -.93415330E-02  .41872220E+04
 .99997710E+03  .27709370E+03  .16587500E+05  .20447200E+07  .82717220E-03  .42052580E+04
 .99894840E+03  .26742130E+03 -.24245770E+05  .19182740E+07  .13373760E-01  .42424830E+04
 .10185960E-02  .33580510E+03  .26220580E+06  .11916100E-04 -.97768150E-03  .41860430E+04
 .68491580E+01  .33580510E+03  .26143140E+07  .27064360E-03 -.97768150E-03  .19205720E+04
 .14600340E+00  .33580510E+03  .26143140E+07  .20449780E+06 -.78089810E-04  .19205720E+04
 .14170120E+00  .34574430E+03  .26333960E+07  .21052570E+06 -.75574320E-04  .19193080E+04
 .13753730E+00  .35598260E+03  .26530430E+07  .21671220E+06 -.73149440E-04  .19187420E+04
 .13350690E+00  .36652530E+03  .26732720E+07  .22305990E+06 -.70809150E-04  .19188660E+04
 .12960520E+00  .37737750E+03  .26940990E+07  .22957130E+06 -.68548160E-04  .19196720E+04
 .12582810E+00  .38854440E+03  .27155440E+07  .23624860E+06 -.66361870E-04  .19211490E+04
 .12217140E+00  .40003070E+03  .27376220E+07  .24309370E+06 -.64246220E-04  .19232850E+04
 .11863130E+00  .41184120E+03  .27603530E+07  .25010840E+06 -.62197690E-04  .19260650E+04
 .11520410E+00  .42398060E+03  .27837550E+07  .25729410E+06 -.60213200E-04  .19294760E+04
 .11188620E+00  .43645340E+03  .28078450E+07  .26465240E+06 -.58290040E-04  .19335020E+04
 .10867450E+00  .44926410E+03  .28326440E+07  .27218450E+06 -.56425820E-04  .19381280E+04
 .10556550E+00  .46241680E+03  .28581690E+07  .27989150E+06 -.54618420E-04  .19433370E+04
 .10255620E+00  .47591580E+03  .28844410E+07  .28777430E+06 -.52865950E-04  .19491140E+04
 .99643510E-01  .48976520E+03  .29114780E+07  .29583370E+06 -.51166720E-04  .19554460E+04
 .99643510E-01  .48976520E+03  .29114780E+07  .29583370E+06 -.51166720E-04  .19554460E+04
 .93713950E-01  .52064040E+03  .29720860E+07  .31370240E+06 -.47697650E-04  .19708120E+04
 .88187120E-01  .55317930E+03  .30364990E+07  .33239210E+06 -.44452420E-04  .19885260E+04
 .83036890E-01  .58741590E+03  .31049170E+07  .35190770E+06 -.41419080E-04  .20084730E+04
 .78238500E-01  .62338170E+03  .31775480E+07  .37225300E+06 -.38586720E-04  .20305510E+04
 .73768450E-01  .66110520E+03  .32545990E+07  .39343200E+06 -.35945120E-04  .20546610E+04
 .69604430E-01  .70061190E+03  .33362840E+07  .41544860E+06 -.33484490E-04  .20807010E+04
 .65725310E-01  .74192520E+03  .34228180E+07  .43830800E+06 -.31195440E-04  .21085550E+04
 .62111030E-01  .78506630E+03  .35144190E+07  .46201740E+06 -.29068900E-04  .21380830E+04
 .58742620E-01  .83005570E+03  .36113080E+07  .48658740E+06 -.27096110E-04  .21691150E+04
 .55602150E-01  .87691430E+03  .37137080E+07  .51203280E+06 -.25268640E-04  .22014320E+04
 .52672660E-01  .92566500E+03  .38218430E+07  .53837460E+06 -.23578380E-04  .22347710E+04
 .49938160E-01  .97633470E+03  .39359440E+07  .56564130E+06 -.22017540E-04  .22688040E+04
 .47383570E-01  .10289570E+04  .40562420E+07  .59387100E+06 -.20578640E-04  .23031390E+04
 .44994690E-01  .10835740E+04  .41829730E+07  .62311410E+06 -.19254610E-04  .23373060E+04
 .42758140E-01  .11402420E+04  .43163810E+07  .65343550E+06 -.18038730E-04  .23707460E+04
 .88195880E+03  .26818030E+06  .98097450E+03  .78463890E+04  .26167790E+07  .15511820E+00
 .10000000E+02  .40000000E+01  .20000000E+01  .14000000E+02  .16000000E+02  .10374390E+05
 .98097450E+03  .33723190E+03  .26818030E+06  .23778450E+07 -.43804070E-01  .41867290E+04
 .98335330E+03  .33275020E+03  .24942110E+06  .23766570E+07 -.41151370E-01  .41846590E+04
 .98558330E+03  .32832590E+03  .23091120E+06  .23727650E+07 -.38487870E-01  .41828810E+04
 .98766370E+03  .32395880E+03  .21264750E+06  .23660470E+07 -.35809640E-01  .41813820E+04
 .98959360E+03  .31964840E+03  .19462680E+06  .23563730E+07 -.33111720E-01  .41801600E+04
 .99137180E+03  .31539430E+03  .17684580E+06  .23436060E+07 -.30387290E-01  .41792310E+04
 .99299630E+03  .31119600E+03  .15930160E+06  .23276020E+07 -.27626780E-01  .41786310E+04
 .99446500E+03  .30705310E+03  .14199080E+06  .23082240E+07 -.24817270E-01  .41784160E+04
 .99577470E+03  .30296550E+03  .12491060E+06  .22853550E+07 -.21942170E-01  .41786700E+04
 .99692100E+03  .29893280E+03  .10805770E+06  .22589140E+07 -.18981250E-01  .41795070E+04
 .99692100E+03  .29893280E+03  .10805770E+06  .22589140E+07 -.18981250E-01  .41795070E+04
 .99914020E+03  .28840090E+03  .64012580E+05  .21705150E+07 -.10432080E-01  .41859150E+04
 .99998090E+03  .27826610E+03  .21517580E+05  .20591020E+07 -.48050680E-03  .42023210E+04
 .99917190E+03  .26854320E+03 -.19487810E+05  .19333950E+07  .11729310E-01  .42366770E+04
 .10193940E-02  .33723190E+03  .26818030E+06  .10634840E-04 -.92551400E-03  .41867290E+04
 .64466970E+01  .33723190E+03  .26167790E+07  .23870930E-03 -.92551400E-03  .19234360E+04
 .15511820E+00  .33723190E+03  .26167790E+07  .20529070E+06 -.82943970E-04  .19234360E+04
 .15054870E+00  .34719890E+03  .26359410E+07  .21133830E+06 -.80270030E-04  .19219210E+04
 .14612620E+00  .35746670E+03  .26556710E+07  .21754490E+06 -.77693000E-04  .19211300E+04
 .14184540E+00  .36804060E+03  .26759830E+07  .22391330E+06 -.75206310E-04  .19210570E+04
 .13770150E+00  .37892560E+03  .26968970E+07  .23044590E+06 -.72804200E-04  .19216920E+04
 .13368980E+00  .39012670E+03  .27184290E+07  .23714480E+06 -.70481670E-04  .19230210E+04
 .12980610E+00  .40164880E+03  .27405970E+07  .24401190E+06 -.68234340E-04  .19250330E+04
 .12604620E+00  .41349660E+03  .27634200E+07  .25104900E+06 -.66058400E-04  .19277100E+04
 .12240630E+00  .42567450E+03  .27869150E+07  .25825760E+06 -.63950520E-04  .19310370E+04
 .11888260E+00  .43818710E+03  .28111010E+07  .26563910E+06 -.61907810E-04  .19349960E+04
 .11547150E+00  .45103870E+03  .28359980E+07  .27319470E+06 -.59927690E-04  .19395720E+04
 .11216950E+00  .46423360E+03  .28616240E+07  .28092530E+06 -.58007910E-04  .19447450E+04
 .10897350E+00  .47777580E+03  .28879990E+07  .28883210E+06 -.56146470E-04  .19505000E+04
 .10588010E+00  .49166940E+03  .29151420E+07  .29691570E+06 -.54341540E-04  .19568190E+04
 .10588010E+00  .49166940E+03  .29151420E+07  .29691570E+06 -.54341540E-04  .19568190E+04
 .99582630E-01  .52264220E+03  .29759840E+07  .31483670E+06 -.50656650E-04  .19721940E+04
 .93712980E-01  .55528230E+03  .30406430E+07  .33357910E+06 -.47209510E-04  .19899500E+04
 .88243350E-01  .58962340E+03  .31093200E+07  .35314760E+06 -.43987500E-04  .20099650E+04
 .83147440E-01  .62569620E+03  .31822210E+07  .37354620E+06 -.40979090E-04  .20321260E+04
 .78400250E-01  .66352880E+03  .32595570E+07  .39477840E+06 -.38173460E-04  .20563280E+04
 .73978110E-01  .70314660E+03  .33415400E+07  .41684840E+06 -.35560230E-04  .20824640E+04
 .69858510E-01  .74457240E+03  .34283850E+07  .43976140E+06 -.33129430E-04  .21104120E+04
 .66020140E-01  .78782760E+03  .35203100E+07  .46352490E+06 -.30871410E-04  .21400300E+04
 .62442830E-01  .83293250E+03  .36175370E+07  .48814960E+06 -.28776870E-04  .21711410E+04
 .59107510E-01  .87990800E+03  .37202890E+07  .51365070E+06 -.26836820E-04  .22035250E+04
 .55996160E-01  .92877710E+03  .38287910E+07  .54004960E+06 -.25042630E-04  .22369120E+04
 .53091780E-01  .97956720E+03  .39432720E+07  .56737550E+06 -.23385990E-04  .22709720E+04
 .50378340E-01  .10323120E+04  .40639650E+07  .59566710E+06 -.21858980E-04  .23053080E+04
 .47840740E-01  .10870550E+04  .41911070E+07  .62497550E+06 -.20454040E-04  .23394430E+04
 .45464770E-01  .11438530E+04  .43249410E+07  .65536700E+06 -.19164040E-04  .23728130E+04
 .89872300E+03  .27384660E+06  .98023420E+03  .78254760E+04  .26191090E+07  .16419620E+00
 .10000000E+02  .40000000E+01  .20000000E+01  .14000000E+02  .16000000E+02  .10353480E+05
 .98023420E+03  .33858490E+03  .27384660E+06  .23777020E+07 -.44596620E-01  .41874060E+04
 .98265750E+03  .33408580E+03  .25501210E+06  .23773020E+07 -.41946460E-01  .41852440E+04
 .98493200E+03  .32964440E+03  .23642790E+06  .23742310E+07 -.39286600E-01  .41833800E+04
 .98705730E+03  .32526030E+03  .21809080E+06  .23683720E+07 -.36613240E-01  .41817980E+04
 .98903230E+03  .32093290E+03  .19999770E+06  .23595970E+07 -.33921840E-01  .41804930E+04
 .99085610E+03  .31666200E+03  .18214530E+06  .23477710E+07 -.31206230E-01  .41794740E+04
 .99252690E+03  .31244700E+03  .16453050E+06  .23327500E+07 -.28457740E-01  .41787700E+04
 .99404250E+03  .30828760E+03  .14715020E+06  .23143960E+07 -.25664480E-01  .41784320E+04
 .99540010E+03  .30418340E+03  .13000130E+06  .22925820E+07 -.22810990E-01  .41785340E+04
 .99659590E+03  .30013430E+03  .11308060E+06  .22672150E+07 -.19878120E-01  .41791830E+04
 .99659590E+03  .30013430E+03  .11308060E+06  .22672150E+07 -.19878120E-01  .41791830E+04
 .99895750E+03  .28955840E+03  .68858590E+05  .21816360E+07 -.11444320E-01  .41848050E+04
 .99996340E+03  .27937870E+03  .26193310E+05  .20724950E+07 -.16868560E-02  .41997730E+04
 .99935660E+03  .26960860E+03 -.14975470E+05  .19477040E+07  .10219300E-01  .42315840E+04
 .10201640E-02  .33858490E+03  .27384660E+06  .95578730E-05 -.87909240E-03  .41874060E+04
 .60902760E+01  .33858490E+03  .26191090E+07  .21215440E-03 -.87909240E-03  .19262320E+04
 .16419620E+00  .33858490E+03  .26191090E+07  .20604000E+06 -.87777010E-04  .19262320E+04
 .15936050E+00  .34857780E+03  .26383490E+07  .21210610E+06 -.84945180E-04  .19244660E+04
 .15468040E+00  .35887320E+03  .26581560E+07  .21833180E+06 -.82216570E-04  .19234540E+04
 .15015040E+00  .36947620E+03  .26785480E+07  .22471970E+06 -.79584080E-04  .19231860E+04
 .14576530E+00  .38039190E+03  .26995430E+07  .23127220E+06 -.77041450E-04  .19236510E+04
 .14152020E+00  .39162520E+03  .27211580E+07  .23799150E+06 -.74583280E-04  .19248340E+04
 .13741050E+00  .40318090E+03  .27434110E+07  .24487950E+06 -.72204860E-04  .19267220E+04
 .13343180E+00  .41506360E+03  .27663200E+07  .25193780E+06 -.69902070E-04  .19292960E+04
 .12958010E+00  .42727770E+03  .27899040E+07  .25916800E+06 -.67671360E-04  .19325390E+04
 .12585130E+00  .43982780E+03  .28141820E+07  .26657140E+06 -.65509620E-04  .19364320E+04
 .12224180E+00  .45271800E+03  .28391710E+07  .27414910E+06 -.63414130E-04  .19409570E+04
 .11874780E+00  .46595260E+03  .28648930E+07  .28190220E+06 -.61382470E-04  .19460930E+04
 .11536580E+00  .47953550E+03  .28913650E+07  .28983160E+06 -.59412510E-04  .19518240E+04
 .11209250E+00  .49347070E+03  .29186070E+07  .29793800E+06 -.57502340E-04  .19581320E+04
 .11209250E+00  .49347070E+03  .29186070E+07  .29793800E+06 -.57502340E-04  .19581320E+04
 .10542880E+00  .52453570E+03  .29796710E+07  .31590840E+06 -.53602560E-04  .19735100E+04
 .99217790E-01  .55727140E+03  .30445630E+07  .33470060E+06 -.49954360E-04  .19913060E+04
 .93430180E-01  .59171080E+03  .31134840E+07  .35431920E+06 -.46544480E-04  .20113820E+04
 .88038060E-01  .62788450E+03  .31866420E+07  .37476790E+06 -.43360780E-04  .20336210E+04
 .83015000E-01  .66582010E+03  .32642470E+07  .39605040E+06 -.40391820E-04  .20579090E+04
 .78335870E-01  .70554250E+03  .33465110E+07  .41817080E+06 -.37626680E-04  .20841340E+04
 .73976870E-01  .74707460E+03  .34336500E+07  .44113440E+06 -.35054770E-04  .21121710E+04
 .69915410E-01  .79043730E+03  .35258820E+07  .46494890E+06 -.32665900E-04  .21418720E+04
 .66130130E-01  .83565110E+03  .36234290E+07  .48962520E+06 -.30450180E-04  .21730570E+04
 .62600820E-01  .88273680E+03  .37265130E+07  .51517890E+06 -.28398110E-04  .22055020E+04
 .59308410E-01  .93171770E+03  .38353610E+07  .54163180E+06 -.26500510E-04  .22389340E+04
 .56234870E-01  .98262130E+03  .39502020E+07  .56901360E+06 -.24748580E-04  .22730180E+04
 .53363260E-01  .10354820E+04  .40712690E+07  .59736360E+06 -.23133920E-04  .23073520E+04
 .50677560E-01  .10903440E+04  .41987980E+07  .62673400E+06 -.21648520E-04  .23414550E+04
 .48162740E-01  .11472650E+04  .43330340E+07  .65719180E+06 -.20284830E-04  .23747580E+04
 .91461090E+03  .27923770E+06  .97952030E+03  .78057800E+04  .26213210E+07  .17323950E+00
 .10000000E+02  .40000000E+01  .20000000E+01  .14000000E+02  .16000000E+02  .10333780E+05
 .97952030E+03  .33987200E+03  .27923770E+06  .23773560E+07 -.45347240E-01  .41880740E+04
 .98198570E+03  .33535640E+03  .26033160E+06  .23776930E+07 -.42699170E-01  .41858220E+04
 .98430250E+03  .33089870E+03  .24167670E+06  .23753910E+07 -.40042450E-01  .41838760E+04
 .98647020E+03  .32649840E+03  .22326990E+06  .23703350E+07 -.37373350E-01  .41822160E+04
 .98848800E+03  .32215490E+03  .20510780E+06  .23624010E+07 -.34687620E-01  .41808310E+04
 .99035480E+03  .31786800E+03  .18718750E+06  .23514540E+07 -.31979650E-01  .41797290E+04
 .99206920E+03  .31363720E+03  .16950560E+06  .23373540E+07 -.29241560E-01  .41789310E+04
 .99362910E+03  .30946210E+03  .15205910E+06  .23199590E+07 -.26462430E-01  .41784820E+04
 .99503190E+03  .30534230E+03  .13484480E+06  .22991370E+07 -.23627840E-01  .41784510E+04
 .99627400E+03  .30127750E+03  .11785970E+06  .22747850E+07 -.20719670E-01  .41789320E+04
 .99627400E+03  .30127750E+03  .11785970E+06  .22747850E+07 -.20719670E-01  .41789320E+04
 .99876890E+03  .29066000E+03  .73469300E+05  .21918980E+07 -.12388610E-01  .41838590E+04
 .99992840E+03  .28043790E+03  .30641950E+05  .20850000E+07 -.28056250E-02  .41975480E+04
 .99950860E+03  .27062330E+03 -.10682420E+05  .19612620E+07  .88254020E-02  .42270880E+04
 .10209080E-02  .33987200E+03  .27923770E+06  .86432360E-05 -.83749710E-03  .41880740E+04
 .57723550E+01  .33987200E+03  .26213210E+07  .18983100E-03 -.83749710E-03  .19289640E+04
 .17323950E+00  .33987200E+03  .26213210E+07  .20675040E+06 -.92590200E-04  .19289640E+04
 .16813870E+00  .34988910E+03  .26406320E+07  .21283410E+06 -.89601000E-04  .19269510E+04
 .16320220E+00  .36021030E+03  .26605140E+07  .21907770E+06 -.86721380E-04  .19257190E+04
 .15842400E+00  .37084070E+03  .26809820E+07  .22548410E+06 -.83943640E-04  .19252580E+04
 .15379870E+00  .38178520E+03  .27020540E+07  .23205550E+06 -.81261070E-04  .19255540E+04
 .14932110E+00  .39304880E+03  .27237480E+07  .23879420E+06 -.78667820E-04  .19265930E+04
 .14498630E+00  .40463610E+03  .27460810E+07  .24570190E+06 -.76158850E-04  .19283580E+04
 .14078980E+00  .41655180E+03  .27690730E+07  .25278030E+06 -.73729760E-04  .19308300E+04
 .13672720E+00  .42880020E+03  .27927410E+07  .26003100E+06 -.71376740E-04  .19339890E+04
 .13279430E+00  .44138560E+03  .28171050E+07  .26745510E+06 -.69096470E-04  .19378160E+04
 .12898710E+00  .45431230E+03  .28421830E+07  .27505390E+06 -.66886070E-04  .19422890E+04
 .12530180E+00  .46758440E+03  .28679940E+07  .28282820E+06 -.64742990E-04  .19473890E+04
 .12173460E+00  .48120580E+03  .28945590E+07  .29077910E+06 -.62664970E-04  .19530950E+04
 .11828210E+00  .49518040E+03  .29218960E+07  .29890720E+06 -.60650000E-04  .19593890E+04
 .11828210E+00  .49518040E+03  .29218960E+07  .29890720E+06 -.60650000E-04  .19593890E+04
 .11125370E+00  .52633250E+03  .29831700E+07  .31692430E+06 -.56536170E-04  .19747690E+04
 .10470280E+00  .55915850E+03  .30482830E+07  .33576380E+06 -.52687720E-04  .19925990E+04
 .98598570E-01  .59369120E+03  .31174370E+07  .35542980E+06 -.49090720E-04  .20127330E+04
 .92911500E-01  .62996030E+03  .31908380E+07  .37592600E+06 -.45732430E-04  .20350440E+04
 .87613720E-01  .66799330E+03  .32686980E+07  .39725610E+06 -.42600830E-04  .20594130E+04
 .82678700E-01  .70781480E+03  .33512280E+07  .41942420E+06 -.39684400E-04  .20857220E+04
 .78081300E-01  .74944730E+03  .34386460E+07  .44243570E+06 -.36972000E-04  .21138420E+04
 .73797690E-01  .79291190E+03  .35311690E+07  .46629850E+06 -.34452840E-04  .21436210E+04
 .69805310E-01  .83822860E+03  .36290180E+07  .49102370E+06 -.32116500E-04  .21748750E+04
 .66082820E-01  .88541860E+03  .37324180E+07  .51662720E+06 -.29952920E-04  .22073770E+04
 .62610080E-01  .93450530E+03  .38415950E+07  .54313130E+06 -.27952410E-04  .22408500E+04
 .59368090E-01  .98551650E+03  .39567770E+07  .57056610E+06 -.26105660E-04  .22749550E+04
 .56338930E-01  .10384870E+04  .40781970E+07  .59897160E+06 -.24403790E-04  .23092850E+04
 .53505720E-01  .10934620E+04  .42060940E+07  .62840080E+06 -.22838350E-04  .23433560E+04
 .50852590E-01  .11504980E+04  .43407100E+07  .65892160E+06 -.21401360E-04  .23765930E+04
 .92971370E+03  .28438150E+06  .97883070E+03  .77871670E+04  .26234240E+07  .18225020E+00
 .10000000E+02  .40000000E+01  .20000000E+01  .14000000E+02  .16000000E+02  .10315170E+05
 .97883070E+03  .34109980E+03  .28438150E+06  .23768380E+07 -.46060380E-01  .41887340E+04
 .98133600E+03  .33656860E+03  .26540710E+06  .23778680E+07 -.43414040E-01  .41863950E+04
 .98369290E+03  .33209530E+03  .24668480E+06  .23762880E+07 -.40760020E-01  .41843690E+04
 .98590090E+03  .32767950E+03  .22821130E+06  .23719870E+07 -.38094650E-01  .41826330E+04
 .98795920E+03  .32332080E+03  .20998360E+06  .23648410E+07 -.35413910E-01  .41811740E+04
 .98986690E+03  .31901870E+03  .19199840E+06  .23547210E+07 -.32712620E-01  .41799940E+04
 .99162260E+03  .31477280E+03  .17425250E+06  .23414850E+07 -.29983600E-01  .41791100E+04
 .99322440E+03  .31058260E+03  .15674280E+06  .23249910E+07 -.27216830E-01  .41785620E+04
 .99466990E+03  .30644790E+03  .13946620E+06  .23051060E+07 -.24398840E-01  .41784090E+04
 .99595570E+03  .30236840E+03  .12241960E+06  .22817140E+07 -.21512530E-01  .41787410E+04
 .99595570E+03  .30236840E+03  .12241960E+06  .22817140E+07 -.21512530E-01  .41787410E+04
 .99857570E+03  .29171120E+03  .77868520E+05  .22014000E+07 -.13273410E-01  .41830480E+04
 .99987880E+03  .28144900E+03  .34886480E+05  .20967060E+07 -.38480470E-02  .41955940E+04
 .99963290E+03  .27159240E+03 -.65864330E+04  .19741250E+07  .75326110E-02  .42230970E+04
 .10216270E-02  .34109980E+03  .28438150E+06  .78593080E-05 -.79999650E-03  .41887340E+04
 .54869610E+01  .34109980E+03  .26234240E+07  .17088240E-03 -.79999650E-03  .19316370E+04
 .18225020E+00  .34109980E+03  .26234240E+07  .20742590E+06 -.97384680E-04  .19316370E+04
 .17688540E+00  .35113960E+03  .26428060E+07  .21352620E+06 -.94238610E-04  .19293800E+04
 .17169340E+00  .36148510E+03  .26627580E+07  .21978690E+06 -.91208490E-04  .19279300E+04
 .16666800E+00  .37214120E+03  .26832980E+07  .22621080E+06 -.88286050E-04  .19272770E+04
 .16180340E+00  .38311300E+03  .27044430E+07  .23280020E+06 -.85464060E-04  .19274070E+04
 .15709430E+00  .39440520E+03  .27262120E+07  .23955730E+06 -.82736270E-04  .19283030E+04
 .15253530E+00  .40602240E+03  .27486230E+07  .24648370E+06 -.80097280E-04  .19299460E+04
 .14812180E+00  .41796920E+03  .27716930E+07  .25358130E+06 -.77542380E-04  .19323160E+04
 .14384910E+00  .43025000E+03  .27954410E+07  .26085140E+06 -.75067540E-04  .19353910E+04
 .13971280E+00  .44286890E+03  .28198870E+07  .26829530E+06 -.72669220E-04  .19391510E+04
 .13570880E+00  .45583020E+03  .28450490E+07  .27591410E+06 -.70344370E-04  .19435730E+04
 .13183290E+00  .46913780E+03  .28709470E+07  .28370870E+06 -.68090310E-04  .19486350E+04
 .12808140E+00  .48279570E+03  .28975990E+07  .29167990E+06 -.65904640E-04  .19543160E+04
 .12445040E+00  .49680760E+03  .29250260E+07  .29982860E+06 -.63785260E-04  .19605950E+04
 .12445040E+00  .49680760E+03  .29250260E+07  .29982860E+06 -.63785260E-04  .19605950E+04
 .11705860E+00  .52804240E+03  .29865010E+07  .31789030E+06 -.59458210E-04  .19759750E+04
 .11016920E+00  .56095430E+03  .30518240E+07  .33677450E+06 -.55410260E-04  .19938360E+04
 .10374960E+00  .59557540E+03  .31211980E+07  .35648560E+06 -.51626840E-04  .20140230E+04
 .97768740E-01  .63193510E+03  .31948310E+07  .37702700E+06 -.48094630E-04  .20364020E+04
 .92197320E-01  .67006050E+03  .32729330E+07  .39840230E+06 -.44801020E-04  .20608470E+04
 .87007430E-01  .70997610E+03  .33557170E+07  .42061570E+06 -.41733910E-04  .20872360E+04
 .82172590E-01  .75170400E+03  .34434000E+07  .44367280E+06 -.38881580E-04  .21154340E+04
 .77667710E-01  .79526510E+03  .35362000E+07  .46758140E+06 -.36232690E-04  .21452860E+04
 .73469050E-01  .84067970E+03  .36343380E+07  .49235300E+06 -.33776240E-04  .21766040E+04
 .69554140E-01  .88796870E+03  .37380380E+07  .51800390E+06 -.31501650E-04  .22091600E+04
 .65901790E-01  .93715580E+03  .38475260E+07  .54455660E+06 -.29398690E-04  .22426700E+04
 .62491990E-01  .98826910E+03  .39630320E+07  .57204180E+06 -.27457560E-04  .22767940E+04
 .59305880E-01  .10413440E+04  .40847890E+07  .60050020E+06 -.25668900E-04  .23111200E+04
 .56325710E-01  .10964250E+04  .42130350E+07  .62998530E+06 -.24023800E-04  .23451590E+04
 .53534760E-01  .11535730E+04  .43480140E+07  .66056610E+06 -.22513880E-04  .23783310E+04
 .94410910E+03  .28930180E+06  .97816340E+03  .77695280E+04  .26254310E+07  .19123010E+00
 .10000000E+02  .40000000E+01  .20000000E+01  .14000000E+02  .16000000E+02  .10297530E+05
 .97816340E+03  .34227400E+03  .28930180E+06  .23761750E+07 -.46739850E-01  .41893870E+04
 .98070680E+03  .33772790E+03  .27026200E+06  .23778580E+07 -.44094890E-01  .41869620E+04
 .98310190E+03  .33323980E+03  .25147520E+06  .23769600E+07 -.41443210E-01  .41848580E+04
 .98534820E+03  .32880920E+03  .23293810E+06  .23733690E+07 -.38781130E-01  .41830490E+04
 .98744510E+03  .32443590E+03  .21464750E+06  .23669670E+07 -.36104790E-01  .41815190E+04
 .98939160E+03  .32011920E+03  .19660020E+06  .23576240E+07 -.33409380E-01  .41802660E+04
 .99118650E+03  .31585890E+03  .17879310E+06  .23452020E+07 -.30688340E-01  .41793040E+04
 .99282810E+03  .31165450E+03  .16122290E+06  .23295590E+07 -.27932430E-01  .41786640E+04
 .99431400E+03  .30750560E+03  .14388670E+06  .23105570E+07 -.25129120E-01  .41784020E+04
 .99564140E+03  .30341190E+03  .12678130E+06  .22880750E+07 -.22262220E-01  .41785990E+04
 .99564140E+03  .30341190E+03  .12678130E+06  .22880750E+07 -.22262220E-01  .41785990E+04
 .99837930E+03  .29271690E+03  .82076540E+05  .22102230E+07 -.14105730E-01  .41823500E+04
 .99981710E+03  .28241650E+03  .38946500E+05  .21076900E+07 -.48234040E-02  .41938700E+04
 .99973330E+03  .27252010E+03 -.26685900E+04  .19863440E+07  .63285050E-02  .42195350E+04
 .10223240E-02  .34227400E+03  .28930180E+06  .71818840E-05 -.76600130E-03  .41893870E+04
 .52293020E+01  .34227400E+03  .26254310E+07  .15465840E-03 -.76600130E-03  .19342560E+04
 .19123010E+00  .34227400E+03  .26254310E+07  .20806980E+06 -.10216150E-03  .19342560E+04
 .18560210E+00  .35233530E+03  .26448780E+07  .21418590E+06 -.98859000E-04  .19317560E+04
 .18015560E+00  .36270360E+03  .26648980E+07  .22046300E+06 -.95678880E-04  .19300910E+04
 .17488400E+00  .37338400E+03  .26855070E+07  .22690360E+06 -.92612240E-04  .19292490E+04
 .16978110E+00  .38438150E+03  .27067230E+07  .23351010E+06 -.89651340E-04  .19292130E+04
 .16484120E+00  .39570070E+03  .27285640E+07  .24028460E+06 -.86789510E-04  .19299660E+04
 .16005890E+00  .40734630E+03  .27510480E+07  .24722900E+06 -.84020990E-04  .19314880E+04
 .15542920E+00  .41932270E+03  .27741930E+07  .25434480E+06 -.81340780E-04  .19337570E+04
 .15094720E+00  .43163420E+03  .27980180E+07  .26163350E+06 -.78744570E-04  .19367500E+04
 .14660830E+00  .44428500E+03  .28225420E+07  .26909620E+06 -.76228650E-04  .19404430E+04
 .14240810E+00  .45727910E+03  .28477840E+07  .27673410E+06 -.73789790E-04  .19448140E+04
 .13834250E+00  .47062060E+03  .28737640E+07  .28454790E+06 -.71425140E-04  .19498380E+04
 .13440720E+00  .48431320E+03  .29005000E+07  .29253870E+06 -.69132230E-04  .19554930E+04
 .13059830E+00  .49836060E+03  .29280140E+07  .30070700E+06 -.66908830E-04  .19617570E+04
 .13059830E+00  .49836060E+03  .29280140E+07  .30070700E+06 -.66908830E-04  .19617570E+04
 .12284470E+00  .52967410E+03  .29896790E+07  .31881110E+06 -.62369310E-04  .19771330E+04
 .11561800E+00  .56266760E+03  .30552030E+07  .33773810E+06 -.58122570E-04  .19950220E+04
 .10888410E+00  .59737280E+03  .31247880E+07  .35749210E+06 -.54153410E-04  .20152590E+04
 .10261060E+00  .63381880E+03  .31986420E+07  .37807650E+06 -.50447900E-04  .20377020E+04
 .96766630E-01  .67203220E+03  .32769750E+07  .39949490E+06 -.46992870E-04  .20622190E+04
 .91322840E-01  .71203720E+03  .33600010E+07  .42175140E+06 -.43775640E-04  .20886830E+04
 .86251460E-01  .75385600E+03  .34479360E+07  .44485180E+06 -.40783930E-04  .21169540E+04
 .81526150E-01  .79750900E+03  .35410000E+07  .46880410E+06 -.38005820E-04  .21468750E+04
 .77121980E-01  .84301650E+03  .36394130E+07  .49361990E+06 -.35429760E-04  .21782550E+04
 .73015370E-01  .89039980E+03  .37433990E+07  .51931590E+06 -.33044610E-04  .22108600E+04
 .69184060E-01  .93968250E+03  .38531850E+07  .54591500E+06 -.30839640E-04  .22444050E+04
 .65607060E-01  .99089300E+03  .39690000E+07  .57344830E+06 -.28804550E-04  .22785450E+04
 .62264570E-01  .10440670E+04  .40910780E+07  .60195710E+06 -.26929490E-04  .23128650E+04
 .59137960E-01  .10992500E+04  .42196560E+07  .63149550E+06 -.25205120E-04  .23468720E+04
 .56209670E-01  .11565030E+04  .43549810E+07  .66213370E+06 -.23622620E-04  .23799800E+04
