 .11454440E+04  .35992570E+06  .96780880E+03  .75327010E+04  .26535670E+07  .36606500E+00
 .10000000E+02  .70000000E+01  .20000000E+01  .14000000E+02  .14000000E+02  .98207010E+04
 .96780880E+03  .35910390E+03  .35992570E+06  .23505630E+07 -.56256150E-01  .42013040E+04
 .97088480E+03  .35434690E+03  .33994930E+06  .23607110E+07 -.53600810E-01  .41973870E+04
 .97381230E+03  .34964870E+03  .32023780E+06  .23686220E+07 -.50954460E-01  .41939470E+04
 .97659170E+03  .34500930E+03  .30078760E+06  .23742090E+07 -.48312260E-01  .41909330E+04
 .97922330E+03  .34042850E+03  .28159560E+06  .23773760E+07 -.45669720E-01  .41882990E+04
 .98170670E+03  .33590580E+03  .26265850E+06  .23780240E+07 -.43022730E-01  .41860070E+04
 .98404160E+03  .33144090E+03  .24397310E+06  .23760460E+07 -.40367540E-01  .41840240E+04
 .98622760E+03  .32703350E+03  .22553610E+06  .23713280E+07 -.37700460E-01  .41823280E+04
 .98826380E+03  .32268300E+03  .20734430E+06  .23637470E+07 -.35017340E-01  .41809080E+04
 .99014920E+03  .31838920E+03  .18939450E+06  .23531700E+07 -.32312780E-01  .41797680E+04
 .99014920E+03  .31838920E+03  .18939450E+06  .23531700E+07 -.32312780E-01  .41797680E+04
 .99444370E+03  .30716320E+03  .14248310E+06  .23089980E+07 -.24895060E-01  .41783210E+04
 .99759400E+03  .29633330E+03  .97225750E+05  .22399220E+07 -.16997060E-01  .41803270E+04
 .99949680E+03  .28589720E+03  .53563390E+05  .21454570E+07 -.81721520E-02  .41886160E+04
 .99996690E+03  .27586030E+03  .11436660E+05  .20294300E+07  .22378450E-02  .42084570E+04
 .99870040E+03  .26624140E+03 -.29215560E+05  .19024250E+07  .15156600E-01  .42488480E+04
 .99523780E+03  .25707800E+03 -.68458490E+05  .17839430E+07  .31711260E-01  .43244340E+04
 .10332620E-02  .35910390E+03  .35992570E+06  .21380440E-05 -.42752650E-03  .42013040E+04
 .27317550E+01  .35910390E+03  .26535670E+07  .40198650E-04 -.42752650E-03  .19790420E+04
 .36606500E+00  .35910390E+03  .26535670E+07  .21704650E+06 -.19496250E-03  .19790420E+04
 .35532640E+00  .36942940E+03  .26739640E+07  .22338180E+06 -.18860600E-03  .19720900E+04
 .34493640E+00  .38008620E+03  .26949490E+07  .22988480E+06 -.18250380E-03  .19664630E+04
 .33488160E+00  .39107860E+03  .27165400E+07  .23655820E+06 -.17663300E-03  .19621260E+04
 .32514950E+00  .40241060E+03  .27387560E+07  .24340400E+06 -.17097430E-03  .19590390E+04
 .31572880E+00  .41408600E+03  .27616160E+07  .25042390E+06 -.16551110E-03  .19571560E+04
 .30660890E+00  .42610820E+03  .27851400E+07  .25761940E+06 -.16022950E-03  .19564260E+04
 .29777990E+00  .43848060E+03  .28093470E+07  .26499140E+06 -.15511810E-03  .19568000E+04
 .28923270E+00  .45120630E+03  .28342560E+07  .27254090E+06 -.15016720E-03  .19582220E+04
 .28095840E+00  .46428820E+03  .28598890E+07  .28026850E+06 -.14536870E-03  .19606400E+04
 .27294870E+00  .47772930E+03  .28862630E+07  .28817470E+06 -.14071590E-03  .19639990E+04
 .26519560E+00  .49153230E+03  .29134010E+07  .29625980E+06 -.13620340E-03  .19682480E+04
 .25769140E+00  .50570010E+03  .29413220E+07  .30452410E+06 -.13182630E-03  .19733370E+04
 .25042860E+00  .52023500E+03  .29700460E+07  .31296780E+06 -.12758050E-03  .19792170E+04
 .25042860E+00  .52023500E+03  .29700460E+07  .31296780E+06 -.12758050E-03  .19792170E+04
 .23564490E+00  .55263040E+03  .30344010E+07  .33166640E+06 -.11890890E-03  .19942790E+04
 .22186820E+00  .58674910E+03  .31027470E+07  .35119120E+06 -.11079470E-03  .20123790E+04
 .20903300E+00  .62261500E+03  .31752910E+07  .37154380E+06 -.10321200E-03  .20331860E+04
 .19707700E+00  .66025070E+03  .32522450E+07  .39272680E+06 -.96136410E-04  .20564270E+04
 .18594090E+00  .69967800E+03  .33338230E+07  .41474350E+06 -.89544200E-04  .20818670E+04
 .17556800E+00  .74091710E+03  .34202400E+07  .43759900E+06 -.83411690E-04  .21092990E+04
 .16590460E+00  .78398730E+03  .35117160E+07  .46130080E+06 -.77715380E-04  .21385210E+04
 .15689980E+00  .82890810E+03  .36084710E+07  .48585950E+06 -.72432150E-04  .21693190E+04
 .14850530E+00  .87569960E+03  .37107290E+07  .51129060E+06 -.67539360E-04  .22014530E+04
 .14067560E+00  .92438400E+03  .38187150E+07  .53761510E+06 -.63015060E-04  .22346430E+04
 .13336780E+00  .97498790E+03  .39326580E+07  .56486180E+06 -.58838120E-04  .22685550E+04
 .12654140E+00  .10275440E+04  .40527900E+07  .59306890E+06 -.54988290E-04  .23027930E+04
 .12015830E+00  .10820960E+04  .41793480E+07  .62228650E+06 -.51446330E-04  .23368870E+04
 .11787390E+04  .37193670E+06  .96591240E+03  .74952480E+04  .26582140E+07  .40589570E+00
 .10000000E+02  .70000000E+01  .20000000E+01  .14000000E+02  .14000000E+02  .97832480E+04
 .96591240E+03  .36196060E+03  .37193670E+06  .23435570E+07 -.57840940E-01  .42038640E+04
 .96907680E+03  .35716850E+03  .35180140E+06  .23549940E+07 -.55177900E-01  .41996400E+04
 .97209260E+03  .35243530E+03  .33193280E+06  .23642450E+07 -.52526860E-01  .41959230E+04
 .97496000E+03  .34776100E+03  .31232750E+06  .23712240E+07 -.49882810E-01  .41926610E+04
 .97767950E+03  .34314540E+03  .29298240E+06  .23758410E+07 -.47241050E-01  .41898060E+04
 .98025100E+03  .33858810E+03  .27389420E+06  .23779980E+07 -.44597230E-01  .41873150E+04
 .98267430E+03  .33408890E+03  .25505950E+06  .23775940E+07 -.41947420E-01  .41851520E+04
 .98494890E+03  .32964730E+03  .23647510E+06  .23745180E+07 -.39287920E-01  .41832870E+04
 .98707430E+03  .32526300E+03  .21813790E+06  .23686540E+07 -.36614950E-01  .41817030E+04
 .98904940E+03  .32093550E+03  .20004460E+06  .23598740E+07 -.33923960E-01  .41803950E+04
 .98904940E+03  .32093550E+03  .20004460E+06  .23598740E+07 -.33923960E-01  .41803950E+04
 .99358990E+03  .30962080E+03  .15275790E+06  .23209260E+07 -.26571450E-01  .41783890E+04
 .99700090E+03  .29870330E+03  .10713850E+06  .22575180E+07 -.18812180E-01  .41794490E+04
 .99919340E+03  .28817960E+03  .63127240E+05  .21685420E+07 -.10241900E-01  .41859860E+04
 .10000030E+04  .27805290E+03  .20664830E+05  .20566540E+07 -.25387690E-03  .42026350E+04
 .99915590E+03  .26833870E+03 -.20309230E+05  .19307350E+07  .12014220E-01  .42374220E+04
 .99622950E+03  .25906960E+03 -.59859000E+05  .18081480E+07  .27664900E-01  .43035390E+04
 .10352910E-02  .36196060E+03  .37193670E+06  .17650120E-05 -.38987540E-03  .42038640E+04
 .24636870E+01  .36196060E+03  .26582140E+07  .32441530E-04 -.38987540E-03  .19881000E+04
 .40589570E+00  .36196060E+03  .26582140E+07  .21851790E+06 -.21606280E-03  .19881000E+04
 .39399510E+00  .37232270E+03  .26787730E+07  .22488900E+06 -.20900880E-03  .19801940E+04
 .38248140E+00  .38302070E+03  .26999210E+07  .23142920E+06 -.20224080E-03  .19737170E+04
 .37133940E+00  .39405880E+03  .27216770E+07  .23814090E+06 -.19573220E-03  .19686300E+04
 .36055500E+00  .40544090E+03  .27440620E+07  .24502630E+06 -.18946050E-03  .19648860E+04
 .35011570E+00  .41717040E+03  .27670930E+07  .25208690E+06 -.18340660E-03  .19624340E+04
 .34000970E+00  .42925060E+03  .27907910E+07  .25932410E+06 -.17755470E-03  .19612190E+04
 .33022610E+00  .44168470E+03  .28151760E+07  .26673880E+06 -.17189140E-03  .19611810E+04
 .32075450E+00  .45447550E+03  .28402670E+07  .27433180E+06 -.16640580E-03  .19622600E+04
 .31158550E+00  .46762570E+03  .28660840E+07  .28210350E+06 -.16108880E-03  .19643970E+04
 .30270960E+00  .48113800E+03  .28926470E+07  .29005440E+06 -.15593300E-03  .19675300E+04
 .29411810E+00  .49501500E+03  .29199780E+07  .29818470E+06 -.15093200E-03  .19716020E+04
 .28580240E+00  .50925900E+03  .29480960E+07  .30649450E+06 -.14608080E-03  .19765560E+04
 .27775430E+00  .52387250E+03  .29770220E+07  .31498390E+06 -.14137480E-03  .19823390E+04
 .27775430E+00  .52387250E+03  .29770220E+07  .31498390E+06 -.14137480E-03  .19823390E+04
 .26137240E+00  .55644270E+03  .30418240E+07  .33378110E+06 -.13176230E-03  .19972950E+04
 .24610670E+00  .59074370E+03  .31106370E+07  .35340470E+06 -.12276720E-03  .20153940E+04
 .23188470E+00  .62679780E+03  .31836720E+07  .37385600E+06 -.11436150E-03  .20362700E+04
 .21863740E+00  .66462660E+03  .32611400E+07  .39513740E+06 -.10651870E-03  .20596230E+04
 .20629880E+00  .70425090E+03  .33432540E+07  .41725220E+06 -.99212740E-04  .20851990E+04
 .19480590E+00  .74569020E+03  .34302330E+07  .44020590E+06 -.92417460E-04  .21127750E+04
 .18409920E+00  .78896370E+03  .35222930E+07  .46400610E+06 -.86106830E-04  .21421370E+04
 .17412190E+00  .83409030E+03  .36196580E+07  .48866430E+06 -.80255090E-04  .21730630E+04
 .16482060E+00  .88109030E+03  .37225500E+07  .51419630E+06 -.74837010E-04  .22053030E+04
 .15614470E+00  .92998630E+03  .38311960E+07  .54062430E+06 -.69828160E-04  .22385680E+04
 .14804640E+00  .98080540E+03  .39458240E+07  .56797780E+06 -.65204930E-04  .22725190E+04
 .14048100E+00  .10335820E+04  .40666670E+07  .59629640E+06 -.60944790E-04  .23067490E+04
 .13340600E+00  .10883580E+04  .41939630E+07  .62563180E+06 -.57026310E-04  .23407780E+04
 .12090340E+04  .38294930E+06  .96414120E+03  .74615720E+04  .26624370E+07  .44545390E+00
 .10000000E+02  .70000000E+01  .20000000E+01  .14000000E+02  .14000000E+02  .97495720E+04
 .96414120E+03  .36457820E+03  .38294930E+06  .23365400E+07 -.59288120E-01  .42063640E+04
 .96738640E+03  .35975400E+03  .36266820E+06  .23491260E+07 -.56616490E-01  .42018440E+04
 .97048250E+03  .35498900E+03  .34265570E+06  .23595690E+07 -.53959640E-01  .41978590E+04
 .97343010E+03  .35028280E+03  .32290840E+06  .23677870E+07 -.51312470E-01  .41943570E+04
 .97622960E+03  .34563540E+03  .30342290E+06  .23736930E+07 -.48670090E-01  .41912880E+04
 .97888120E+03  .34104660E+03  .28419610E+06  .23771930E+07 -.46027950E-01  .41886050E+04
 .98138460E+03  .33651600E+03  .26522460E+06  .23781860E+07 -.43381910E-01  .41862680E+04
 .98373970E+03  .33204330E+03  .24650520E+06  .23765690E+07 -.40728160E-01  .41842450E+04
 .98594600E+03  .32762810E+03  .22803470E+06  .23722280E+07 -.38063030E-01  .41825100E+04
 .98800260E+03  .32326990E+03  .20980980E+06  .23650410E+07 -.35382500E-01  .41810520E+04
 .98800260E+03  .32326990E+03  .20980980E+06  .23650410E+07 -.35382500E-01  .41810520E+04
 .99276500E+03  .31187400E+03  .16217910E+06  .23307320E+07 -.28079890E-01  .41785780E+04
 .99640940E+03  .30087670E+03  .11622770E+06  .22724270E+07 -.20429520E-01  .41788780E+04
 .99885850E+03  .29027340E+03  .71896380E+05  .21885520E+07 -.12065130E-01  .41840170E+04
 .99996560E+03  .28006570E+03  .29125940E+05  .20808050E+07 -.24241650E-02  .41981010E+04
 .99948210E+03  .27026610E+03 -.12143710E+05  .19566140E+07  .93000810E-02  .42283490E+04
 .99701820E+03  .26090330E+03 -.51975690E+05  .18314710E+07  .24174280E-01  .42867310E+04
 .10371930E-02  .36457820E+03  .38294930E+06  .14855490E-05 -.35887240E-03  .42063640E+04
 .22449010E+01  .36457820E+03  .26624370E+07  .26746210E-04 -.35887240E-03  .19968010E+04
 .44545390E+00  .36457820E+03  .26624370E+07  .21985120E+06 -.23700710E-03  .19968010E+04
 .43240000E+00  .37497150E+03  .26831430E+07  .22625480E+06 -.22925990E-03  .19879650E+04
 .41977090E+00  .38570510E+03  .27044400E+07  .23282880E+06 -.22183060E-03  .19806600E+04
 .40754960E+00  .39678310E+03  .27263480E+07  .23957540E+06 -.21468890E-03  .19748410E+04
 .39572080E+00  .40820920E+03  .27488860E+07  .24649680E+06 -.20780910E-03  .19704580E+04
 .38427050E+00  .41998670E+03  .27720740E+07  .25359460E+06 -.20116930E-03  .19674520E+04
 .37318580E+00  .43211850E+03  .27959310E+07  .26086980E+06 -.19475150E-03  .19657620E+04
 .36245450E+00  .44460770E+03  .28204780E+07  .26832340E+06 -.18854070E-03  .19653230E+04
 .35206560E+00  .45745670E+03  .28457340E+07  .27595600E+06 -.18252470E-03  .19660670E+04
 .34200830E+00  .47066820E+03  .28717200E+07  .28376800E+06 -.17669320E-03  .19679280E+04
 .33227260E+00  .48424450E+03  .28984560E+07  .29175970E+06 -.17103800E-03  .19708390E+04
 .32284890E+00  .49818790E+03  .29259620E+07  .29993110E+06 -.16555220E-03  .19747360E+04
 .31372770E+00  .51250070E+03  .29542600E+07  .30828240E+06 -.16023030E-03  .19795570E+04
 .30490010E+00  .52718510E+03  .29833690E+07  .31681360E+06 -.15506720E-03  .19852430E+04
 .30490010E+00  .52718510E+03  .29833690E+07  .31681360E+06 -.15506720E-03  .19852430E+04
 .28693180E+00  .55991300E+03  .30485780E+07  .33570060E+06 -.14452030E-03  .20000870E+04
 .27018820E+00  .59437870E+03  .31178180E+07  .35541410E+06 -.13465030E-03  .20181750E+04
 .25458990E+00  .63060310E+03  .31912990E+07  .37595510E+06 -.12542710E-03  .20391070E+04
 .24006090E+00  .66860660E+03  .32692340E+07  .39732580E+06 -.11682240E-03  .20625560E+04
 .22652890E+00  .70840890E+03  .33518360E+07  .41952980E+06 -.10880770E-03  .20882510E+04
 .21392460E+00  .75002940E+03  .34393240E+07  .44257250E+06 -.10135460E-03  .21159540E+04
 .20218250E+00  .79348650E+03  .35319170E+07  .46646210E+06 -.94434330E-04  .21454400E+04
 .19124020E+00  .83879930E+03  .36298350E+07  .49121050E+06 -.88018600E-04  .21764760E+04
 .18103890E+00  .88598790E+03  .37333040E+07  .51683410E+06 -.82079580E-04  .22088070E+04
 .17152310E+00  .93507540E+03  .38425480E+07  .54335590E+06 -.76590280E-04  .22421370E+04
 .16264030E+00  .98608940E+03  .39577990E+07  .57080650E+06 -.71524710E-04  .22761150E+04
 .15434120E+00  .10390640E+04  .40792880E+07  .59922660E+06 -.66857980E-04  .23103310E+04
 .14657940E+00  .10940460E+04  .42072550E+07  .62866940E+06 -.62566510E-04  .23442940E+04
 .12368510E+04  .39313180E+06  .96247640E+03  .74309850E+04  .26663070E+07  .48476750E+00
 .10000000E+02  .70000000E+01  .20000000E+01  .14000000E+02  .14000000E+02  .97189850E+04
 .96247640E+03  .36699700E+03  .39313180E+06  .23295680E+07 -.60622020E-01  .42088100E+04
 .96579610E+03  .36214350E+03  .37271620E+06  .23431900E+07 -.57941150E-01  .42040040E+04
 .96896610E+03  .35734900E+03  .35257070E+06  .23547070E+07 -.55277660E-01  .41997600E+04
 .97198740E+03  .35261360E+03  .33269200E+06  .23640400E+07 -.52626360E-01  .41960250E+04
 .97486040E+03  .34793700E+03  .31307680E+06  .23711060E+07 -.49982240E-01  .41927460E+04
 .97758540E+03  .34331910E+03  .29372190E+06  .23758120E+07 -.47340580E-01  .41898770E+04
 .98016250E+03  .33875960E+03  .27462400E+06  .23780620E+07 -.44697030E-01  .41873730E+04
 .98259140E+03  .33425820E+03  .25577980E+06  .23777550E+07 -.42047620E-01  .41851970E+04
 .98487170E+03  .32981440E+03  .23718600E+06  .23747810E+07 -.39388670E-01  .41833210E+04
 .98700270E+03  .32542790E+03  .21883950E+06  .23690220E+07 -.36716410E-01  .41817260E+04
 .98700270E+03  .32542790E+03  .21883950E+06  .23690220E+07 -.36716410E-01  .41817260E+04
 .99196780E+03  .31395720E+03  .17089070E+06  .23388760E+07 -.29452900E-01  .41788460E+04
 .99582390E+03  .30288650E+03  .12463240E+06  .22851930E+07 -.21889340E-01  .41785220E+04
 .99850330E+03  .29221010E+03  .80005020E+05  .22060580E+07 -.13693930E-01  .41825220E+04
 .99987460E+03  .28192850E+03  .36949590E+05  .21023740E+07 -.43427690E-02  .41945070E+04
 .99971100E+03  .27205150E+03 -.45937380E+04  .19803220E+07  .69210060E-02  .42210120E+04
 .99765170E+03  .26260450E+03 -.44687330E+05  .18537430E+07  .21123030E-01  .42729710E+04
 .10389860E-02  .36699700E+03  .39313180E+06  .12702910E-05 -.33286420E-03  .42088100E+04
 .20628450E+01  .36699700E+03  .26663070E+07  .22439570E-04 -.33286420E-03  .20051910E+04
 .48476750E+00  .36699700E+03  .26663070E+07  .22107010E+06 -.25781170E-03  .20051910E+04
 .47056800E+00  .37741720E+03  .26871490E+07  .22750350E+06 -.24937510E-03  .19954470E+04
 .45683090E+00  .38818190E+03  .27085840E+07  .23410840E+06 -.24128870E-03  .19873330E+04
 .44353770E+00  .39929510E+03  .27306320E+07  .24088720E+06 -.23351820E-03  .19808010E+04
 .43067150E+00  .41076030E+03  .27533120E+07  .24784170E+06 -.22603440E-03  .19757930E+04
 .41821700E+00  .42258050E+03  .27766440E+07  .25497360E+06 -.21881290E-03  .19722470E+04
 .40616000E+00  .43475870E+03  .28006470E+07  .26228380E+06 -.21183340E-03  .19700940E+04
 .39448750E+00  .44729750E+03  .28253430E+07  .26977330E+06 -.20507910E-03  .19692620E+04
 .38318720E+00  .46019910E+03  .28507510E+07  .27744240E+06 -.19853630E-03  .19696780E+04
 .37224760E+00  .47346610E+03  .28768920E+07  .28529140E+06 -.19219390E-03  .19712690E+04
 .36165790E+00  .48710040E+03  .29037870E+07  .29332070E+06 -.18604270E-03  .19739620E+04
 .35140740E+00  .50110420E+03  .29314550E+07  .30153000E+06 -.18007540E-03  .19776860E+04
 .34148610E+00  .51547950E+03  .29599170E+07  .30991950E+06 -.17428570E-03  .19823750E+04
 .33188420E+00  .53022830E+03  .29891950E+07  .31848910E+06 -.16866850E-03  .19879620E+04
 .33188420E+00  .53022830E+03  .29891950E+07  .31848910E+06 -.16866850E-03  .19879620E+04
 .31234010E+00  .56310020E+03  .30547780E+07  .33745860E+06 -.15719290E-03  .20026920E+04
 .29412850E+00  .59771610E+03  .31244090E+07  .35725460E+06 -.14645320E-03  .20207610E+04
 .27716310E+00  .63409580E+03  .31983000E+07  .37787790E+06 -.13641750E-03  .20417380E+04
 .26136130E+00  .67225850E+03  .32766630E+07  .39933050E+06 -.12705560E-03  .20652710E+04
 .24664410E+00  .71222340E+03  .33597140E+07  .42161610E+06 -.11833670E-03  .20910710E+04
 .23293600E+00  .75400920E+03  .34476700E+07  .44474030E+06 -.11023010E-03  .21188860E+04
 .22016560E+00  .79763400E+03  .35407500E+07  .46871180E+06 -.10270440E-03  .21484810E+04
 .20826500E+00  .84311680E+03  .36391760E+07  .49354280E+06 -.95728710E-04  .21796160E+04
 .19716990E+00  .89047770E+03  .37431730E+07  .51925030E+06 -.89272630E-04  .22120260E+04
 .18682000E+00  .93974010E+03  .38529670E+07  .54585810E+06 -.83306610E-04  .22454090E+04
 .17715790E+00  .99093200E+03  .39687880E+07  .57339780E+06 -.77802210E-04  .22794090E+04
 .16813010E+00  .10440890E+04  .40908690E+07  .60191110E+06 -.72732250E-04  .23136060E+04
 .15968580E+00  .10992570E+04  .42194500E+07  .63145240E+06 -.68070980E-04  .23475030E+04
 .12625870E+04  .40261280E+06  .96090340E+03  .74029690E+04  .26698800E+07  .52385940E+00
 .10000000E+02  .70000000E+01  .20000000E+01  .14000000E+02  .14000000E+02  .96909690E+04
 .96090340E+03  .36924770E+03  .40261280E+06  .23226770E+07 -.61860950E-01  .42112070E+04
 .96429210E+03  .36436700E+03  .38207180E+06  .23372410E+07 -.59170370E-01  .42061250E+04
 .96753080E+03  .35954540E+03  .36180260E+06  .23497340E+07 -.56499600E-01  .42016290E+04
 .97062040E+03  .35478290E+03  .34180170E+06  .23600800E+07 -.53843380E-01  .41976670E+04
 .97356150E+03  .35007930E+03  .32206580E+06  .23681980E+07 -.51196620E-01  .41941850E+04
 .97635450E+03  .34543440E+03  .30259170E+06  .23739990E+07 -.48554450E-01  .41911320E+04
 .97899960E+03  .34084810E+03  .28337600E+06  .23773900E+07 -.45912340E-01  .41884650E+04
 .98149660E+03  .33632000E+03  .26441560E+06  .23782700E+07 -.43266150E-01  .41861430E+04
 .98384520E+03  .33184970E+03  .24570710E+06  .23765350E+07 -.40612090E-01  .41841310E+04
 .98604490E+03  .32743700E+03  .22724740E+06  .23720700E+07 -.37946510E-01  .41824080E+04
 .98604490E+03  .32743700E+03  .22724740E+06  .23720700E+07 -.37946510E-01  .41824080E+04
 .99119650E+03  .31589680E+03  .17900240E+06  .23456930E+07 -.30714300E-01  .41791690E+04
 .99524640E+03  .30475790E+03  .13245830E+06  .22962230E+07 -.23220880E-01  .41783200E+04
 .99813510E+03  .29401400E+03  .87555290E+05  .22214930E+07 -.15165830E-01  .41813780E+04
 .99974400E+03  .28366420E+03  .44234370E+05  .21217530E+07 -.60597470E-02  .41916180E+04
 .99986530E+03  .27371640E+03  .24359490E+04  .20021010E+07  .48097740E-02  .42149920E+04
 .99816410E+03  .26419290E+03 -.37901740E+05  .18749090E+07  .18425610E-01  .42615400E+04
 .10406870E-02  .36924770E+03  .40261280E+06  .11006480E-05 -.31070840E-03  .42112070E+04
 .19089090E+01  .36924770E+03  .26698800E+07  .19102810E-04 -.31070840E-03  .20133070E+04
 .52385940E+00  .36924770E+03  .26698800E+07  .22219250E+06 -.27849020E-03  .20133070E+04
 .50852130E+00  .37969130E+03  .26908490E+07  .22865360E+06 -.26936750E-03  .20026760E+04
 .49368310E+00  .39048330E+03  .27124120E+07  .23528710E+06 -.26062770E-03  .19937720E+04
 .47932450E+00  .40162780E+03  .27345900E+07  .24209550E+06 -.25223220E-03  .19865410E+04
 .46542730E+00  .41312790E+03  .27574010E+07  .24908070E+06 -.24414840E-03  .19809230E+04
 .45197460E+00  .42498670E+03  .27808670E+07  .25624420E+06 -.23634900E-03  .19768470E+04
 .43895130E+00  .43720680E+03  .28050060E+07  .26358690E+06 -.22881150E-03  .19742400E+04
 .42634320E+00  .44979050E+03  .28298410E+07  .27110960E+06 -.22151730E-03  .19730240E+04
 .41413710E+00  .46274010E+03  .28553900E+07  .27881260E+06 -.21445120E-03  .19731190E+04
 .40232070E+00  .47605760E+03  .28816740E+07  .28669610E+06 -.20760110E-03  .19744450E+04
 .39088200E+00  .48974500E+03  .29087150E+07  .29476010E+06 -.20095690E-03  .19769240E+04
 .37980980E+00  .50380410E+03  .29365330E+07  .30300460E+06 -.19451090E-03  .19804780E+04
 .36909320E+00  .51823680E+03  .29651480E+07  .31142950E+06 -.18825620E-03  .19850350E+04
 .35872160E+00  .53304470E+03  .29945820E+07  .32003460E+06 -.18218740E-03  .19905260E+04
 .35872160E+00  .53304470E+03  .29945820E+07  .32003460E+06 -.18218740E-03  .19905260E+04
 .33761120E+00  .56604860E+03  .30605100E+07  .33908060E+06 -.16978820E-03  .20051380E+04
 .31794070E+00  .60080260E+03  .31305040E+07  .35895300E+06 -.15818350E-03  .20231820E+04
 .29961670E+00  .63732500E+03  .32047740E+07  .37965230E+06 -.14733980E-03  .20441940E+04
 .28254990E+00  .67563430E+03  .32835330E+07  .40118060E+06 -.13722480E-03  .20678020E+04
 .26665490E+00  .71574880E+03  .33669980E+07  .42354150E+06 -.12780590E-03  .20936950E+04
 .25185000E+00  .75768650E+03  .34553860E+07  .44674100E+06 -.11904970E-03  .21216100E+04
 .23805780E+00  .80146560E+03  .35489170E+07  .47078790E+06 -.11092240E-03  .21513030E+04
 .22520490E+00  .84710470E+03  .36478120E+07  .49569510E+06 -.10339040E-03  .21825240E+04
 .21322170E+00  .89462410E+03  .37522970E+07  .52148020E+06 -.96420770E-04  .22150040E+04
 .20204270E+00  .94404750E+03  .38625980E+07  .54816740E+06 -.89981380E-04  .22484330E+04
 .19160610E+00  .99540340E+03  .39789460E+07  .57578940E+06 -.84041360E-04  .22824480E+04
 .18185400E+00  .10487280E+04  .41015740E+07  .60438880E+06 -.78571230E-04  .23166230E+04
 .17273140E+00  .11040680E+04  .42307210E+07  .63402140E+06 -.73543040E-04  .23504540E+04
 .12865460E+04  .41149210E+06  .95941040E+03  .73771250E+04  .26731990E+07  .56274900E+00
 .10000000E+02  .70000000E+01  .20000000E+01  .14000000E+02  .14000000E+02  .96651250E+04
 .95941040E+03  .37135440E+03  .41149210E+06  .23158840E+07 -.63019070E-01  .42135580E+04
 .96286370E+03  .36644840E+03  .39083390E+06  .23313130E+07 -.60318440E-01  .42082090E+04
 .96616640E+03  .36160150E+03  .37044880E+06  .23447000E+07 -.57639890E-01  .42034690E+04
 .96931970E+03  .35681370E+03  .35033340E+06  .23559740E+07 -.54978140E-01  .41992850E+04
 .97232420E+03  .35208480E+03  .33048460E+06  .23650550E+07 -.52327990E-01  .41956040E+04
 .97518050E+03  .34741480E+03  .31089880E+06  .23718580E+07 -.49684490E-01  .41923740E+04
 .97788890E+03  .34280350E+03  .29157300E+06  .23762910E+07 -.47042940E-01  .41895470E+04
 .98044930E+03  .33825050E+03  .27250380E+06  .23782570E+07 -.44399030E-01  .41870810E+04
 .98286150E+03  .33375550E+03  .25368790E+06  .23776540E+07 -.41748840E-01  .41849400E+04
 .98512500E+03  .32931820E+03  .23512210E+06  .23743700E+07 -.39088710E-01  .41830950E+04
 .98512500E+03  .32931820E+03  .23512210E+06  .23743700E+07 -.39088710E-01  .41830950E+04
 .99044960E+03  .31771320E+03  .18659980E+06  .23514310E+07 -.31882030E-01  .41795290E+04
 .99467840E+03  .30651060E+03  .13978800E+06  .23058210E+07 -.24445980E-01  .41782310E+04
 .99775870E+03  .29570380E+03  .94626820E+05  .22351960E+07 -.16508690E-01  .41804970E+04
 .99958340E+03  .28529080E+03  .51057160E+05  .21392570E+07 -.76120790E-02  .41892690E+04
 .99996120E+03  .27527760E+03  .90196130E+04  .20221630E+07  .29165710E-02  .42099900E+04
 .99858020E+03  .26568410E+03 -.31547080E+05  .18949710E+07  .16017660E-01  .42519240E+04
 .10423070E-02  .37135440E+03  .41149210E+06  .96436040E-06 -.29158950E-03  .42135580E+04
 .17769910E+01  .37135440E+03  .26731990E+07  .16464150E-04 -.29158950E-03  .20211800E+04
 .56274900E+00  .37135440E+03  .26731990E+07  .22323260E+06 -.29905380E-03  .20211800E+04
 .54627860E+00  .38181820E+03  .26942870E+07  .22971920E+06 -.28924820E-03  .20096800E+04
 .53034550E+00  .39263450E+03  .27159700E+07  .23637940E+06 -.27985840E-03  .20000010E+04
 .51492750E+00  .40380690E+03  .27382680E+07  .24321550E+06 -.27084140E-03  .19920870E+04
 .50000490E+00  .41533850E+03  .27612030E+07  .25022930E+06 -.26216100E-03  .19858710E+04
 .48555980E+00  .42723220E+03  .27847930E+07  .25742230E+06 -.25378730E-03  .19812770E+04
 .47157550E+00  .43949040E+03  .28090600E+07  .26479530E+06 -.24569520E-03  .19782250E+04
 .45803700E+00  .45211520E+03  .28340230E+07  .27234900E+06 -.23786420E-03  .19766330E+04
 .44493020E+00  .46510880E+03  .28597030E+07  .28008360E+06 -.23027800E-03  .19764120E+04
 .43224160E+00  .47847270E+03  .28861220E+07  .28799920E+06 -.22292310E-03  .19774790E+04
 .41995870E+00  .49220900E+03  .29132990E+07  .29609570E+06 -.21578880E-03  .19797470E+04
 .40806930E+00  .50631900E+03  .29412560E+07  .30437300E+06 -.20886650E-03  .19831340E+04
 .39656180E+00  .52080450E+03  .29700140E+07  .31283090E+06 -.20214930E-03  .19875610E+04
 .38542490E+00  .53566710E+03  .29995930E+07  .32146920E+06 -.19563130E-03  .19929540E+04
 .38542490E+00  .53566710E+03  .29995930E+07  .32146920E+06 -.19563130E-03  .19929540E+04
 .36275690E+00  .56879300E+03  .30658440E+07  .34058640E+06 -.18231310E-03  .20074460E+04
 .34163560E+00  .60367470E+03  .31361740E+07  .36052990E+06 -.16984760E-03  .20254600E+04
 .32196070E+00  .64032920E+03  .32107960E+07  .38130000E+06 -.15819990E-03  .20465020E+04
 .30363630E+00  .67877410E+03  .32899250E+07  .40289860E+06 -.14733580E-03  .20701730E+04
 .28657020E+00  .71902700E+03  .33737740E+07  .42532950E+06 -.13722040E-03  .20961500E+04
 .27067490E+00  .76110540E+03  .34625640E+07  .44859890E+06 -.12781820E-03  .21241560E+04
 .25586680E+00  .80502730E+03  .35565140E+07  .47271600E+06 -.11909270E-03  .21539370E+04
 .24206700E+00  .85081110E+03  .36558450E+07  .49769390E+06 -.11100780E-03  .21852360E+04
 .22920070E+00  .89847740E+03  .37607830E+07  .52355090E+06 -.10352790E-03  .22177770E+04
 .21719750E+00  .94804990E+03  .38715560E+07  .55031200E+06 -.96618180E-04  .22512440E+04
 .20599090E+00  .99955760E+03  .39883930E+07  .57801040E+06 -.90245480E-04  .22852700E+04
 .19551840E+00  .10530380E+04  .41115290E+07  .60669000E+06 -.84377950E-04  .23194200E+04
 .18572120E+00  .11085380E+04  .42412030E+07  .63640770E+06 -.78985490E-04  .23531850E+04
 .13089710E+04  .41984940E+06  .95798800E+03  .73531410E+04  .26762990E+07  .60145280E+00
 .10000000E+02  .70000000E+01  .20000000E+01  .14000000E+02  .14000000E+02  .96411420E+04
 .95798800E+03  .37333600E+03  .41984940E+06  .23092030E+07 -.64107540E-01  .42158680E+04
 .96150200E+03  .36840640E+03  .39908090E+06  .23254290E+07 -.61396620E-01  .42102600E+04
 .96486490E+03  .36353580E+03  .37858680E+06  .23396420E+07 -.58709920E-01  .42052830E+04
 .96807780E+03  .35872430E+03  .35836380E+06  .23517710E+07 -.56042120E-01  .42008830E+04
 .97114180E+03  .35397180E+03  .33840860E+06  .23617390E+07 -.53387990E-01  .41970060E+04
 .97405740E+03  .34927830E+03  .31871780E+06  .23694640E+07 -.50742460E-01  .41936010E+04
 .97682500E+03  .34464350E+03  .29928830E+06  .23748570E+07 -.48100720E-01  .41906180E+04
 .97944470E+03  .34006710E+03  .28011670E+06  .23778230E+07 -.45458290E-01  .41880130E+04
 .98191630E+03  .33554890E+03  .26119970E+06  .23782600E+07 -.42811130E-01  .41857450E+04
 .98423940E+03  .33108850E+03  .24253410E+06  .23760620E+07 -.40155480E-01  .41837840E+04
 .98423940E+03  .33108850E+03  .24253410E+06  .23760620E+07 -.40155480E-01  .41837840E+04
 .98972550E+03  .31942260E+03  .19375090E+06  .23562820E+07 -.32969950E-01  .41799170E+04
 .99412050E+03  .30816030E+03  .14668710E+06  .23142270E+07 -.25581360E-01  .41782280E+04
 .99737770E+03  .29729460E+03  .10128300E+06  .22474330E+07 -.17743740E-01  .41798180E+04
 .99940000E+03  .28682240E+03  .57479090E+05  .21551430E+07 -.90277620E-02  .41873400E+04
 .10000110E+04  .27674860E+03  .15216310E+05  .20406950E+07  .12036380E-02  .42057890E+04
 .99891860E+03  .26709030E+03 -.25566240E+05  .19139660E+07  .13849850E-01  .42437500E+04
 .10438540E-02  .37333600E+03  .41984940E+06  .85306430E-06 -.27490900E-03  .42158680E+04
 .16626410E+01  .37333600E+03  .26762990E+07  .14340950E-04 -.27490900E-03  .20288330E+04
 .60145280E+00  .37333600E+03  .26762990E+07  .22420130E+06 -.31951230E-03  .20288330E+04
 .58385590E+00  .38381760E+03  .26974980E+07  .23071190E+06 -.30902660E-03  .20164820E+04
 .56683340E+00  .39465540E+03  .27192930E+07  .23739700E+06 -.29898970E-03  .20060450E+04
 .55036160E+00  .40585280E+03  .27417060E+07  .24425900E+06 -.28935440E-03  .19974600E+04
 .53441890E+00  .41741300E+03  .27647550E+07  .25129970E+06 -.28008090E-03  .19906570E+04
 .51898630E+00  .42933850E+03  .27884630E+07  .25852030E+06 -.27113600E-03  .19855550E+04
 .50404610E+00  .44163160E+03  .28128480E+07  .26592180E+06 -.26249230E-03  .19820670E+04
 .48958200E+00  .45429420E+03  .28379320E+07  .27350460E+06 -.25412770E-03  .19801050E+04
 .47557900E+00  .46732820E+03  .28637360E+07  .28126880E+06 -.24602410E-03  .19795760E+04
 .46202270E+00  .48073510E+03  .28902800E+07  .28921460E+06 -.23816710E-03  .19803860E+04
 .44889980E+00  .49451650E+03  .29175850E+07  .29734160E+06 -.23054520E-03  .19824470E+04
 .43619740E+00  .50867370E+03  .29456730E+07  .30564970E+06 -.22314910E-03  .19856690E+04
 .42390310E+00  .52320830E+03  .29745640E+07  .31413860E+06 -.21597160E-03  .19899670E+04
 .41200460E+00  .53812160E+03  .30042790E+07  .32280800E+06 -.20900640E-03  .19952640E+04
 .41200460E+00  .53812160E+03  .30042790E+07  .32280800E+06 -.20900640E-03  .19952640E+04
 .38778720E+00  .57136100E+03  .30708310E+07  .34199190E+06 -.19477340E-03  .20096350E+04
 .36522260E+00  .60636130E+03  .31414760E+07  .36200200E+06 -.18145110E-03  .20276150E+04
 .34420390E+00  .64313880E+03  .32164290E+07  .38283830E+06 -.16900290E-03  .20486790E+04
 .32462840E+00  .68170980E+03  .32959010E+07  .40450260E+06 -.15739310E-03  .20724080E+04
 .30639750E+00  .72209140E+03  .33801110E+07  .42699890E+06 -.14658470E-03  .20984600E+04
 .28941750E+00  .76430080E+03  .34692770E+07  .45033350E+06 -.13653980E-03  .21265480E+04
 .27359900E+00  .80835560E+03  .35636170E+07  .47451600E+06 -.12721930E-03  .21564070E+04
 .25885750E+00  .85427420E+03  .36633560E+07  .49956000E+06 -.11858450E-03  .21877760E+04
 .24511280E+00  .90207720E+03  .37687190E+07  .52548430E+06 -.11059720E-03  .22203710E+04
 .23228970E+00  .95178860E+03  .38799310E+07  .55231430E+06 -.10322000E-03  .22538720E+04
 .22031710E+00  .10034380E+04  .39972250E+07  .58008430E+06 -.96417350E-04  .22879040E+04
 .20912790E+00  .10570630E+04  .41208350E+07  .60883880E+06 -.90154980E-04  .23220280E+04
 .19865950E+00  .11127120E+04  .42510010E+07  .63863610E+06 -.84400690E-04  .23557270E+04
 .13300580E+04  .42774910E+06  .95662840E+03  .73307690E+04  .26792060E+07  .63998480E+00
 .10000000E+02  .70000000E+01  .20000000E+01  .14000000E+02  .14000000E+02  .96187700E+04
 .95662840E+03  .37520810E+03  .42774910E+06  .23026390E+07 -.65135320E-01  .42181390E+04
 .96019960E+03  .37025620E+03  .40687630E+06  .23196060E+07 -.62413930E-01  .42122790E+04
 .96361920E+03  .36536340E+03  .38627930E+06  .23345840E+07 -.59718800E-01  .42070710E+04
 .96688850E+03  .36052960E+03  .36595450E+06  .23475060E+07 -.57044550E-01  .42024600E+04
 .97000850E+03  .35575490E+03  .34589880E+06  .23582960E+07 -.54385920E-01  .41983930E+04
 .97297990E+03  .35103920E+03  .32610890E+06  .23668760E+07 -.51737790E-01  .41948160E+04
 .97580320E+03  .34638220E+03  .30658130E+06  .23731570E+07 -.49095220E-01  .41916800E+04
 .97847860E+03  .34178390E+03  .28731300E+06  .23770470E+07 -.46453610E-01  .41889370E+04
 .98100590E+03  .33724380E+03  .26830050E+06  .23784480E+07 -.43808740E-01  .41865460E+04
 .98338500E+03  .33276170E+03  .24954060E+06  .23772550E+07 -.41156770E-01  .41844720E+04
 .98338500E+03  .33276170E+03  .24954060E+06  .23772550E+07 -.41156770E-01  .41844720E+04
 .98902240E+03  .32103830E+03  .20051070E+06  .23603930E+07 -.33989000E-01  .41803230E+04
 .99357290E+03  .30971970E+03  .15320890E+06  .23216280E+07 -.26640090E-01  .41782880E+04
 .99699460E+03  .29879850E+03  .10757490E+06  .22584160E+07 -.18887430E-01  .41792970E+04
 .99919910E+03  .28827090E+03  .63549640E+05  .21696230E+07 -.10328440E-01  .41857430E+04
 .10000230E+04  .27814030E+03  .21073830E+05  .20578620E+07 -.35821600E-03  .42022300E+04
 .99919340E+03  .26842180E+03 -.19913020E+05  .19319450E+07  .11883650E-01  .42367370E+04
 .10453380E-02  .37520810E+03  .42774910E+06  .76088760E-06 -.26021780E-03  .42181390E+04
 .15625370E+01  .37520810E+03  .26792060E+07  .12606700E-04 -.26021780E-03  .20362880E+04
 .63998480E+00  .37520810E+03  .26792060E+07  .22510770E+06 -.33987390E-03  .20362880E+04
 .62126680E+00  .38570530E+03  .27005100E+07  .23164080E+06 -.32871070E-03  .20231010E+04
 .60316010E+00  .39656220E+03  .27224120E+07  .23834940E+06 -.31802960E-03  .20119200E+04
 .58563940E+00  .40778220E+03  .27449320E+07  .24523580E+06 -.30777900E-03  .20026770E+04
 .56868170E+00  .41936830E+03  .27680900E+07  .25230170E+06 -.29791520E-03  .19952980E+04
 .55226640E+00  .43132290E+03  .27919080E+07  .25954850E+06 -.28840210E-03  .19896970E+04
 .53637470E+00  .44364810E+03  .28164050E+07  .26697670E+06 -.27920990E-03  .19857810E+04
 .52098940E+00  .45634570E+03  .28416040E+07  .27458690E+06 -.27031430E-03  .19834560E+04
 .50609430E+00  .46941710E+03  .28675230E+07  .28237920E+06 -.26169590E-03  .19826230E+04
 .49167450E+00  .48286390E+03  .28941850E+07  .29035330E+06 -.25333930E-03  .19831820E+04
 .47771560E+00  .49668720E+03  .29216110E+07  .29850910E+06 -.24523200E-03  .19850390E+04
 .46420400E+00  .51088840E+03  .29498210E+07  .30684630E+06 -.23736440E-03  .19880980E+04
 .45112650E+00  .52546870E+03  .29788370E+07  .31536430E+06 -.22972860E-03  .19922690E+04
 .43847020E+00  .54042930E+03  .30086810E+07  .32406300E+06 -.22231820E-03  .19974700E+04
 .43847020E+00  .54042930E+03  .30086810E+07  .32406300E+06 -.22231820E-03  .19974700E+04
 .41271060E+00  .57377450E+03  .30755150E+07  .34330970E+06 -.20717420E-03  .20117190E+04
 .38870970E+00  .60888590E+03  .31464570E+07  .36338240E+06 -.19299850E-03  .20296610E+04
 .36635370E+00  .64577810E+03  .32217190E+07  .38428090E+06 -.17975320E-03  .20507420E+04
 .34553320E+00  .68446710E+03  .33015160E+07  .40600690E+06 -.16740090E-03  .20745210E+04
 .32614340E+00  .72496920E+03  .33860640E+07  .42856460E+06 -.15590260E-03  .21006420E+04
 .30808400E+00  .76730110E+03  .34755820E+07  .45196040E+06 -.14521790E-03  .21288040E+04
 .29126020E+00  .81148020E+03  .35702900E+07  .47620440E+06 -.13530540E-03  .21587360E+04
 .27558150E+00  .85752480E+03  .36704120E+07  .50131030E+06 -.12612360E-03  .21901670E+04
 .26096290E+00  .90545560E+03  .37761710E+07  .52729760E+06 -.11763160E-03  .22228110E+04
 .24732390E+00  .95529700E+03  .38877970E+07  .55419240E+06 -.10978960E-03  .22563390E+04
 .23458900E+00  .10070790E+04  .40055200E+07  .58202950E+06 -.10255940E-03  .22903740E+04
 .22268670E+00  .10608400E+04  .41295750E+07  .61085450E+06 -.95904550E-04  .23244700E+04
 .21155020E+00  .11166290E+04  .42602030E+07  .64072660E+06 -.89790680E-04  .23581040E+04
 .13499670E+04  .43524400E+06  .95532490E+03  .73098050E+04  .26819440E+07  .67835730E+00
 .10000000E+02  .70000000E+01  .20000000E+01  .14000000E+02  .14000000E+02  .95978050E+04
 .95532490E+03  .37698320E+03  .43524400E+06  .22961940E+07 -.66109720E-01  .42203740E+04
 .95895040E+03  .37201040E+03  .41427240E+06  .23138530E+07 -.63377750E-01  .42142700E+04
 .96242380E+03  .36709660E+03  .39357770E+06  .23295450E+07 -.60673940E-01  .42088360E+04
 .96574630E+03  .36224180E+03  .37315650E+06  .23432050E+07 -.57992930E-01  .42040200E+04
 .96891930E+03  .35744600E+03  .35300550E+06  .23547620E+07 -.55329400E-01  .41997650E+04
 .97194350E+03  .35270930E+03  .33312140E+06  .23641360E+07 -.52678160E-01  .41960200E+04
 .97481940E+03  .34803150E+03  .31350100E+06  .23712440E+07 -.50034220E-01  .41927320E+04
 .97754740E+03  .34341230E+03  .29414080E+06  .23759950E+07 -.47392820E-01  .41898540E+04
 .98012740E+03  .33885150E+03  .27503770E+06  .23782920E+07 -.44749620E-01  .41873430E+04
 .98255920E+03  .33434880E+03  .25618840E+06  .23780330E+07 -.42100660E-01  .41851600E+04
 .98255920E+03  .33434880E+03  .25618840E+06  .23780330E+07 -.42100660E-01  .41851600E+04
 .98833910E+03  .32257110E+03  .20692450E+06  .23638800E+07 -.34947960E-01  .41807430E+04
 .99303560E+03  .31119910E+03  .15939680E+06  .23281740E+07 -.27632550E-01  .41783970E+04
 .99661100E+03  .30022550E+03  .11354490E+06  .22683190E+07 -.19952800E-01  .41789010E+04
 .99898470E+03  .28964560E+03  .69309440E+05  .21828720E+07 -.11531160E-01  .41844140E+04
 .10000050E+04  .27946160E+03  .26631400E+05  .20738030E+07 -.17919470E-02  .41991900E+04
 .99941570E+03  .26968700E+03 -.14549490E+05  .19489660E+07  .10088550E-01  .42306730E+04
 .10467640E-02  .37698320E+03  .43524400E+06  .68360440E-06 -.24717160E-03  .42203740E+04
 .14741490E+01  .37698320E+03  .26819440E+07  .11171540E-04 -.24717160E-03  .20435630E+04
 .67835730E+00  .37698320E+03  .26819440E+07  .22595910E+06 -.36014620E-03  .20435630E+04
 .65852310E+00  .38749400E+03  .27033480E+07  .23251350E+06 -.34830770E-03  .20295560E+04
 .63933720E+00  .39836810E+03  .27253500E+07  .23924430E+06 -.33698500E-03  .20176420E+04
 .62077220E+00  .40960860E+03  .27479720E+07  .24615370E+06 -.32612170E-03  .20077530E+04
 .60280390E+00  .42121840E+03  .27712330E+07  .25324350E+06 -.31567040E-03  .19998080E+04
 .58541020E+00  .43319980E+03  .27951550E+07  .26051490E+06 -.30559190E-03  .19937170E+04
 .56857130E+00  .44555460E+03  .28197580E+07  .26796860E+06 -.29585370E-03  .19893800E+04
 .55226870E+00  .45828450E+03  .28450640E+07  .27560480E+06 -.28642970E-03  .19866980E+04
 .53648570E+00  .47139080E+03  .28710930E+07  .28342350E+06 -.27729900E-03  .19855660E+04
 .52120610E+00  .48487470E+03  .28978670E+07  .29142450E+06 -.26844500E-03  .19858790E+04
 .50641490E+00  .49873720E+03  .29254060E+07  .29960760E+06 -.25985460E-03  .19875340E+04
 .49209760E+00  .51297950E+03  .29537330E+07  .30797210E+06 -.25151730E-03  .19904320E+04
 .47824040E+00  .52760250E+03  .29828670E+07  .31651780E+06 -.24342510E-03  .19944780E+04
 .46482960E+00  .54260740E+03  .30128310E+07  .32524420E+06 -.23557130E-03  .19995830E+04
 .46482960E+00  .54260740E+03  .30128310E+07  .32524420E+06 -.23557130E-03  .19995830E+04
 .43753460E+00  .57605190E+03  .30799330E+07  .34455030E+06 -.21951980E-03  .20137100E+04
 .41210380E+00  .61126730E+03  .31511550E+07  .36468210E+06 -.20449400E-03  .20316110E+04
 .38841660E+00  .64826750E+03  .32267090E+07  .38563930E+06 -.19045460E-03  .20527050E+04
 .36635680E+00  .68706720E+03  .33068110E+07  .40742350E+06 -.17736270E-03  .20765290E+04
 .34581330E+00  .72768230E+03  .33916770E+07  .43003890E+06 -.16517730E-03  .21027110E+04
 .32667970E+00  .77012920E+03  .34815280E+07  .45349250E+06 -.15385570E-03  .21309410E+04
 .30885510E+00  .81442500E+03  .35765820E+07  .47779430E+06 -.14335380E-03  .21609380E+04
 .29224370E+00  .86058800E+03  .36770640E+07  .50295860E+06 -.13362760E-03  .21924270E+04
 .27675520E+00  .90863900E+03  .37831990E+07  .52900530E+06 -.12463340E-03  .22251130E+04
 .26230420E+00  .95860260E+03  .38952140E+07  .55596110E+06 -.11632900E-03  .22586660E+04
 .24881030E+00  .10105090E+04  .40133410E+07  .58386150E+06 -.10867360E-03  .22927000E+04
 .23619810E+00  .10643970E+04  .41378160E+07  .61275300E+06 -.10162860E-03  .23267670E+04
 .22439650E+00  .11203180E+04  .42688780E+07  .64269580E+06 -.95157230E-04  .23603360E+04
 .13688300E+04  .44237810E+06  .95407220E+03  .72900830E+04  .26845310E+07  .71658120E+00
 .10000000E+02  .70000000E+01  .20000000E+01  .14000000E+02  .14000000E+02  .95780820E+04
 .95407220E+03  .37867190E+03  .44237810E+06  .22898680E+07 -.67036770E-01  .42225750E+04
 .95774930E+03  .37367930E+03  .42131260E+06  .23081760E+07 -.64294140E-01  .42162330E+04
 .96127370E+03  .36874560E+03  .40052490E+06  .23245370E+07 -.61581510E-01  .42105800E+04
 .96464690E+03  .36387080E+03  .38001190E+06  .23388890E+07 -.58893460E-01  .42055620E+04
 .96787020E+03  .35905520E+03  .35977030E+06  .23511620E+07 -.56224690E-01  .42011240E+04
 .97094430E+03  .35429860E+03  .33979670E+06  .23612800E+07 -.53569930E-01  .41972130E+04
 .97387020E+03  .34960090E+03  .32008780E+06  .23691600E+07 -.50924120E-01  .41937760E+04
 .97664790E+03  .34496200E+03  .30064030E+06  .23747150E+07 -.48282430E-01  .41907660E+04
 .97927780E+03  .34038160E+03  .28145090E+06  .23778490E+07 -.45640350E-01  .41881350E+04
 .98175960E+03  .33585930E+03  .26251640E+06  .23784610E+07 -.42993810E-01  .41858450E+04
 .98175960E+03  .33585930E+03  .26251640E+06  .23784610E+07 -.42993810E-01  .41858450E+04
 .98767440E+03  .32402990E+03  .21302990E+06  .23668380E+07 -.35853990E-01  .41811730E+04
 .99250860E+03  .31260740E+03  .16528710E+06  .23339840E+07 -.28567150E-01  .41785450E+04
 .99622830E+03  .30158390E+03  .11922770E+06  .22772860E+07 -.20950340E-01  .41786040E+04
 .99875980E+03  .29095440E+03  .74792270E+05  .21950370E+07 -.12649550E-01  .41833010E+04
 .99996190E+03  .28072020E+03  .31921660E+05  .20886440E+07 -.31158830E-02  .41965760E+04
 .99959390E+03  .27089270E+03 -.94441040E+04  .19650870E+07  .84400640E-02  .42253910E+04
 .10481390E-02  .37867190E+03  .44237810E+06  .61810640E-06 -.23550210E-03  .42225750E+04
 .13955150E+01  .37867190E+03  .26845310E+07  .99701970E-05 -.23550210E-03  .20506730E+04
 .71658120E+00  .37867190E+03  .26845310E+07  .22676160E+06 -.38033530E-03  .20506730E+04
 .69563540E+00  .38919480E+03  .27060290E+07  .23333620E+06 -.36782370E-03  .20358580E+04
 .67537470E+00  .40008410E+03  .27281280E+07  .24008800E+06 -.35586180E-03  .20232250E+04
 .65576980E+00  .41134330E+03  .27508460E+07  .24701930E+06 -.34438840E-03  .20127010E+04
 .63679500E+00  .42297480E+03  .27742050E+07  .25413180E+06 -.33335220E-03  .20041990E+04
 .61842700E+00  .43498090E+03  .27982260E+07  .26142660E+06 -.32271070E-03  .19976250E+04
 .60064470E+00  .44736320E+03  .28229300E+07  .26890440E+06 -.31242900E-03  .19928750E+04
 .58342880E+00  .46012320E+03  .28483380E+07  .27656530E+06 -.30247900E-03  .19898420E+04
 .56676130E+00  .47326200E+03  .28744710E+07  .28440920E+06 -.29283830E-03  .19884150E+04
 .55062540E+00  .48678060E+03  .29013500E+07  .29243580E+06 -.28348900E-03  .19884840E+04
 .53500530E+00  .50067990E+03  .29289970E+07  .30064460E+06 -.27441730E-03  .19899410E+04
 .51988570E+00  .51496070E+03  .29574330E+07  .30903530E+06 -.26561230E-03  .19926810E+04
 .50525190E+00  .52962390E+03  .29866800E+07  .31760720E+06 -.25706540E-03  .19966030E+04
 .49108970E+00  .54467040E+03  .30167580E+07  .32635980E+06 -.24876980E-03  .20016130E+04
 .49108970E+00  .54467040E+03  .30167580E+07  .32635980E+06 -.24876980E-03  .20016130E+04
 .46226570E+00  .57820830E+03  .30841130E+07  .34572230E+06 -.23181400E-03  .20156170E+04
 .43541100E+00  .61352170E+03  .31555990E+07  .36591010E+06 -.21594100E-03  .20334750E+04
 .41039820E+00  .65062340E+03  .32314300E+07  .38692280E+06 -.20111040E-03  .20545770E+04
 .38710450E+00  .68952750E+03  .33118210E+07  .40876210E+06 -.18728160E-03  .20784410E+04
 .36541220E+00  .73024910E+03  .33969890E+07  .43143230E+06 -.17441180E-03  .21046800E+04
 .34520910E+00  .77280440E+03  .34871540E+07  .45494030E+06 -.16245580E-03  .21329720E+04
 .32638820E+00  .81721020E+03  .35825370E+07  .47929680E+06 -.15136710E-03  .21630290E+04
 .30884820E+00  .86348490E+03  .36833590E+07  .50451630E+06 -.14109890E-03  .21945690E+04
 .29249350E+00  .91164920E+03  .37898480E+07  .53061910E+06 -.13160490E-03  .22272940E+04
 .27723380E+00  .96172790E+03  .39022320E+07  .55763260E+06 -.12284040E-03  .22608670E+04
 .26298430E+00  .10137520E+04  .40207410E+07  .58559290E+06 -.11476200E-03  .22948990E+04
 .24966510E+00  .10677610E+04  .41456120E+07  .61454740E+06 -.10732870E-03  .23289360E+04
 .23720120E+00  .11238060E+04  .42770850E+07  .64455710E+06 -.10050190E-03  .23624400E+04
 .13867570E+04  .44918860E+06  .95286550E+03  .72714620E+04  .26869830E+07  .75466600E+00
 .10000000E+02  .70000000E+01  .20000000E+01  .14000000E+02  .14000000E+02  .95594630E+04
 .95286550E+03  .38028320E+03  .44918860E+06  .22836610E+07 -.67921530E-01  .42247430E+04
 .95659190E+03  .37527170E+03  .42803330E+06  .23025790E+07 -.65168200E-01  .42181700E+04
 .96016500E+03  .37031910E+03  .40715700E+06  .23195690E+07 -.62446610E-01  .42123030E+04
 .96358640E+03  .36542540E+03  .38655640E+06  .23345710E+07 -.59751330E-01  .42070870E+04
 .96685750E+03  .36059090E+03  .36622830E+06  .23475160E+07 -.57077010E-01  .42024700E+04
 .96997940E+03  .35581530E+03  .34616920E+06  .23583320E+07 -.54418380E-01  .41983960E+04
 .97295260E+03  .35109880E+03  .32637580E+06  .23669380E+07 -.51770300E-01  .41948130E+04
 .97577770E+03  .34644100E+03  .30684500E+06  .23732470E+07 -.49127850E-01  .41916710E+04
 .97845500E+03  .34184190E+03  .28757330E+06  .23771650E+07 -.46486410E-01  .41889230E+04
 .98098410E+03  .33730110E+03  .26855760E+06  .23785960E+07 -.43841780E-01  .41865270E+04
 .98098410E+03  .33730110E+03  .26855760E+06  .23785960E+07 -.43841780E-01  .41865270E+04
 .98702690E+03  .32542240E+03  .21885850E+06  .23693410E+07 -.36713030E-01  .41816100E+04
 .99199150E+03  .31395160E+03  .17091050E+06  .23391600E+07 -.29450750E-01  .41787240E+04
 .99584740E+03  .30288070E+03  .12465300E+06  .22854320E+07 -.21888580E-01  .41783870E+04
 .99852680E+03  .29220430E+03  .80026580E+05  .22062410E+07 -.13694660E-01  .41823650E+04
 .99989830E+03  .28192240E+03  .36972050E+05  .21024920E+07 -.43448540E-02  .41943140E+04
 .99973510E+03  .27204510E+03 -.45703410E+04  .19803680E+07  .69182670E-02  .42207610E+04
 .10494660E-02  .38028320E+03  .44918860E+06  .56206490E-06 -.22499680E-03  .42247430E+04
 .13250900E+01  .38028320E+03  .26869830E+07  .89543090E-05 -.22499680E-03  .20576300E+04
 .75466600E+00  .38028320E+03  .26869830E+07  .22752050E+06 -.40044710E-03  .20576300E+04
 .73261300E+00  .39081650E+03  .27085720E+07  .23411420E+06 -.38726440E-03  .20420210E+04
 .71128150E+00  .40171970E+03  .27307610E+07  .24088600E+06 -.37466530E-03  .20286810E+04
 .69064070E+00  .41299570E+03  .27535710E+07  .24783810E+06 -.36258410E-03  .20175310E+04
 .67066340E+00  .42464720E+03  .27770240E+07  .25497220E+06 -.35096540E-03  .20084810E+04
 .65132490E+00  .43667610E+03  .28011390E+07  .26228940E+06 -.33976340E-03  .20014320E+04
 .63260290E+00  .44908400E+03  .28259390E+07  .26979010E+06 -.32894060E-03  .19962750E+04
 .61447700E+00  .46187210E+03  .28514430E+07  .27747450E+06 -.31846670E-03  .19928960E+04
 .59692850E+00  .47504140E+03  .28776750E+07  .28534230E+06 -.30831800E-03  .19911790E+04
 .57993970E+00  .48859260E+03  .29046550E+07  .29339330E+06 -.29847540E-03  .19910090E+04
 .56349380E+00  .50252630E+03  .29324050E+07  .30162680E+06 -.28892430E-03  .19922700E+04
 .54757490E+00  .51684340E+03  .29609450E+07  .31004230E+06 -.27965320E-03  .19948530E+04
 .53216760E+00  .53154450E+03  .29902980E+07  .31863920E+06 -.27065330E-03  .19986510E+04
 .51725690E+00  .54663020E+03  .30204860E+07  .32741680E+06 -.26191730E-03  .20035680E+04
 .51725690E+00  .54663020E+03  .30204860E+07  .32741680E+06 -.26191730E-03  .20035680E+04
 .48690980E+00  .58025630E+03  .30880810E+07  .34683290E+06 -.24406030E-03  .20174490E+04
 .45863680E+00  .61566240E+03  .31598180E+07  .36707400E+06 -.22734280E-03  .20352610E+04
 .43230360E+00  .65286000E+03  .32359120E+07  .38813940E+06 -.21172350E-03  .20563690E+04
 .40778090E+00  .69186270E+03  .33165770E+07  .41003100E+06 -.19716040E-03  .20802690E+04
 .38494470E+00  .73268510E+03  .34020310E+07  .43275300E+06 -.18360860E-03  .21065580E+04
 .36367630E+00  .77534280E+03  .34924950E+07  .45631280E+06 -.17102060E-03  .21349070E+04
 .34386310E+00  .81985260E+03  .35881880E+07  .48072110E+06 -.15934740E-03  .21650190E+04
 .32539830E+00  .86623280E+03  .36893340E+07  .50599290E+06 -.14853950E-03  .21966070E+04
 .30818100E+00  .91450430E+03  .37961590E+07  .53214910E+06 -.13854800E-03  .22293660E+04
 .29211600E+00  .96469200E+03  .39088920E+07  .55921730E+06 -.12932540E-03  .22629560E+04
 .27711400E+00  .10168270E+04  .40277630E+07  .58723450E+06 -.12082600E-03  .22969840E+04
 .26309060E+00  .10709500E+04  .41530100E+07  .61624860E+06 -.11300660E-03  .23309890E+04
 .24996680E+00  .11271130E+04  .42848730E+07  .64632200E+06 -.10582600E-03  .23644300E+04
