 .13867570E+04  .44918860E+06  .95286550E+03  .72714620E+04  .26869830E+07  .75466600E+00
 .10000000E+02  .90000000E+01  .20000000E+01  .14000000E+02  .14000000E+02  .95594630E+04
 .95286550E+03  .38028320E+03  .44918860E+06  .22836610E+07 -.67921530E-01  .42247430E+04
 .95659190E+03  .37527170E+03  .42803330E+06  .23025790E+07 -.65168200E-01  .42181700E+04
 .96016500E+03  .37031910E+03  .40715700E+06  .23195690E+07 -.62446610E-01  .42123030E+04
 .96358640E+03  .36542540E+03  .38655640E+06  .23345710E+07 -.59751330E-01  .42070870E+04
 .96685750E+03  .36059090E+03  .36622830E+06  .23475160E+07 -.57077010E-01  .42024700E+04
 .96997940E+03  .35581530E+03  .34616920E+06  .23583320E+07 -.54418380E-01  .41983960E+04
 .97295260E+03  .35109880E+03  .32637580E+06  .23669380E+07 -.51770300E-01  .41948130E+04
 .97577770E+03  .34644100E+03  .30684500E+06  .23732470E+07 -.49127850E-01  .41916710E+04
 .97845500E+03  .34184190E+03  .28757330E+06  .23771650E+07 -.46486410E-01  .41889230E+04
 .98098410E+03  .33730110E+03  .26855760E+06  .23785960E+07 -.43841780E-01  .41865270E+04
 .98098410E+03  .33730110E+03  .26855760E+06  .23785960E+07 -.43841780E-01  .41865270E+04
 .98702690E+03  .32542240E+03  .21885850E+06  .23693410E+07 -.36713030E-01  .41816100E+04
 .99199150E+03  .31395160E+03  .17091050E+06  .23391600E+07 -.29450750E-01  .41787240E+04
 .99584740E+03  .30288070E+03  .12465300E+06  .22854320E+07 -.21888580E-01  .41783870E+04
 .99852680E+03  .29220430E+03  .80026580E+05  .22062410E+07 -.13694660E-01  .41823650E+04
 .99989830E+03  .28192240E+03  .36972050E+05  .21024920E+07 -.43448540E-02  .41943140E+04
 .99973510E+03  .27204510E+03 -.45703410E+04  .19803680E+07  .69182670E-02  .42207610E+04
 .99767610E+03  .26259770E+03 -.44662940E+05  .18537190E+07  .21121520E-01  .42726290E+04
 .99319480E+03  .25362660E+03 -.83373420E+05  .17460340E+07  .39385740E-01  .43673950E+04
 .10494660E-02  .38028320E+03  .44918860E+06  .56206490E-06 -.22499680E-03  .42247430E+04
 .13250900E+01  .38028320E+03  .26869830E+07  .89543090E-05 -.22499680E-03  .20576300E+04
 .75466600E+00  .38028320E+03  .26869830E+07  .22752050E+06 -.40044710E-03  .20576300E+04
 .73261300E+00  .39081650E+03  .27085720E+07  .23411420E+06 -.38726440E-03  .20420210E+04
 .71128150E+00  .40171970E+03  .27307610E+07  .24088600E+06 -.37466530E-03  .20286810E+04
 .69064070E+00  .41299570E+03  .27535710E+07  .24783810E+06 -.36258410E-03  .20175310E+04
 .67066340E+00  .42464720E+03  .27770240E+07  .25497220E+06 -.35096540E-03  .20084810E+04
 .65132490E+00  .43667610E+03  .28011390E+07  .26228940E+06 -.33976340E-03  .20014320E+04
 .63260290E+00  .44908400E+03  .28259390E+07  .26979010E+06 -.32894060E-03  .19962750E+04
 .61447700E+00  .46187210E+03  .28514430E+07  .27747450E+06 -.31846670E-03  .19928960E+04
 .59692850E+00  .47504140E+03  .28776750E+07  .28534230E+06 -.30831800E-03  .19911790E+04
 .57993970E+00  .48859260E+03  .29046550E+07  .29339330E+06 -.29847540E-03  .19910090E+04
 .56349380E+00  .50252630E+03  .29324050E+07  .30162680E+06 -.28892430E-03  .19922700E+04
 .54757490E+00  .51684340E+03  .29609450E+07  .31004230E+06 -.27965320E-03  .19948530E+04
 .53216760E+00  .53154450E+03  .29902980E+07  .31863920E+06 -.27065330E-03  .19986510E+04
 .51725690E+00  .54663020E+03  .30204860E+07  .32741680E+06 -.26191730E-03  .20035680E+04
 .51725690E+00  .54663020E+03  .30204860E+07  .32741680E+06 -.26191730E-03  .20035680E+04
 .48690980E+00  .58025630E+03  .30880810E+07  .34683290E+06 -.24406030E-03  .20174490E+04
 .45863680E+00  .61566240E+03  .31598180E+07  .36707400E+06 -.22734280E-03  .20352610E+04
 .43230360E+00  .65286000E+03  .32359120E+07  .38813940E+06 -.21172350E-03  .20563690E+04
 .40778090E+00  .69186270E+03  .33165770E+07  .41003100E+06 -.19716040E-03  .20802690E+04
 .38494470E+00  .73268510E+03  .34020310E+07  .43275300E+06 -.18360860E-03  .21065580E+04
 .36367630E+00  .77534280E+03  .34924950E+07  .45631280E+06 -.17102060E-03  .21349070E+04
 .34386310E+00  .81985260E+03  .35881880E+07  .48072110E+06 -.15934740E-03  .21650190E+04
 .32539830E+00  .86623280E+03  .36893340E+07  .50599290E+06 -.14853950E-03  .21966070E+04
 .30818100E+00  .91450430E+03  .37961590E+07  .53214910E+06 -.13854800E-03  .22293660E+04
 .29211600E+00  .96469200E+03  .39088920E+07  .55921730E+06 -.12932540E-03  .22629560E+04
 .27711400E+00  .10168270E+04  .40277630E+07  .58723450E+06 -.12082600E-03  .22969840E+04
 .26309060E+00  .10709500E+04  .41530100E+07  .61624860E+06 -.11300660E-03  .23309890E+04
 .24996680E+00  .11271130E+04  .42848730E+07  .64632200E+06 -.10582600E-03  .23644300E+04
 .14269500E+04  .46456400E+06  .95010300E+03  .72301540E+04  .26924540E+07  .84662880E+00
 .10000000E+02  .90000000E+01  .20000000E+01  .14000000E+02  .14000000E+02  .95181530E+04
 .95010300E+03  .38391740E+03  .46456400E+06  .22690590E+07 -.69919040E-01  .42298870E+04
 .95394040E+03  .37886390E+03  .44320640E+06  .22893270E+07 -.67139690E-01  .42227760E+04
 .95762330E+03  .37386900E+03  .42213010E+06  .23077060E+07 -.64396000E-01  .42164080E+04
 .96115340E+03  .36893290E+03  .40133200E+06  .23241390E+07 -.61682510E-01  .42107300E+04
 .96453220E+03  .36405590E+03  .38080860E+06  .23385660E+07 -.58993810E-01  .42056890E+04
 .96776100E+03  .35923790E+03  .36055660E+06  .23509170E+07 -.56324570E-01  .42012300E+04
 .97084080E+03  .35447900E+03  .34057280E+06  .23611160E+07 -.53669550E-01  .41973010E+04
 .97377220E+03  .34977900E+03  .32085380E+06  .23690810E+07 -.51023670E-01  .41938470E+04
 .97655550E+03  .34513780E+03  .30139640E+06  .23747230E+07 -.48382090E-01  .41908210E+04
 .97919100E+03  .34055510E+03  .28219730E+06  .23779470E+07 -.45740300E-01  .41881760E+04
 .97919100E+03  .34055510E+03  .28219730E+06  .23779470E+07 -.45740300E-01  .41881760E+04
 .98551980E+03  .32856570E+03  .23201850E+06  .23738860E+07 -.38632480E-01  .41826890E+04
 .99077550E+03  .31698630E+03  .18360710E+06  .23495560E+07 -.31417410E-01  .41792450E+04
 .99493320E+03  .30580870E+03  .13690250E+06  .23023770E+07 -.23961010E-01  .41781090E+04
 .99793790E+03  .29502670E+03  .91844730E+05  .22300690E+07 -.15980160E-01  .41806580E+04
 .99967790E+03  .28463850E+03  .48374780E+05  .21325400E+07 -.70042610E-02  .41899590E+04
 .99995540E+03  .27465090E+03  .64331740E+04  .20143180E+07  .36554290E-02  .42116450E+04
 .99844950E+03  .26508450E+03 -.34041520E+05  .18869830E+07  .16957470E-01  .42552690E+04
 .99467890E+03  .25597950E+03 -.73115200E+05  .17712750E+07  .34037460E-01  .43363030E+04
 .10525170E-02  .38391740E+03  .46456400E+06  .45529010E-06 -.20335360E-03  .42298870E+04
 .11811550E+01  .38391740E+03  .26924540E+07  .70535910E-05 -.20335360E-03  .20739590E+04
 .84662880E+00  .38391740E+03  .26924540E+07  .22920660E+06 -.44899800E-03  .20739590E+04
 .82190280E+00  .39447120E+03  .27142470E+07  .23584330E+06 -.43419250E-03  .20564730E+04
 .79798680E+00  .40540230E+03  .27366410E+07  .24266000E+06 -.42005440E-03  .20414560E+04
 .77484570E+00  .41671360E+03  .27596590E+07  .24965900E+06 -.40650580E-03  .20288250E+04
 .75244840E+00  .42840730E+03  .27833210E+07  .25684170E+06 -.39348130E-03  .20184780E+04
 .73076700E+00  .44048520E+03  .28076480E+07  .26420910E+06 -.38092690E-03  .20103040E+04
 .70977660E+00  .45294840E+03  .28326620E+07  .27176150E+06 -.36879850E-03  .20041820E+04
 .68945430E+00  .46579760E+03  .28583850E+07  .27949890E+06 -.35706090E-03  .19999840E+04
 .66977900E+00  .47903340E+03  .28848390E+07  .28742080E+06 -.34568630E-03  .19975800E+04
 .65073100E+00  .49265610E+03  .29120440E+07  .29552660E+06 -.33465300E-03  .19968400E+04
 .63229180E+00  .50666590E+03  .29400230E+07  .30381560E+06 -.32394450E-03  .19976370E+04
 .61444340E+00  .52106300E+03  .29687980E+07  .31228700E+06 -.31354800E-03  .19998480E+04
 .59716880E+00  .53584770E+03  .29983900E+07  .32094000E+06 -.30345370E-03  .20033530E+04
 .58045110E+00  .55102040E+03  .30288200E+07  .32977390E+06 -.29365400E-03  .20080450E+04
 .58045110E+00  .55102040E+03  .30288200E+07  .32977390E+06 -.29365400E-03  .20080450E+04
 .54642770E+00  .58484180E+03  .30969540E+07  .34931030E+06 -.27361920E-03  .20216270E+04
 .51473150E+00  .62045330E+03  .31692540E+07  .36967090E+06 -.25486110E-03  .20393220E+04
 .48521170E+00  .65786410E+03  .32459350E+07  .39085450E+06 -.23733610E-03  .20604300E+04
 .45772330E+00  .69708590E+03  .33272140E+07  .41286300E+06 -.22099890E-03  .20844000E+04
 .43212650E+00  .73813200E+03  .34133080E+07  .43570110E+06 -.20580010E-03  .21107970E+04
 .40828790E+00  .78101750E+03  .35044390E+07  .45937640E+06 -.19168650E-03  .21392660E+04
 .38608050E+00  .82575850E+03  .36008270E+07  .48390050E+06 -.17860270E-03  .21694940E+04
 .36538420E+00  .87237340E+03  .37026960E+07  .50928920E+06 -.16649280E-03  .22011800E+04
 .34608550E+00  .92088320E+03  .38102720E+07  .53556430E+06 -.15530130E-03  .22340080E+04
 .32807730E+00  .97131350E+03  .39237850E+07  .56275490E+06 -.14497430E-03  .22676290E+04
 .31125920E+00  .10236970E+04  .40434660E+07  .59089930E+06 -.13546040E-03  .23016380E+04
 .29553630E+00  .10780740E+04  .41695520E+07  .62004730E+06 -.12671030E-03  .23355650E+04
 .28082000E+00  .11344990E+04  .43022850E+07  .65026310E+06 -.11867790E-03  .23688550E+04
 .14631990E+04  .47855850E+06  .94754310E+03  .71934060E+04  .26973530E+07  .93792140E+00
 .10000000E+02  .90000000E+01  .20000000E+01  .14000000E+02  .14000000E+02  .94814050E+04
 .94754310E+03  .38722110E+03  .47855850E+06  .22550910E+07 -.71738450E-01  .42348730E+04
 .95148170E+03  .38212970E+03  .45701700E+06  .22765550E+07 -.68933170E-01  .42272530E+04
 .95526430E+03  .37709680E+03  .43575890E+06  .22961610E+07 -.66167160E-01  .42204100E+04
 .95889300E+03  .37212250E+03  .41478100E+06  .23138590E+07 -.63434870E-01  .42142920E+04
 .96236960E+03  .36720720E+03  .39408010E+06  .23295910E+07 -.60730860E-01  .42088460E+04
 .96569530E+03  .36235100E+03  .37365270E+06  .23432920E+07 -.58049750E-01  .42040170E+04
 .96887150E+03  .35755380E+03  .35349570E+06  .23548920E+07 -.55386240E-01  .41997500E+04
 .97189880E+03  .35281560E+03  .33360560E+06  .23643110E+07 -.52735140E-01  .41959950E+04
 .97477800E+03  .34813630E+03  .31397920E+06  .23714650E+07 -.50091450E-01  .41926970E+04
 .97750910E+03  .34351570E+03  .29461320E+06  .23762640E+07 -.47450410E-01  .41898100E+04
 .97750910E+03  .34351570E+03  .29461320E+06  .23762640E+07 -.47450410E-01  .41898100E+04
 .98409530E+03  .33142590E+03  .24399780E+06  .23767530E+07 -.40357030E-01  .41837830E+04
 .98961190E+03  .31974800E+03  .19516490E+06  .23575390E+07 -.33176760E-01  .41798510E+04
 .99403860E+03  .30847400E+03  .14805320E+06  .23161170E+07 -.25798340E-01  .41780770E+04
 .99732980E+03  .29759660E+03  .10260280E+06  .22500000E+07 -.17980700E-01  .41795230E+04
 .99939000E+03  .28711290E+03  .58754560E+05  .21583520E+07 -.92998840E-02  .41867810E+04
 .10000450E+04  .27702700E+03  .16449120E+05  .20443570E+07  .87489950E-03  .42047570E+04
 .99900870E+03  .26735580E+03 -.24374240E+05  .19176770E+07  .13436050E-01  .42418940E+04
 .99583920E+03  .25813400E+03 -.63780050E+05  .17966770E+07  .29502820E-01  .43120130E+04
 .10553610E-02  .38722110E+03  .47855850E+06  .37756640E-06 -.18588020E-03  .42348730E+04
 .10661870E+01  .38722110E+03  .26973530E+07  .57035850E-05 -.18588020E-03  .20895880E+04
 .93792140E+00  .38722110E+03  .26973530E+07  .23070780E+06 -.49718290E-03  .20895880E+04
 .91054270E+00  .39778940E+03  .27193310E+07  .23738340E+06 -.48076300E-03  .20702870E+04
 .88406190E+00  .40874210E+03  .27419120E+07  .24424080E+06 -.46509570E-03  .20536500E+04
 .85843960E+00  .42008180E+03  .27651180E+07  .25128210E+06 -.45009060E-03  .20395860E+04
 .83364090E+00  .43181060E+03  .27889690E+07  .25850890E+06 -.43567150E-03  .20279840E+04
 .80963460E+00  .44392990E+03  .28134880E+07  .26592190E+06 -.42177590E-03  .20187210E+04
 .78639320E+00  .45644030E+03  .28386960E+07  .27352130E+06 -.40835280E-03  .20116640E+04
 .76389100E+00  .46934240E+03  .28646160E+07  .28130670E+06 -.39536180E-03  .20066730E+04
 .74210510E+00  .48263610E+03  .28912700E+07  .28927770E+06 -.38277110E-03  .20036040E+04
 .72101370E+00  .49632140E+03  .29186790E+07  .29743330E+06 -.37055640E-03  .20023130E+04
 .70059620E+00  .51039790E+03  .29468650E+07  .30577260E+06 -.35869890E-03  .20026590E+04
 .68083300E+00  .52486560E+03  .29758510E+07  .31429470E+06 -.34718490E-03  .20045070E+04
 .66170530E+00  .53972430E+03  .30056580E+07  .32299850E+06 -.33600360E-03  .20077260E+04
 .64319460E+00  .55497390E+03  .30363070E+07  .33188340E+06 -.32514710E-03  .20121970E+04
 .64319460E+00  .55497390E+03  .30363070E+07  .33188340E+06 -.32514710E-03  .20121970E+04
 .60552320E+00  .58896860E+03  .31049260E+07  .35152860E+06 -.30294820E-03  .20254810E+04
 .57043050E+00  .62476280E+03  .31777320E+07  .37199700E+06 -.28216200E-03  .20430510E+04
 .53774960E+00  .66236330E+03  .32549410E+07  .39328710E+06 -.26274330E-03  .20641450E+04
 .50731930E+00  .70178010E+03  .33367720E+07  .41540080E+06 -.24464380E-03  .20881670E+04
 .47898440E+00  .74302560E+03  .34234420E+07  .43834310E+06 -.22780950E-03  .21146520E+04
 .45259680E+00  .78611400E+03  .35151710E+07  .46212220E+06 -.21218160E-03  .21432200E+04
 .42801510E+00  .83106110E+03  .36121830E+07  .48675010E+06 -.19769840E-03  .21735440E+04
 .40510590E+00  .87788520E+03  .37147010E+07  .51224380E+06 -.18429740E-03  .22053090E+04
 .38374290E+00  .92660760E+03  .38229520E+07  .53862570E+06 -.17191650E-03  .22381910E+04
 .36380750E+00  .97725450E+03  .39371640E+07  .56592620E+06 -.16049560E-03  .22718300E+04
 .34518790E+00  .10298590E+04  .40575710E+07  .59418490E+06 -.14997680E-03  .23058130E+04
 .32777920E+00  .10844630E+04  .41844100E+07  .62345330E+06 -.14030550E-03  .23396580E+04
 .31148270E+00  .11411230E+04  .43179240E+07  .65379750E+06 -.13143020E-03  .23728020E+04
 .14962520E+04  .49142540E+06  .94515180E+03  .71603080E+04  .27017870E+07  .10286250E+01
 .10000000E+02  .90000000E+01  .20000000E+01  .14000000E+02  .14000000E+02  .94483090E+04
 .94515180E+03  .39025480E+03  .49142540E+06  .22417050E+07 -.73413510E-01  .42397180E+04
 .94918350E+03  .38512910E+03  .46971490E+06  .22642430E+07 -.70582550E-01  .42316140E+04
 .95305790E+03  .38006160E+03  .44828980E+06  .22849500E+07 -.67794170E-01  .42243200E+04
 .95677710E+03  .37505260E+03  .42714690E+06  .23037800E+07 -.65042760E-01  .42177820E+04
 .96034330E+03  .37010240E+03  .40628280E+06  .23206780E+07 -.62322840E-01  .42119460E+04
 .96375780E+03  .36521120E+03  .38569430E+06  .23355850E+07 -.59628990E-01  .42067590E+04
 .96702210E+03  .36037910E+03  .36537810E+06  .23484320E+07 -.56955850E-01  .42021670E+04
 .97013710E+03  .35560600E+03  .34533080E+06  .23591470E+07 -.54298170E-01  .41981170E+04
 .97310360E+03  .35089200E+03  .32554910E+06  .23676470E+07 -.51650820E-01  .41945540E+04
 .97592210E+03  .34623670E+03  .30602980E+06  .23738460E+07 -.49008900E-01  .41914310E+04
 .97592210E+03  .34623670E+03  .30602980E+06  .23738460E+07 -.49008900E-01  .41914310E+04
 .98274260E+03  .33405500E+03  .25501310E+06  .23783780E+07 -.41925010E-01  .41848810E+04
 .98849620E+03  .32228690E+03  .20579260E+06  .23636990E+07 -.34771230E-01  .41805070E+04
 .99316580E+03  .31092440E+03  .15830680E+06  .23273940E+07 -.27451780E-01  .41782050E+04
 .99671340E+03  .29996000E+03  .11249540E+06  .22668720E+07 -.19761340E-01  .41787760E+04
 .99905690E+03  .28938930E+03  .68299070E+05  .21807410E+07 -.11317720E-01  .41844180E+04
 .10000420E+04  .27921470E+03  .25658780E+05  .20710850E+07 -.15396440E-02  .41994370E+04
 .99941100E+03  .26944960E+03 -.15485780E+05  .19459340E+07  .10404130E-01  .42313600E+04
 .99675870E+03  .26012440E+03 -.55198060E+05  .18215710E+07  .25599550E-01  .42926230E+04
 .10580310E-02  .39025480E+03  .49142540E+06  .31905930E-06 -.17145210E-03  .42397180E+04
 .97217210E+00  .39025480E+03  .27017870E+07  .47097560E-05 -.17145210E-03  .21046190E+04
 .10286250E+01  .39025480E+03  .27017870E+07  .23205880E+06 -.54505050E-03  .21046190E+04
 .99861060E+00  .40083310E+03  .27239360E+07  .23877000E+06 -.52702300E-03  .20835580E+04
 .96958230E+00  .41180230E+03  .27466880E+07  .24566460E+06 -.50983480E-03  .20653490E+04
 .94149540E+00  .42316510E+03  .27700650E+07  .25274480E+06 -.49338220E-03  .20498940E+04
 .91431130E+00  .43492320E+03  .27940900E+07  .26001200E+06 -.47757810E-03  .20370740E+04
 .88799590E+00  .44707780E+03  .28187840E+07  .26746680E+06 -.46235080E-03  .20267550E+04
 .86251840E+00  .45962920E+03  .28441700E+07  .27510920E+06 -.44764240E-03  .20187910E+04
 .83785110E+00  .47257740E+03  .28702700E+07  .28293880E+06 -.43340700E-03  .20130290E+04
 .81396870E+00  .48592210E+03  .28971060E+07  .29095480E+06 -.41960880E-03  .20093130E+04
 .79084730E+00  .49966270E+03  .29247010E+07  .29915610E+06 -.40622040E-03  .20074860E+04
 .76846470E+00  .51379860E+03  .29530760E+07  .30754160E+06 -.39322140E-03  .20073940E+04
 .74679950E+00  .52832920E+03  .29822530E+07  .31611010E+06 -.38059660E-03  .20088880E+04
 .72583110E+00  .54325400E+03  .30122560E+07  .32486060E+06 -.36833470E-03  .20118280E+04
 .70553940E+00  .55857250E+03  .30431050E+07  .33379210E+06 -.35642720E-03  .20160820E+04
 .70553940E+00  .55857250E+03  .30431050E+07  .33379210E+06 -.35642720E-03  .20160820E+04
 .66424490E+00  .59272290E+03  .31121650E+07  .35353680E+06 -.33207570E-03  .20290690E+04
 .62577930E+00  .62868120E+03  .31854310E+07  .37410350E+06 -.30927200E-03  .20465090E+04
 .58995960E+00  .66645240E+03  .32631210E+07  .39549060E+06 -.28796980E-03  .20675790E+04
 .55660860E+00  .70604490E+03  .33454530E+07  .41770000E+06 -.26811800E-03  .20916390E+04
 .52555560E+00  .74746990E+03  .34326450E+07  .44073700E+06 -.24965820E-03  .21181950E+04
 .49663750E+00  .79074110E+03  .35249190E+07  .46461020E+06 -.23252590E-03  .21468450E+04
 .46969900E+00  .83587400E+03  .36224970E+07  .48933250E+06 -.21665320E-03  .21772480E+04
 .44459310E+00  .88288680E+03  .37256040E+07  .51492130E+06 -.20197070E-03  .22090780E+04
 .42118120E+00  .93180100E+03  .38344660E+07  .54140020E+06 -.18840980E-03  .22420010E+04
 .39933260E+00  .98264340E+03  .39493130E+07  .56880040E+06 -.17590390E-03  .22756480E+04
 .37892460E+00  .10354480E+04  .40703790E+07  .59716300E+06 -.16438900E-03  .23095980E+04
 .35984200E+00  .10902580E+04  .41979010E+07  .62654080E+06 -.15380480E-03  .23433620E+04
 .34197650E+00  .11471300E+04  .43321230E+07  .65700210E+06 -.14409450E-03  .23763640E+04
 .15266590E+04  .50335240E+06  .94290360E+03  .71301990E+04  .27058370E+07  .11188030E+01
 .10000000E+02  .90000000E+01  .20000000E+01  .14000000E+02  .14000000E+02  .94181990E+04
 .94290360E+03  .39306360E+03  .50335240E+06  .22288540E+07 -.74969040E-01  .42444350E+04
 .94702160E+03  .38790640E+03  .48148550E+06  .22523670E+07 -.72112690E-01  .42358720E+04
 .95098100E+03  .38280720E+03  .45990580E+06  .22740720E+07 -.69302040E-01  .42281460E+04
 .95478420E+03  .37776630E+03  .43861000E+06  .22939250E+07 -.66531370E-01  .42212040E+04
 .95843320E+03  .37278410E+03  .41759490E+06  .23118780E+07 -.63795160E-01  .42149940E+04
 .96192970E+03  .36786080E+03  .39685710E+06  .23278720E+07 -.61087940E-01  .42094610E+04
 .96527550E+03  .36299660E+03  .37639340E+06  .23418450E+07 -.58404330E-01  .42045540E+04
 .96847140E+03  .35819140E+03  .35620040E+06  .23537260E+07 -.55739030E-01  .42002160E+04
 .97151850E+03  .35344530E+03  .33627480E+06  .23634380E+07 -.53086820E-01  .41963950E+04
 .97441730E+03  .34875800E+03  .31661340E+06  .23708960E+07 -.50442680E-01  .41930390E+04
 .97441730E+03  .34875800E+03  .31661340E+06  .23708960E+07 -.50442680E-01  .41930390E+04
 .98145310E+03  .33649150E+03  .26522490E+06  .23790620E+07 -.43364310E-01  .41859800E+04
 .98742380E+03  .32464000E+03  .21564520E+06  .23684520E+07 -.36231170E-01  .41811940E+04
 .99231550E+03  .31319580E+03  .16781250E+06  .23367380E+07 -.28957370E-01  .41784390E+04
 .99609550E+03  .30215110E+03  .12166650E+06  .22812960E+07 -.21367510E-01  .41783000E+04
 .99869310E+03  .29150050E+03  .77147520E+05  .22003230E+07 -.13117330E-01  .41826380E+04
 .99997120E+03  .28124480E+03  .34196600E+05  .20949960E+07 -.36686960E-02  .41952570E+04
 .99969540E+03  .27139470E+03 -.72461650E+04  .19719460E+07  .77544090E-02  .42229120E+04
 .99749420E+03  .26197660E+03 -.47243370E+05  .18456170E+07  .22196040E-01  .42768700E+04
 .10605540E-02  .39306360E+03  .50335240E+06  .27380540E-06 -.15931920E-03  .42444350E+04
 .89381230E+00  .39306360E+03  .27058370E+07  .39565990E-05 -.15931920E-03  .21191290E+04
 .11188030E+01  .39306360E+03  .27058370E+07  .23328540E+06 -.59264030E-03  .21191290E+04
 .10861690E+01  .40364820E+03  .27281430E+07  .24002950E+06 -.57301080E-03  .20963580E+04
 .10546090E+01  .41462990E+03  .27510530E+07  .24695850E+06 -.55430850E-03  .20766220E+04
 .10240720E+01  .42601140E+03  .27745890E+07  .25407460E+06 -.53641610E-03  .20598140E+04
 .99451670E+00  .43779420E+03  .27987740E+07  .26137910E+06 -.51923500E-03  .20458080E+04
 .96590580E+00  .44997910E+03  .28236290E+07  .26887260E+06 -.50268440E-03  .20344600E+04
 .93820550E+00  .46256610E+03  .28491790E+07  .27655490E+06 -.48669900E-03  .20256120E+04
 .91138600E+00  .47555500E+03  .28754440E+07  .28442540E+06 -.47122700E-03  .20191000E+04
 .88541930E+00  .48894500E+03  .29024480E+07  .29248310E+06 -.45622850E-03  .20147550E+04
 .86028000E+00  .50273510E+03  .29302140E+07  .30072670E+06 -.44167340E-03  .20124050E+04
 .83594410E+00  .51692430E+03  .29587620E+07  .30915490E+06 -.42753920E-03  .20118850E+04
 .81238810E+00  .53151150E+03  .29881160E+07  .31776640E+06 -.41380940E-03  .20130340E+04
 .78959010E+00  .54649590E+03  .30182990E+07  .32656000E+06 -.40047220E-03  .20157010E+04
 .76752810E+00  .56187670E+03  .30493310E+07  .33553450E+06 -.38751880E-03  .20197420E+04
 .76752810E+00  .56187670E+03  .30493310E+07  .33553450E+06 -.38751880E-03  .20197420E+04
 .72263250E+00  .59616800E+03  .31187960E+07  .35537090E+06 -.36102460E-03  .20324350E+04
 .68081490E+00  .63227530E+03  .31924840E+07  .37602820E+06 -.33621250E-03  .20497400E+04
 .64187610E+00  .67020150E+03  .32706150E+07  .39750450E+06 -.31303560E-03  .20707770E+04
 .60562310E+00  .70995370E+03  .33534060E+07  .41980170E+06 -.29144020E-03  .20948640E+04
 .57186970E+00  .75154190E+03  .34410770E+07  .44292540E+06 -.27136350E-03  .21214770E+04
 .54043790E+00  .79497940E+03  .35338500E+07  .46688500E+06 -.25273560E-03  .21501970E+04
 .51115820E+00  .84028130E+03  .36319470E+07  .49169360E+06 -.23548200E-03  .21806660E+04
 .48387030E+00  .88746570E+03  .37355930E+07  .51736950E+06 -.21952660E-03  .22125490E+04
 .45842290E+00  .93655460E+03  .38450150E+07  .54393710E+06 -.20479400E-03  .22455020E+04
 .43467370E+00  .98757510E+03  .39604430E+07  .57142880E+06 -.19121110E-03  .22791500E+04
 .41248900E+00  .10405620E+04  .40821110E+07  .59988660E+06 -.17870800E-03  .23130630E+04
 .39174330E+00  .10955590E+04  .42102580E+07  .62936490E+06 -.16721830E-03  .23467430E+04
 .37231860E+00  .11526260E+04  .43451280E+07  .65993360E+06 -.15668020E-03  .23796070E+04
 .15548370E+04  .51448300E+06  .94077830E+03  .71025810E+04  .27095610E+07  .12085110E+01
 .10000000E+02  .90000000E+01  .20000000E+01  .14000000E+02  .14000000E+02  .93905810E+04
 .94077830E+03  .39568180E+03  .51448300E+06  .22164900E+07 -.76423840E-01  .42490360E+04
 .94497710E+03  .39049560E+03  .49247030E+06  .22408960E+07 -.73542450E-01  .42400330E+04
 .94901590E+03  .38536710E+03  .47074640E+06  .22635150E+07 -.70709660E-01  .42318930E+04
 .95289730E+03  .38029670E+03  .44930810E+06  .22843040E+07 -.67919700E-01  .42245640E+04
 .95662360E+03  .37528490E+03  .42815210E+06  .23032190E+07 -.65166970E-01  .42179930E+04
 .96019670E+03  .37033190E+03  .40727510E+06  .23202040E+07 -.62445960E-01  .42121270E+04
 .96361800E+03  .36543790E+03  .38667390E+06  .23352020E+07 -.59751270E-01  .42069120E+04
 .96688920E+03  .36060290E+03  .36634500E+06  .23481430E+07 -.57077540E-01  .42022940E+04
 .97001100E+03  .35582700E+03  .34628520E+06  .23589550E+07 -.54419510E-01  .41982200E+04
 .97298440E+03  .35111010E+03  .32649130E+06  .23675560E+07 -.51772050E-01  .41946360E+04
 .97298440E+03  .35111010E+03  .32649130E+06  .23675560E+07 -.51772050E-01  .41946360E+04
 .98021950E+03  .33876470E+03  .27475590E+06  .23790180E+07 -.44695940E-01  .41870790E+04
 .98639110E+03  .32683570E+03  .22484100E+06  .23720940E+07 -.37579040E-01  .41819010E+04
 .99148730E+03  .31531550E+03  .17668480E+06  .23445350E+07 -.30341350E-01  .41787480E+04
 .99548020E+03  .30419610E+03  .13022630E+06  .22937290E+07 -.22832060E-01  .41780160E+04
 .99830820E+03  .29347150E+03  .85406180E+05  .22175720E+07 -.14741530E-01  .41812840E+04
 .99984900E+03  .28314100E+03  .42165190E+05  .21164960E+07 -.55698860E-02  .41919260E+04
 .99988920E+03  .27321310E+03  .44377290E+03  .19959180E+07  .54094090E-02  .42160370E+04
 .99808610E+03  .26371070E+03 -.39819970E+05  .18686510E+07  .19194950E-01  .42638820E+04
 .10629500E-02  .39568180E+03  .51448300E+06  .23800890E-06 -.14896170E-03  .42490360E+04
 .82746450E+00  .39568180E+03  .27095610E+07  .33719800E-05 -.14896170E-03  .21331820E+04
 .12085110E+01  .39568180E+03  .27095610E+07  .23440710E+06 -.63998520E-03  .21331820E+04
 .11732710E+01  .40626970E+03  .27320140E+07  .24118180E+06 -.61875790E-03  .21087460E+04
 .11391910E+01  .41726070E+03  .27550710E+07  .24814280E+06 -.59854720E-03  .20875200E+04
 .11062180E+01  .42865720E+03  .27787540E+07  .25529240E+06 -.57922150E-03  .20693940E+04
 .10743040E+01  .44046080E+03  .28030880E+07  .26263180E+06 -.56067070E-03  .20542310E+04
 .10434100E+01  .45267190E+03  .28280940E+07  .27016140E+06 -.54280400E-03  .20418800E+04
 .10134990E+01  .46529030E+03  .28537950E+07  .27788090E+06 -.52554850E-03  .20321710E+04
 .98453800E+00  .47831540E+03  .28802140E+07  .28578950E+06 -.50884680E-03  .20249270E+04
 .95649820E+00  .49174580E+03  .29073740E+07  .29388600E+06 -.49265460E-03  .20199660E+04
 .92935170E+00  .50558050E+03  .29352970E+07  .30216900E+06 -.47693870E-03  .20171060E+04
 .90307260E+00  .51981770E+03  .29640060E+07  .31063710E+06 -.46167470E-03  .20161680E+04
 .87763610E+00  .53445640E+03  .29935240E+07  .31928860E+06 -.44684510E-03  .20169800E+04
 .85301810E+00  .54949490E+03  .30238730E+07  .32812230E+06 -.43243730E-03  .20193780E+04
 .82919540E+00  .56493240E+03  .30550750E+07  .33713680E+06 -.41844230E-03  .20232100E+04
 .82919540E+00  .56493240E+03  .30550750E+07  .33713680E+06 -.41844230E-03  .20232100E+04
 .78071840E+00  .59935240E+03  .31249140E+07  .35705850E+06 -.38981380E-03  .20356120E+04
 .73556750E+00  .63559590E+03  .31989920E+07  .37779980E+06 -.36300120E-03  .20527790E+04
 .69352730E+00  .67366410E+03  .32775300E+07  .39935860E+06 -.33795720E-03  .20737750E+04
 .65438920E+00  .71356230E+03  .33607450E+07  .42173700E+06 -.31462570E-03  .20978800E+04
 .61795130E+00  .75530010E+03  .34488580E+07  .44494090E+06 -.29293990E-03  .21245400E+04
 .58402090E+00  .79888980E+03  .35420910E+07  .46898010E+06 -.27282410E-03  .21533180E+04
 .55241410E+00  .84434660E+03  .36406660E+07  .49386830E+06 -.25419720E-03  .21838420E+04
 .52295730E+00  .89168850E+03  .37448100E+07  .51962460E+06 -.23697650E-03  .22157670E+04
 .49548670E+00  .94093770E+03  .38547480E+07  .54627420E+06 -.22107970E-03  .22487430E+04
 .46984840E+00  .99212160E+03  .39707120E+07  .57385030E+06 -.20642720E-03  .22823850E+04
 .44589750E+00  .10452760E+04  .40929360E+07  .60239590E+06 -.19294270E-03  .23162580E+04
 .42349830E+00  .11004460E+04  .42216590E+07  .63196710E+06 -.18055430E-03  .23498550E+04
 .40252330E+00  .11576910E+04  .43571260E+07  .66263520E+06 -.16919480E-03  .23825850E+04
 .15811110E+04  .52492940E+06  .93876010E+03  .70770710E+04  .27130070E+07  .12977930E+01
 .10000000E+02  .90000000E+01  .20000000E+01  .14000000E+02  .14000000E+02  .93650700E+04
 .93876010E+03  .39813630E+03  .52492940E+06  .22045720E+07 -.77792510E-01  .42535310E+04
 .94303480E+03  .39292310E+03  .50278000E+06  .22298040E+07 -.74886430E-01  .42441060E+04
 .94714830E+03  .38776740E+03  .48092090E+06  .22532640E+07 -.72031710E-01  .42355690E+04
 .95110320E+03  .38266960E+03  .45934900E+06  .22749160E+07 -.69222490E-01  .42278670E+04
 .95490200E+03  .37763020E+03  .43806080E+06  .22947150E+07 -.66453110E-01  .42209470E+04
 .95854660E+03  .37264960E+03  .41705330E+06  .23126110E+07 -.63718020E-01  .42147580E+04
 .96203890E+03  .36772780E+03  .39632300E+06  .23285480E+07 -.61011780E-01  .42092450E+04
 .96538040E+03  .36286510E+03  .37586670E+06  .23424610E+07 -.58329000E-01  .42043540E+04
 .96857210E+03  .35806140E+03  .35568100E+06  .23542800E+07 -.55664370E-01  .42000310E+04
 .97161500E+03  .35331680E+03  .33576270E+06  .23639280E+07 -.53012710E-01  .41962240E+04
 .97161500E+03  .35331680E+03  .33576270E+06  .23639280E+07 -.53012710E-01  .41962240E+04
 .97903600E+03  .34089760E+03  .28370190E+06  .23784040E+07 -.45936100E-01  .41881750E+04
 .98539450E+03  .32889610E+03  .23347250E+06  .23748450E+07 -.38832030E-01  .41826210E+04
 .99068050E+03  .31730470E+03  .18501250E+06  .23510760E+07 -.31623470E-01  .41791070E+04
 .99487000E+03  .30611550E+03  .13826100E+06  .23045200E+07 -.24179460E-01  .41778740E+04
 .99790890E+03  .29532190E+03  .93158090E+05  .22328630E+07 -.16221950E-01  .41802500E+04
 .99968800E+03  .28492190E+03  .49644740E+05  .21359160E+07 -.72856750E-02  .41892400E+04
 .10000120E+04  .27492210E+03  .76615270E+04  .20180460E+07  .33117360E-02  .42103700E+04
 .99856410E+03  .26534250E+03 -.32852870E+05  .18906080E+07  .16522760E-01  .42530390E+04
 .10652350E-02  .39813630E+03  .52492940E+06  .20915490E-06 -.14000710E-03  .42535310E+04
 .77053870E+00  .39813630E+03  .27130070E+07  .29089490E-05 -.14000710E-03  .21468290E+04
 .12977930E+01  .39813630E+03  .27130070E+07  .23543920E+06 -.68711290E-03  .21468290E+04
 .12599600E+01  .40872490E+03  .27355970E+07  .24224260E+06 -.66429090E-03  .21207680E+04
 .12233720E+01  .41972240E+03  .27587920E+07  .24923360E+06 -.64257640E-03  .20980880E+04
 .11879730E+01  .43113110E+03  .27826140E+07  .25641460E+06 -.62182310E-03  .20786740E+04
 .11537120E+01  .44295230E+03  .28070860E+07  .26378660E+06 -.60190850E-03  .20623820E+04
 .11205460E+01  .45518610E+03  .28322320E+07  .27135010E+06 -.58273210E-03  .20490500E+04
 .10884340E+01  .46783220E+03  .28580750E+07  .27910450E+06 -.56421300E-03  .20384980E+04
 .10573430E+01  .48088950E+03  .28846370E+07  .28704880E+06 -.54628750E-03  .20305380E+04
 .10272400E+01  .49435650E+03  .29119420E+07  .29518180E+06 -.52890710E-03  .20249760E+04
 .99809560E+00  .50823140E+03  .29400120E+07  .30350180E+06 -.51203570E-03  .20216180E+04
 .96988270E+00  .52251250E+03  .29688710E+07  .31200720E+06 -.49564680E-03  .20202710E+04
 .94257450E+00  .53719790E+03  .29985410E+07  .32069630E+06 -.47972170E-03  .20207510E+04
 .91614540E+00  .55228610E+03  .30290450E+07  .32956750E+06 -.46424740E-03  .20228860E+04
 .89057060E+00  .56777560E+03  .30604050E+07  .33861950E+06 -.44921450E-03  .20265120E+04
 .89057060E+00  .56777560E+03  .30604050E+07  .33861950E+06 -.44921450E-03  .20265120E+04
 .83852990E+00  .60231370E+03  .31305920E+07  .35862080E+06 -.41845900E-03  .20386250E+04
 .79006240E+00  .63868260E+03  .32050330E+07  .37944050E+06 -.38965270E-03  .20556530E+04
 .74493710E+00  .67688130E+03  .32839490E+07  .40107620E+06 -.36274810E-03  .20766030E+04
 .70292910E+00  .71691420E+03  .33675580E+07  .42353020E+06 -.33768740E-03  .21007170E+04
 .66382120E+00  .75878990E+03  .34560820E+07  .44680860E+06 -.31439920E-03  .21274140E+04
 .62740560E+00  .80252010E+03  .35497420E+07  .47092180E+06 -.29280230E-03  .21562400E+04
 .59348450E+00  .84811970E+03  .36487620E+07  .49588390E+06 -.27280920E-03  .21868100E+04
 .56187090E+00  .89560690E+03  .37533660E+07  .52171480E+06 -.25433010E-03  .22187700E+04
 .53238830E+00  .94500400E+03  .38637840E+07  .54844040E+06 -.23727590E-03  .22517610E+04
 .50487110E+00  .99633910E+03  .39802450E+07  .57609480E+06 -.22156030E-03  .22853930E+04
 .47916360E+00  .10496480E+04  .41029840E+07  .60472230E+06 -.20710080E-03  .23192230E+04
 .45511980E+00  .11049770E+04  .42322410E+07  .63437980E+06 -.19381980E-03  .23527380E+04
 .43260260E+00  .11623890E+04  .43682620E+07  .66514030E+06 -.18164470E-03  .23853370E+04
 .16057380E+04  .53478090E+06  .93683610E+03  .70533670E+04  .27162120E+07  .13866880E+01
 .10000000E+02  .90000000E+01  .20000000E+01  .14000000E+02  .14000000E+02  .93413670E+04
 .93683610E+03  .40044840E+03  .53478090E+06  .21930630E+07 -.79086630E-01  .42579290E+04
 .94118260E+03  .39521010E+03  .51250270E+06  .22190620E+07 -.76156200E-01  .42480980E+04
 .94536660E+03  .39002900E+03  .49051630E+06  .22433050E+07 -.73279760E-01  .42391780E+04
 .94939090E+03  .38490560E+03  .46881830E+06  .22657550E+07 -.70451370E-01  .42311160E+04
 .95325790E+03  .37984050E+03  .44740570E+06  .22863740E+07 -.67665290E-01  .42238590E+04
 .95697000E+03  .37483390E+03  .42627510E+06  .23051120E+07 -.64915930E-01  .42173560E+04
 .96052910E+03  .36988610E+03  .40542320E+06  .23219160E+07 -.62197800E-01  .42115520E+04
 .96393670E+03  .36499730E+03  .38484680E+06  .23367260E+07 -.59505480E-01  .42063950E+04
 .96719410E+03  .36016760E+03  .36454240E+06  .23494740E+07 -.56833640E-01  .42018290E+04
 .97030230E+03  .35539700E+03  .34450690E+06  .23600850E+07 -.54177030E-01  .41978020E+04
 .97030230E+03  .35539700E+03  .34450690E+06  .23600850E+07 -.54177030E-01  .41978020E+04
 .97789760E+03  .34290860E+03  .29213930E+06  .23773350E+07 -.47097600E-01  .41892700E+04
 .98443080E+03  .33083880E+03  .24161340E+06  .23768700E+07 -.40003550E-01  .41833490E+04
 .98989420E+03  .31918060E+03  .19286700E+06  .23565800E+07 -.32818890E-01  .41795050E+04
 .99426650E+03  .30792570E+03  .14583900E+06  .23139400E+07 -.25428370E-01  .41778360E+04
 .99750020E+03  .29706730E+03  .10046950E+06  .22464900E+07 -.17582610E-01  .41794610E+04
 .99949710E+03  .28660240E+03  .56699170E+05  .21535320E+07 -.88481160E-02  .41870540E+04
 .10000790E+04  .27653580E+03  .14468860E+05  .20385130E+07  .14179360E-02  .42056500E+04
 .99895030E+03  .26688480E+03 -.26282310E+05  .19114820E+07  .14122990E-01  .42438900E+04
 .10674230E-02  .40044840E+03  .53478090E+06  .18552080E-06 -.13218140E-03  .42579290E+04
 .72114260E+00  .40044840E+03  .27162120E+07  .25358660E-05 -.13218140E-03  .21601120E+04
 .13866880E+01  .40044840E+03  .27162120E+07  .23639390E+06 -.73404670E-03  .21601120E+04
 .13462710E+01  .41103590E+03  .27389310E+07  .24322420E+06 -.70963260E-03  .21324620E+04
 .13071870E+01  .42203760E+03  .27622560E+07  .25024350E+06 -.68641800E-03  .21083620E+04
 .12693730E+01  .43345580E+03  .27862070E+07  .25745400E+06 -.66424180E-03  .20876880E+04
 .12327750E+01  .44529170E+03  .28108100E+07  .26485690E+06 -.64296880E-03  .20702900E+04
 .11973460E+01  .45754540E+03  .28360880E+07  .27245230E+06 -.62248820E-03  .20559980E+04
 .11630430E+01  .47021610E+03  .28620630E+07  .28023960E+06 -.60271070E-03  .20446210E+04
 .11298300E+01  .48330230E+03  .28887600E+07  .28821770E+06 -.58356680E-03  .20359610E+04
 .10976730E+01  .49680230E+03  .29162010E+07  .29638510E+06 -.56500340E-03  .20298100E+04
 .10665400E+01  .51071390E+03  .29444090E+07  .30474000E+06 -.54698110E-03  .20259620E+04
 .10364020E+01  .52503500E+03  .29734080E+07  .31328050E+06 -.52947140E-03  .20242140E+04
 .10072300E+01  .53976350E+03  .30032210E+07  .32200490E+06 -.51245480E-03  .20243700E+04
 .97899780E+00  .55489730E+03  .30338700E+07  .33091140E+06 -.49591730E-03  .20262460E+04
 .95167850E+00  .57043470E+03  .30653770E+07  .33999870E+06 -.47984990E-03  .20296690E+04
 .95167850E+00  .57043470E+03  .30653770E+07  .33999870E+06 -.47984990E-03  .20296690E+04
 .89609000E+00  .60508180E+03  .31358900E+07  .36007490E+06 -.44697370E-03  .20414960E+04
 .84432150E+00  .64156670E+03  .32106700E+07  .38096810E+06 -.41617950E-03  .20583820E+04
 .79612550E+00  .67988640E+03  .32899390E+07  .40267580E+06 -.38742030E-03  .20792810E+04
 .75126160E+00  .72004410E+03  .33739160E+07  .42520050E+06 -.36063610E-03  .21033970E+04
 .70949690E+00  .76204740E+03  .34628230E+07  .44854860E+06 -.33575170E-03  .21301250E+04
 .67060860E+00  .80590790E+03  .35568820E+07  .47273080E+06 -.31268000E-03  .21589910E+04
 .63438500E+00  .85164010E+03  .36563160E+07  .49776200E+06 -.29132680E-03  .21895990E+04
 .60062530E+00  .89926210E+03  .37613510E+07  .52366250E+06 -.27159550E-03  .22215860E+04
 .56914100E+00  .94879660E+03  .38722150E+07  .55045910E+06 -.25339010E-03  .22545870E+04
 .53975450E+00  .10002720E+04  .39891400E+07  .57818660E+06 -.23661740E-03  .22882040E+04
 .51229910E+00  .10537250E+04  .41123600E+07  .60689040E+06 -.22118880E-03  .23219890E+04
 .48661870E+00  .11092030E+04  .42421150E+07  .63662860E+06 -.20702070E-03  .23554210E+04
 .46256680E+00  .11667680E+04  .43786520E+07  .66747560E+06 -.19403540E-03  .23878930E+04
 .16289260E+04  .54410990E+06  .93499580E+03  .70312290E+04  .27192060E+07  .14752290E+01
 .10000000E+02  .90000000E+01  .20000000E+01  .14000000E+02  .14000000E+02  .93192290E+04
 .93499580E+03  .40263560E+03  .54410990E+06  .21819320E+07 -.80315530E-01  .42622370E+04
 .93941050E+03  .39737370E+03  .52170990E+06  .22086480E+07 -.77361100E-01  .42520140E+04
 .94366130E+03  .39216880E+03  .49960300E+06  .22336200E+07 -.74463170E-01  .42427250E+04
 .94775120E+03  .38702140E+03  .47778590E+06  .22568150E+07 -.71615730E-01  .42343140E+04
 .95168300E+03  .38193200E+03  .45625550E+06  .22781960E+07 -.68812960E-01  .42267320E+04
 .95545900E+03  .37690110E+03  .43500840E+06  .22977180E+07 -.66049190E-01  .42199240E+04
 .95908120E+03  .37192880E+03  .41404150E+06  .23153280E+07 -.63318910E-01  .42138370E+04
 .96255130E+03  .36701560E+03  .39335130E+06  .23309710E+07 -.60616680E-01  .42084190E+04
 .96587070E+03  .36216130E+03  .37293460E+06  .23445800E+07 -.57937130E-01  .42036150E+04
 .96904060E+03  .35736620E+03  .35278820E+06  .23560830E+07 -.55274970E-01  .41993710E+04
 .96904060E+03  .35736620E+03  .35278820E+06  .23560830E+07 -.55274970E-01  .41993710E+04
 .97680000E+03  .34481250E+03  .30013000E+06  .23759010E+07 -.48190690E-01  .41903620E+04
 .98349760E+03  .33267830E+03  .24932340E+06  .23782990E+07 -.41104320E-01  .41840830E+04
 .98912740E+03  .32095680E+03  .20030590E+06  .23612220E+07 -.33939550E-01  .41799290E+04
 .99367070E+03  .30964000E+03  .15301610E+06  .23222040E+07 -.26593320E-01  .41778780E+04
 .99708540E+03  .29872050E+03  .10739400E+06  .22586940E+07 -.18842110E-01  .41788590E+04
 .99928310E+03  .28819450E+03  .63380330E+05  .21695720E+07 -.10281910E-01  .41852610E+04
 .10001000E+04  .27806540E+03  .20915860E+05  .20574810E+07 -.30552520E-03  .42016830E+04
 .99926120E+03  .26834820E+03 -.20059850E+05  .19312940E+07  .11951480E-01  .42360990E+04
 .10695240E-02  .40263560E+03  .54410990E+06  .16589280E-06 -.12527830E-03  .42622370E+04
 .67786090E+00  .40263560E+03  .27192060E+07  .22307700E-05 -.12527830E-03  .21730660E+04
 .14752290E+01  .40263560E+03  .27192060E+07  .23728080E+06 -.78080730E-03  .21730660E+04
 .14322380E+01  .41322010E+03  .27420480E+07  .24413670E+06 -.75480260E-03  .21438630E+04
 .13906670E+01  .42422410E+03  .27654950E+07  .25118280E+06 -.73009090E-03  .21183710E+04
 .13504470E+01  .43564970E+03  .27895690E+07  .25842130E+06 -.70649570E-03  .20964620E+04
 .13115210E+01  .44749800E+03  .28142950E+07  .26585330E+06 -.68386880E-03  .20779810E+04
 .12738380E+01  .45976900E+03  .28396970E+07  .27347890E+06 -.66208870E-03  .20627470E+04
 .12373530E+01  .47246140E+03  .28657970E+07  .28129740E+06 -.64105780E-03  .20505620E+04
 .12020270E+01  .48557380E+03  .28926200E+07  .28930750E+06 -.62070020E-03  .20412140E+04
 .11678230E+01  .49910380E+03  .29201890E+07  .29750740E+06 -.60095810E-03  .20344850E+04
 .11347090E+01  .51304900E+03  .29485280E+07  .30589530E+06 -.58178890E-03  .20301570E+04
 .11026530E+01  .52740690E+03  .29776580E+07  .31446920E+06 -.56316230E-03  .20280160E+04
 .10716250E+01  .54217490E+03  .30076050E+07  .32322700E+06 -.54505740E-03  .20278530E+04
 .10415970E+01  .55735090E+03  .30383900E+07  .33216690E+06 -.52746000E-03  .20294750E+04
 .10125400E+01  .57293270E+03  .30700360E+07  .34128760E+06 -.51036080E-03  .20326980E+04
 .10125400E+01  .57293270E+03  .30700360E+07  .34128760E+06 -.51036080E-03  .20326980E+04
 .95341890E+00  .60768100E+03  .31408540E+07  .36143440E+06 -.47536950E-03  .20442410E+04
 .89836320E+00  .64427360E+03  .32159530E+07  .38239690E+06 -.44259250E-03  .20609840E+04
 .84711000E+00  .68270580E+03  .32955530E+07  .40417240E+06 -.41198360E-03  .20818280E+04
 .79940280E+00  .72297970E+03  .33798760E+07  .42676350E+06 -.38348120E-03  .21059410E+04
 .75499340E+00  .76510200E+03  .34691420E+07  .45017700E+06 -.35700600E-03  .21326920E+04
 .71364400E+00  .80908370E+03  .35635750E+07  .47442390E+06 -.33246500E-03  .21615910E+04
 .67512850E+00  .85493950E+03  .36633970E+07  .49951990E+06 -.30975760E-03  .21922300E+04
 .63923300E+00  .90268710E+03  .37688360E+07  .52548570E+06 -.28877980E-03  .22242390E+04
 .60575620E+00  .95234970E+03  .38801190E+07  .55234880E+06 -.26942870E-03  .22572450E+04
 .57450900E+00  .10039560E+04  .39974780E+07  .58014490E+06 -.25160450E-03  .22908440E+04
 .54531390E+00  .10575430E+04  .41211480E+07  .60892030E+06 -.23521210E-03  .23245820E+04
 .51800440E+00  .11131600E+04  .42513690E+07  .63873430E+06 -.22016220E-03  .23579330E+04
 .49242460E+00  .11708690E+04  .43883900E+07  .66966260E+06 -.20637160E-03  .23902810E+04
 .16508450E+04  .55297620E+06  .93323030E+03  .70104590E+04  .27220140E+07  .15634440E+01
 .10000000E+02  .90000000E+01  .20000000E+01  .14000000E+02  .14000000E+02  .92984600E+04
 .93323030E+03  .40471200E+03  .55297620E+06  .21711480E+07 -.81486860E-01  .42664620E+04
 .93770990E+03  .39942800E+03  .53046060E+06  .21985370E+07 -.78508760E-01  .42558600E+04
 .94202440E+03  .39420070E+03  .50823920E+06  .22241930E+07 -.75589590E-01  .42462120E+04
 .94617690E+03  .38903060E+03  .48630900E+06  .22480870E+07 -.72723240E-01  .42374660E+04
 .95017030E+03  .38391840E+03  .46466670E+06  .22701820E+07 -.69903790E-01  .42295660E+04
 .95400700E+03  .37886450E+03  .44330910E+06  .22904350E+07 -.67125550E-01  .42224620E+04
 .95768900E+03  .37386920E+03  .42223280E+06  .23087990E+07 -.64382940E-01  .42161000E+04
 .96121840E+03  .36893280E+03  .40143460E+06  .23252180E+07 -.61670500E-01  .42104270E+04
 .96459660E+03  .36405540E+03  .38091120E+06  .23396290E+07 -.58982830E-01  .42053890E+04
 .96782480E+03  .35923710E+03  .36065930E+06  .23519650E+07 -.56314610E-01  .42009330E+04
 .96782480E+03  .35923710E+03  .36065930E+06  .23519650E+07 -.56314610E-01  .42009330E+04
 .97573950E+03  .34662160E+03  .30772520E+06  .23741720E+07 -.49223770E-01  .41914520E+04
 .98259240E+03  .33442620E+03  .25665180E+06  .23792290E+07 -.42143050E-01  .41848210E+04
 .98837910E+03  .32264480E+03  .20737660E+06  .23651360E+07 -.34995020E-01  .41803730E+04
 .99308310E+03  .31126920E+03  .15983810E+06  .23294830E+07 -.27685840E-01  .41779810E+04
 .99666710E+03  .30029190E+03  .11397600E+06  .22696700E+07 -.20015120E-01  .41784060E+04
 .99905100E+03  .28970830E+03  .69730850E+05  .21842280E+07 -.11606470E-01  .41837820E+04
 .10000840E+04  .27952040E+03  .27043700E+05  .20750960E+07 -.18849670E-02  .41983220E+04
 .99951010E+03  .26974120E+03 -.14145670E+05  .19500870E+07  .99732500E-02  .42294090E+04
 .10715470E-02  .40471200E+03  .55297620E+06  .14939410E-06 -.11913960E-03  .42664620E+04
 .63961370E+00  .40471200E+03  .27220140E+07  .19780320E-05 -.11913960E-03  .21857210E+04
 .15634440E+01  .40471200E+03  .27220140E+07  .23810800E+06 -.82741230E-03  .21857210E+04
 .15178880E+01  .41529220E+03  .27449720E+07  .24498820E+06 -.79981800E-03  .21549960E+04
 .14738380E+01  .42629670E+03  .27685350E+07  .25205970E+06 -.77361140E-03  .21281390E+04
 .14312210E+01  .43772790E+03  .27927260E+07  .25932490E+06 -.74860030E-03  .21050200E+04
 .13899760E+01  .44958660E+03  .28175680E+07  .26678460E+06 -.72462340E-03  .20854760E+04
 .13500470E+01  .46187260E+03  .28430870E+07  .27443900E+06 -.70154810E-03  .20693190E+04
 .13113870E+01  .47458450E+03  .28693060E+07  .28228710E+06 -.67926820E-03  .20563390E+04
 .12739550E+01  .48772040E+03  .28962490E+07  .29032760E+06 -.65770100E-03  .20463160E+04
 .12377130E+01  .50127770E+03  .29239390E+07  .29855850E+06 -.63678410E-03  .20390200E+04
 .12026240E+01  .51525380E+03  .29524000E+07  .30697780E+06 -.61647160E-03  .20342210E+04
 .11686570E+01  .52964560E+03  .29816550E+07  .31558330E+06 -.59673130E-03  .20316920E+04
 .11357800E+01  .54445030E+03  .30117280E+07  .32437280E+06 -.57754110E-03  .20312160E+04
 .11039630E+01  .55966540E+03  .30426410E+07  .33334450E+06 -.55888640E-03  .20325870E+04
 .10731750E+01  .57528840E+03  .30744180E+07  .34249680E+06 -.54075790E-03  .20356130E+04
 .10731750E+01  .57528840E+03  .30744180E+07  .34249680E+06 -.54075790E-03  .20356130E+04
 .10105340E+01  .61013100E+03  .31455240E+07  .36271050E+06 -.50365620E-03  .20468750E+04
 .95220360E+00  .64682410E+03  .32209230E+07  .38373850E+06 -.46890080E-03  .20634740E+04
 .89790550E+00  .68536150E+03  .33008360E+07  .40557810E+06 -.43644680E-03  .20842600E+04
 .84736690E+00  .72574390E+03  .33854840E+07  .42823180E+06 -.40623090E-03  .21083650E+04
 .80032390E+00  .76797750E+03  .34750890E+07  .45170700E+06 -.37816980E-03  .21351330E+04
 .75652380E+00  .81207270E+03  .35698730E+07  .47601500E+06 -.35216470E-03  .21640580E+04
 .71572640E+00  .85804390E+03  .36700610E+07  .50117190E+06 -.32810810E-03  .21947230E+04
 .67770440E+00  .90590930E+03  .37758790E+07  .52719910E+06 -.30588910E-03  .22267480E+04
 .64224390E+00  .95569180E+03  .38875560E+07  .55412480E+06 -.28539750E-03  .22597540E+04
 .60914420E+00  .10074210E+04  .40053230E+07  .58198550E+06 -.26652690E-03  .22933330E+04
 .57821670E+00  .10611340E+04  .41294160E+07  .61082840E+06 -.24917560E-03  .23270230E+04
 .54928510E+00  .11168810E+04  .42600770E+07  .64071370E+06 -.23324850E-03  .23602920E+04
 .52218370E+00  .11747250E+04  .43975520E+07  .67171880E+06 -.21865730E-03  .23925190E+04
 .16716360E+04  .56142950E+06  .93153230E+03  .69908990E+04  .27246570E+07  .16513580E+01
 .10000000E+02  .90000000E+01  .20000000E+01  .14000000E+02  .14000000E+02  .92788990E+04
 .93153230E+03  .40668980E+03  .56142950E+06  .21606850E+07 -.82606950E-01  .42706090E+04
 .93607400E+03  .40138480E+03  .53880370E+06  .21887090E+07 -.79605500E-01  .42596400E+04
 .94044930E+03  .39613630E+03  .51647330E+06  .22150110E+07 -.76665340E-01  .42496460E+04
 .94466150E+03  .39094480E+03  .49443530E+06  .22395610E+07 -.73780220E-01  .42405720E+04
 .94871360E+03  .38581100E+03  .47268640E+06  .22623270E+07 -.70944180E-01  .42323650E+04
 .95260810E+03  .38073530E+03  .45122340E+06  .22832680E+07 -.68151420E-01  .42249720E+04
 .95634720E+03  .37571820E+03  .43004300E+06  .23023380E+07 -.65396350E-01  .42183410E+04
 .95993300E+03  .37075980E+03  .40914190E+06  .23194840E+07 -.62673460E-01  .42124190E+04
 .96336720E+03  .36586040E+03  .38851680E+06  .23346470E+07 -.59977350E-01  .42071520E+04
 .96665090E+03  .36102010E+03  .36816440E+06  .23477610E+07 -.57302650E-01  .42024860E+04
 .96665090E+03  .36102010E+03  .36816440E+06  .23477610E+07 -.57302650E-01  .42024860E+04
 .97471310E+03  .34834590E+03  .31496730E+06  .23722010E+07 -.50203760E-01  .41925400E+04
 .98171310E+03  .33609250E+03  .26363960E+06  .23797430E+07 -.43126910E-01  .41855620E+04
 .98764830E+03  .32425400E+03  .21411880E+06  .23684310E+07 -.35993080E-01  .41808320E+04
 .99250400E+03  .31282250E+03  .16634300E+06  .23359180E+07 -.28715200E-01  .41781310E+04
 .99624690E+03  .30179030E+03  .12025200E+06  .22795780E+07 -.21113400E-01  .41780700E+04
 .99880460E+03  .29115200E+03  .75786280E+05  .21976620E+07 -.12837240E-01  .41825550E+04
 .10000380E+04  .28090860E+03  .32886720E+05  .20914880E+07 -.33413530E-02  .41954560E+04
 .99970720E+03  .27107130E+03 -.85065730E+04  .19679090E+07  .81602310E-02  .42236250E+04
 .10735000E-02  .40668980E+03  .56142950E+06  .13537840E-06 -.11364150E-03  .42706090E+04
 .60556230E+00  .40668980E+03  .27246570E+07  .17662760E-05 -.11364150E-03  .21981030E+04
 .16513580E+01  .40668980E+03  .27246570E+07  .23888220E+06 -.87387740E-03  .21981030E+04
 .16032450E+01  .41726420E+03  .27477260E+07  .24578560E+06 -.84469360E-03  .21658850E+04
 .15567240E+01  .42826790E+03  .27713990E+07  .25288140E+06 -.81699390E-03  .21376900E+04
 .15117180E+01  .43970300E+03  .27957000E+07  .26017190E+06 -.79056980E-03  .21133820E+04
 .14681600E+01  .45157030E+03  .28206540E+07  .26765810E+06 -.76524610E-03  .20927930E+04
 .14259930E+01  .46386930E+03  .28462840E+07  .27533990E+06 -.74087920E-03  .20757280E+04
 .13851660E+01  .47659860E+03  .28726150E+07  .28321630E+06 -.71735390E-03  .20619690E+04
 .13456350E+01  .48975590E+03  .28996710E+07  .29128580E+06 -.69458080E-03  .20512820E+04
 .13073600E+01  .50333830E+03  .29274760E+07  .29954630E+06 -.67249260E-03  .20434280E+04
 .12703040E+01  .51734270E+03  .29560530E+07  .30799550E+06 -.65104010E-03  .20381650E+04
 .12344320E+01  .53176590E+03  .29854260E+07  .31663120E+06 -.63018890E-03  .20352550E+04
 .11997120E+01  .54660470E+03  .30156180E+07  .32545090E+06 -.60991600E-03  .20344710E+04
 .11661110E+01  .56185620E+03  .30466530E+07  .33445290E+06 -.59020640E-03  .20355950E+04
 .11335980E+01  .57751760E+03  .30785540E+07  .34363520E+06 -.57105060E-03  .20384260E+04
 .11335980E+01  .57751760E+03  .30785540E+07  .34363520E+06 -.57105060E-03  .20384260E+04
 .10674500E+01  .61244840E+03  .31499330E+07  .36391260E+06 -.53184260E-03  .20494090E+04
 .10058570E+01  .64923570E+03  .32256160E+07  .38500280E+06 -.49511270E-03  .20658630E+04
 .94852540E+00  .68787160E+03  .33058240E+07  .40690310E+06 -.46081760E-03  .20865880E+04
 .89516610E+00  .72835580E+03  .33907790E+07  .42961620E+06 -.42889230E-03  .21106790E+04
 .84549990E+00  .77069370E+03  .34807030E+07  .45314960E+06 -.39924960E-03  .21374600E+04
 .79925900E+00  .81489550E+03  .35758200E+07  .47751530E+06 -.37178500E-03  .21664070E+04
 .75618890E+00  .86097520E+03  .36763530E+07  .50272980E+06 -.34638410E-03  .21970930E+04
 .71604900E+00  .90895120E+03  .37825300E+07  .52881510E+06 -.32292870E-03  .22291290E+04
 .67861290E+00  .95884640E+03  .38945780E+07  .55579990E+06 -.30130150E-03  .22621320E+04
 .64366810E+00  .10106910E+04  .40127310E+07  .58372170E+06 -.28138900E-03  .22956870E+04
 .61101530E+00  .10645220E+04  .41372230E+07  .61262830E+06 -.26308350E-03  .23293280E+04
 .58046780E+00  .11203920E+04  .42682980E+07  .64258110E+06 -.24628370E-03  .23625170E+04
 .55185070E+00  .11783640E+04  .44062020E+07  .67365870E+06 -.23089600E-03  .23946260E+04
