 .16716360E+04  .56142950E+06  .93153230E+03  .69908990E+04  .27246570E+07  .16513580E+01
 .10000000E+02  .11000000E+02  .20000000E+01  .14000000E+02  .13000000E+02  .91588990E+04
 .93153230E+03  .40668980E+03  .56142950E+06  .21606850E+07 -.82606950E-01  .42706090E+04
 .93607400E+03  .40138480E+03  .53880370E+06  .21887090E+07 -.79605500E-01  .42596400E+04
 .94044930E+03  .39613630E+03  .51647330E+06  .22150110E+07 -.76665340E-01  .42496460E+04
 .94466150E+03  .39094480E+03  .49443530E+06  .22395610E+07 -.73780220E-01  .42405720E+04
 .94871360E+03  .38581100E+03  .47268640E+06  .22623270E+07 -.70944180E-01  .42323650E+04
 .95260810E+03  .38073530E+03  .45122340E+06  .22832680E+07 -.68151420E-01  .42249720E+04
 .95634720E+03  .37571820E+03  .43004300E+06  .23023380E+07 -.65396350E-01  .42183410E+04
 .95993300E+03  .37075980E+03  .40914190E+06  .23194840E+07 -.62673460E-01  .42124190E+04
 .96336720E+03  .36586040E+03  .38851680E+06  .23346470E+07 -.59977350E-01  .42071520E+04
 .96665090E+03  .36102010E+03  .36816440E+06  .23477610E+07 -.57302650E-01  .42024860E+04
 .96665090E+03  .36102010E+03  .36816440E+06  .23477610E+07 -.57302650E-01  .42024860E+04
 .97471310E+03  .34834590E+03  .31496730E+06  .23722010E+07 -.50203760E-01  .41925400E+04
 .98171310E+03  .33609250E+03  .26363960E+06  .23797430E+07 -.43126910E-01  .41855620E+04
 .98764830E+03  .32425400E+03  .21411880E+06  .23684310E+07 -.35993080E-01  .41808320E+04
 .99250400E+03  .31282250E+03  .16634300E+06  .23359180E+07 -.28715200E-01  .41781310E+04
 .99624690E+03  .30179030E+03  .12025200E+06  .22795780E+07 -.21113400E-01  .41780700E+04
 .99880460E+03  .29115200E+03  .75786280E+05  .21976620E+07 -.12837240E-01  .41825550E+04
 .10000380E+04  .28090860E+03  .32886720E+05  .20914880E+07 -.33413530E-02  .41954560E+04
 .99970720E+03  .27107130E+03 -.85065730E+04  .19679090E+07  .81602310E-02  .42236250E+04
 .99743670E+03  .26166690E+03 -.48456280E+05  .18416780E+07  .22721490E-01  .42784860E+04
 .99268130E+03  .25274420E+03 -.87030670E+05  .17373880E+07  .41454430E-01  .43782580E+04
 .10735000E-02  .40668980E+03  .56142950E+06  .13537840E-06 -.11364150E-03  .42706090E+04
 .60556230E+00  .40668980E+03  .27246570E+07  .17662760E-05 -.11364150E-03  .21981030E+04
 .16513580E+01  .40668980E+03  .27246570E+07  .23888220E+06 -.87387740E-03  .21981030E+04
 .16032450E+01  .41726420E+03  .27477260E+07  .24578560E+06 -.84469360E-03  .21658850E+04
 .15567240E+01  .42826790E+03  .27713990E+07  .25288140E+06 -.81699390E-03  .21376900E+04
 .15117180E+01  .43970300E+03  .27957000E+07  .26017190E+06 -.79056980E-03  .21133820E+04
 .14681600E+01  .45157030E+03  .28206540E+07  .26765810E+06 -.76524610E-03  .20927930E+04
 .14259930E+01  .46386930E+03  .28462840E+07  .27533990E+06 -.74087920E-03  .20757280E+04
 .13851660E+01  .47659860E+03  .28726150E+07  .28321630E+06 -.71735390E-03  .20619690E+04
 .13456350E+01  .48975590E+03  .28996710E+07  .29128580E+06 -.69458080E-03  .20512820E+04
 .13073600E+01  .50333830E+03  .29274760E+07  .29954630E+06 -.67249260E-03  .20434280E+04
 .12703040E+01  .51734270E+03  .29560530E+07  .30799550E+06 -.65104010E-03  .20381650E+04
 .12344320E+01  .53176590E+03  .29854260E+07  .31663120E+06 -.63018890E-03  .20352550E+04
 .11997120E+01  .54660470E+03  .30156180E+07  .32545090E+06 -.60991600E-03  .20344710E+04
 .11661110E+01  .56185620E+03  .30466530E+07  .33445290E+06 -.59020640E-03  .20355950E+04
 .11335980E+01  .57751760E+03  .30785540E+07  .34363520E+06 -.57105060E-03  .20384260E+04
 .11335980E+01  .57751760E+03  .30785540E+07  .34363520E+06 -.57105060E-03  .20384260E+04
 .10674500E+01  .61244840E+03  .31499330E+07  .36391260E+06 -.53184260E-03  .20494090E+04
 .10058570E+01  .64923570E+03  .32256160E+07  .38500280E+06 -.49511270E-03  .20658630E+04
 .94852540E+00  .68787160E+03  .33058240E+07  .40690310E+06 -.46081760E-03  .20865880E+04
 .89516610E+00  .72835580E+03  .33907790E+07  .42961620E+06 -.42889230E-03  .21106790E+04
 .84549990E+00  .77069370E+03  .34807030E+07  .45314960E+06 -.39924960E-03  .21374600E+04
 .79925900E+00  .81489550E+03  .35758200E+07  .47751530E+06 -.37178500E-03  .21664070E+04
 .75618890E+00  .86097520E+03  .36763530E+07  .50272980E+06 -.34638410E-03  .21970930E+04
 .71604900E+00  .90895120E+03  .37825300E+07  .52881510E+06 -.32292870E-03  .22291290E+04
 .67861290E+00  .95884640E+03  .38945780E+07  .55579990E+06 -.30130150E-03  .22621320E+04
 .64366810E+00  .10106910E+04  .40127310E+07  .58372170E+06 -.28138900E-03  .22956870E+04
 .61101530E+00  .10645220E+04  .41372230E+07  .61262830E+06 -.26308350E-03  .23293280E+04
 .58046780E+00  .11203920E+04  .42682980E+07  .64258110E+06 -.24628370E-03  .23625170E+04
 .17113750E+04  .57770410E+06  .92822290E+03  .69538820E+04  .27296480E+07  .18315020E+01
 .10000000E+02  .11000000E+02  .20000000E+01  .14000000E+02  .13000000E+02  .91218830E+04
 .92822290E+03  .41049150E+03  .57770410E+06  .21400620E+07 -.84773500E-01  .42789250E+04
 .93288460E+03  .40514690E+03  .55486650E+06  .21692900E+07 -.81724960E-01  .42672310E+04
 .93737740E+03  .39985810E+03  .53232660E+06  .21968130E+07 -.78742290E-01  .42565540E+04
 .94170480E+03  .39462590E+03  .51008130E+06  .22226060E+07 -.75819030E-01  .42468350E+04
 .94587010E+03  .38945100E+03  .48812750E+06  .22466390E+07 -.72949050E-01  .42380210E+04
 .94987600E+03  .38433390E+03  .46646180E+06  .22688770E+07 -.70126440E-01  .42300580E+04
 .95372500E+03  .37927510E+03  .44508100E+06  .22892760E+07 -.67345470E-01  .42228930E+04
 .95741940E+03  .37427480E+03  .42398180E+06  .23077900E+07 -.64600570E-01  .42164750E+04
 .96096090E+03  .36933340E+03  .40316110E+06  .23243640E+07 -.61886270E-01  .42107500E+04
 .96435110E+03  .36445110E+03  .38261540E+06  .23389370E+07 -.59197180E-01  .42056630E+04
 .96435110E+03  .36445110E+03  .38261540E+06  .23389370E+07 -.59197180E-01  .42056630E+04
 .97269560E+03  .35166440E+03  .32891200E+06  .23675570E+07 -.52077810E-01  .41947750E+04
 .97997670E+03  .33929970E+03  .27709500E+06  .23797440E+07 -.45004200E-01  .41870920E+04
 .98619490E+03  .32735170E+03  .22710130E+06  .23736260E+07 -.37893360E-01  .41818100E+04
 .99133900E+03  .31581300E+03  .17886900E+06  .23469690E+07 -.30666410E-01  .41785480E+04
 .99538210E+03  .30467530E+03  .13233730E+06  .22971610E+07 -.23178020E-01  .41776560E+04
 .99826460E+03  .29393260E+03  .87446660E+05  .22220360E+07 -.15126630E-01  .41806380E+04
 .99986770E+03  .28358370E+03  .44137880E+05  .21218570E+07 -.60209290E-02  .41907590E+04
 .99998280E+03  .27363660E+03  .23514750E+04  .20017720E+07  .48552470E-02  .42139480E+04
 .99827350E+03  .26411330E+03 -.37974250E+05  .18742320E+07  .18491410E-01  .42602130E+04
 .99423970E+03  .25505610E+03 -.76905770E+05  .17610590E+07  .36029370E-01  .43457160E+04
 .10773270E-02  .41049150E+03  .57770410E+06  .11240000E-06 -.10394310E-03  .42789250E+04
 .54599990E+00  .41049150E+03  .27296480E+07  .14257280E-05 -.10394310E-03  .22228270E+04
 .18315020E+01  .41049150E+03  .27296480E+07  .24033200E+06 -.96915730E-03  .22228270E+04
 .17781470E+01  .42105110E+03  .27529290E+07  .24728010E+06 -.93670000E-03  .21876210E+04
 .17265600E+01  .43204920E+03  .27768140E+07  .25442280E+06 -.90592900E-03  .21567420E+04
 .16766560E+01  .44348800E+03  .28013270E+07  .26176230E+06 -.87660170E-03  .21300490E+04
 .16283580E+01  .45536820E+03  .28264930E+07  .26929940E+06 -.84851360E-03  .21073640E+04
 .15816020E+01  .46768900E+03  .28523360E+07  .27703410E+06 -.82149700E-03  .20884750E+04
 .15363330E+01  .48044840E+03  .28788820E+07  .28496510E+06 -.79541760E-03  .20731470E+04
 .14925000E+01  .49364370E+03  .29061550E+07  .29309050E+06 -.77017160E-03  .20611260E+04
 .14500590E+01  .50727140E+03  .29341780E+07  .30140800E+06 -.74568110E-03  .20521500E+04
 .14089700E+01  .52132770E+03  .29629770E+07  .30991490E+06 -.72188980E-03  .20459550E+04
 .13691950E+01  .53580870E+03  .29925750E+07  .31860860E+06 -.69875920E-03  .20422790E+04
 .13306980E+01  .55071060E+03  .30229960E+07  .32748660E+06 -.67626410E-03  .20408730E+04
 .12934420E+01  .56602970E+03  .30542620E+07  .33654660E+06 -.65438860E-03  .20414990E+04
 .12573950E+01  .58176290E+03  .30863990E+07  .34578670E+06 -.63312350E-03  .20439370E+04
 .12573950E+01  .58176290E+03  .30863990E+07  .34578670E+06 -.63312350E-03  .20439370E+04
 .11840600E+01  .61685850E+03  .31582970E+07  .36618620E+06 -.58958960E-03  .20543540E+04
 .11157830E+01  .65382220E+03  .32345190E+07  .38739550E+06 -.54880480E-03  .20705070E+04
 .10522380E+01  .69264320E+03  .33152890E+07  .40941170E+06 -.51072930E-03  .20910980E+04
 .99310240E+00  .73331880E+03  .34008280E+07  .43223790E+06 -.47529610E-03  .21151510E+04
 .93806490E+00  .77585300E+03  .34913600E+07  .45588240E+06 -.44240950E-03  .21419430E+04
 .88682690E+00  .82025520E+03  .35871070E+07  .48035780E+06 -.41195300E-03  .21709210E+04
 .83910420E+00  .86653940E+03  .36882960E+07  .50568170E+06 -.38379760E-03  .22016350E+04
 .79462870E+00  .91472360E+03  .37951530E+07  .53187720E+06 -.35781020E-03  .22336830E+04
 .75314830E+00  .96483150E+03  .39079070E+07  .55897440E+06 -.33385850E-03  .22666700E+04
 .71442640E+00  .10168930E+04  .40267910E+07  .58701210E+06 -.31181470E-03  .23001700E+04
 .67824130E+00  .10709490E+04  .41520410E+07  .61603990E+06 -.29155760E-03  .23337080E+04
 .64438560E+00  .11270500E+04  .42839000E+07  .64612130E+06 -.27297380E-03  .23667340E+04
 .17476330E+04  .59268860E+06  .92512930E+03  .69205220E+04  .27341270E+07  .20106270E+01
 .10000000E+02  .11000000E+02  .20000000E+01  .14000000E+02  .13000000E+02  .90885210E+04
 .92512930E+03  .41398490E+03  .59268860E+06  .21205360E+07 -.86781260E-01  .42869730E+04
 .92990210E+03  .40860440E+03  .56965640E+06  .21508530E+07 -.83686850E-01  .42745920E+04
 .93450360E+03  .40327920E+03  .54692390E+06  .21794790E+07 -.80662620E-01  .42632670E+04
 .93893750E+03  .39801010E+03  .52448810E+06  .22063920E+07 -.77701920E-01  .42529370E+04
 .94320730E+03  .39279790E+03  .50234570E+06  .22315650E+07 -.74798430E-01  .42435450E+04
 .94731590E+03  .38764320E+03  .48049370E+06  .22549670E+07 -.71946090E-01  .42350390E+04
 .95126610E+03  .38254640E+03  .45892860E+06  .22765580E+07 -.69139080E-01  .42273650E+04
 .95506020E+03  .37750810E+03  .43764740E+06  .22962960E+07 -.66371720E-01  .42204710E+04
 .95870040E+03  .37252850E+03  .41664660E+06  .23141300E+07 -.63638490E-01  .42143040E+04
 .96218820E+03  .36760780E+03  .39592310E+06  .23300030E+07 -.60933940E-01  .42088110E+04
 .96218820E+03  .36760780E+03  .39592310E+06  .23300030E+07 -.60933940E-01  .42088110E+04
 .97079110E+03  .35471840E+03  .34175390E+06  .23623420E+07 -.53789940E-01  .41970020E+04
 .97832870E+03  .34225170E+03  .28948640E+06  .23786520E+07 -.46714270E-01  .41886270E+04
 .98480440E+03  .33020340E+03  .23905750E+06  .23771370E+07 -.39619950E-01  .41828180E+04
 .99021000E+03  .31856620E+03  .19040480E+06  .23556590E+07 -.32431010E-01  .41790640E+04
 .99452330E+03  .30733200E+03  .14346750E+06  .23116710E+07 -.25027620E-01  .41775050E+04
 .99769490E+03  .29649390E+03  .98185430E+05  .22427480E+07 -.17151280E-01  .41793170E+04
 .99962310E+03  .28604920E+03  .54499620E+05  .21483470E+07 -.83580440E-02  .41872640E+04
 .10001240E+04  .27600320E+03  .12350750E+05  .20322070E+07  .20083720E-02  .42065200E+04
 .99889620E+03  .26637400E+03 -.28322150E+05  .19048040E+07  .14872240E-01  .42459340E+04
 .99548050E+03  .25719840E+03 -.67584090E+05  .17855380E+07  .31369700E-01  .43199430E+04
 .10809300E-02  .41398490E+03  .59268860E+06  .95101160E-07 -.95937960E-04  .42869730E+04
 .49735730E+00  .41398490E+03  .27341270E+07  .11756080E-05 -.95937960E-04  .22466430E+04
 .20106270E+01  .41398490E+03  .27341270E+07  .24161860E+06 -.10640030E-02  .22466430E+04
 .19520530E+01  .42452620E+03  .27576040E+07  .24860800E+06 -.10282680E-02  .22085500E+04
 .18954260E+01  .43551450E+03  .27816830E+07  .25579380E+06 -.99442580E-03  .21750760E+04
 .18406470E+01  .44695230E+03  .28063900E+07  .26317850E+06 -.96220020E-03  .21460740E+04
 .17876330E+01  .45884010E+03  .28317500E+07  .27076280E+06 -.93135570E-03  .21213560E+04
 .17363130E+01  .47117690E+03  .28577880E+07  .27854630E+06 -.90169920E-03  .21006990E+04
 .16866240E+01  .48396020E+03  .28845300E+07  .28652760E+06 -.87307630E-03  .20838490E+04
 .16385110E+01  .49718690E+03  .29120000E+07  .29470460E+06 -.84536790E-03  .20705320E+04
 .15919270E+01  .51085280E+03  .29402230E+07  .30307460E+06 -.81848500E-03  .20604660E+04
 .15468270E+01  .52495360E+03  .29692240E+07  .31163470E+06 -.79236430E-03  .20533640E+04
 .15031690E+01  .53948470E+03  .29990260E+07  .32038190E+06 -.76696260E-03  .20489430E+04
 .14609140E+01  .55444170E+03  .30296540E+07  .32931350E+06 -.74225240E-03  .20469310E+04
 .14200240E+01  .56982030E+03  .30611310E+07  .33842700E+06 -.71821750E-03  .20470720E+04
 .13804610E+01  .58561660E+03  .30934810E+07  .34772010E+06 -.69484890E-03  .20491260E+04
 .13804610E+01  .58561660E+03  .30934810E+07  .34772010E+06 -.69484890E-03  .20491260E+04
 .12999810E+01  .62085820E+03  .31658510E+07  .36823140E+06 -.64700010E-03  .20589850E+04
 .12250600E+01  .65797890E+03  .32425630E+07  .38954960E+06 -.60217090E-03  .20748370E+04
 .11553400E+01  .69696470E+03  .33238410E+07  .41167150E+06 -.56032650E-03  .20952850E+04
 .10904650E+01  .73781100E+03  .34099080E+07  .43460060E+06 -.52139790E-03  .21192870E+04
 .10300920E+01  .78052060E+03  .35009900E+07  .45834580E+06 -.48528130E-03  .21460750E+04
 .97389050E+00  .82510200E+03  .35973080E+07  .48292060E+06 -.45184770E-03  .21750670E+04
 .92154710E+00  .87156880E+03  .36990900E+07  .50834360E+06 -.42095380E-03  .22057940E+04
 .87276600E+00  .91993950E+03  .38065610E+07  .53463900E+06 -.39245060E-03  .22378410E+04
 .82726930E+00  .97023790E+03  .39199520E+07  .56183790E+06 -.36619070E-03  .22708010E+04
 .78479620E+00  .10224950E+04  .40394960E+07  .58998060E+06 -.34203160E-03  .23042400E+04
 .74510300E+00  .10767520E+04  .41654310E+07  .61911810E+06 -.31983860E-03  .23376730E+04
 .70796130E+00  .11330610E+04  .42979990E+07  .64931590E+06 -.29948620E-03  .23705400E+04
 .17810100E+04  .60659810E+06  .92221820E+03  .68901500E+04  .27381830E+07  .21888640E+01
 .10000000E+02  .11000000E+02  .20000000E+01  .14000000E+02  .13000000E+02  .90581500E+04
 .92221820E+03  .41722130E+03  .60659810E+06  .21019680E+07 -.88657300E-01  .42947840E+04
 .92709470E+03  .41180810E+03  .58338560E+06  .21332810E+07 -.85518110E-01  .42817470E+04
 .93179760E+03  .40644970E+03  .56047460E+06  .21629140E+07 -.82453210E-01  .42698040E+04
 .93633070E+03  .40114700E+03  .53786210E+06  .21908480E+07 -.79455740E-01  .42588910E+04
 .94069780E+03  .39590060E+03  .51554510E+06  .22170580E+07 -.76519210E-01  .42489490E+04
 .94490190E+03  .39071140E+03  .49352020E+06  .22415170E+07 -.73637390E-01  .42399240E+04
 .94894610E+03  .38558000E+03  .47178430E+06  .22641890E+07 -.70804330E-01  .42317620E+04
 .95283280E+03  .38050660E+03  .45033420E+06  .22850340E+07 -.68014280E-01  .42244110E+04
 .95656440E+03  .37549190E+03  .42916650E+06  .23040070E+07 -.65261630E-01  .42178180E+04
 .96014270E+03  .37053590E+03  .40827800E+06  .23210530E+07 -.62540900E-01  .42119310E+04
 .96014270E+03  .37053590E+03  .40827800E+06  .23210530E+07 -.62540900E-01  .42119310E+04
 .96898430E+03  .35755180E+03  .35367670E+06  .23567380E+07 -.55369120E-01  .41992240E+04
 .97675790E+03  .34499110E+03  .30099130E+06  .23767510E+07 -.48287060E-01  .41901670E+04
 .98347030E+03  .33285000E+03  .25015840E+06  .23793630E+07 -.41204260E-01  .41838450E+04
 .98911540E+03  .32112170E+03  .20111560E+06  .23625210E+07 -.34044570E-01  .41796460E+04
 .99367490E+03  .30979830E+03  .15380160E+06  .23237580E+07 -.26706150E-01  .41775330E+04
 .99710750E+03  .29887220E+03  .10815630E+06  .22605100E+07 -.18968010E-01  .41784090E+04
 .99932560E+03  .28833950E+03  .64120310E+05  .21716130E+07 -.10428800E-01  .41846220E+04
 .10001660E+04  .27820340E+03  .21634610E+05  .20596390E+07 -.48392340E-03  .42007140E+04
 .99935780E+03  .26847860E+03 -.19361260E+05  .19333600E+07  .11728830E-01  .42345670E+04
 .99647880E+03  .25919710E+03 -.58931110E+05  .18100320E+07  .27319080E-01  .42991630E+04
 .10843420E-02  .41722130E+03  .60659810E+06  .81716560E-07 -.89207530E-04  .42947840E+04
 .45685810E+00  .41722130E+03  .27381830E+07  .98641820E-06 -.89207530E-04  .22696730E+04
 .21888640E+01  .41722130E+03  .27381830E+07  .24277020E+06 -.11584990E-02  .22696730E+04
 .21250910E+01  .42774170E+03  .27618400E+07  .24979810E+06 -.11194760E-02  .22287850E+04
 .20634430E+01  .43871720E+03  .27860980E+07  .25702430E+06 -.10825610E-02  .21927930E+04
 .20038110E+01  .45015020E+03  .28109850E+07  .26445100E+06 -.10474380E-02  .21615490E+04
 .19461010E+01  .46204140E+03  .28365240E+07  .27207910E+06 -.10138420E-02  .21348560E+04
 .18902360E+01  .47438940E+03  .28627420E+07  .27990800E+06 -.98155220E-03  .21124780E+04
 .18361460E+01  .48719170E+03  .28896640E+07  .28793630E+06 -.95039360E-03  .20941450E+04
 .17837730E+01  .50044420E+03  .29173160E+07  .29616130E+06 -.92023080E-03  .20795670E+04
 .17330640E+01  .51414260E+03  .29457220E+07  .30458020E+06 -.89096320E-03  .20684390E+04
 .16839700E+01  .52828190E+03  .29749080E+07  .31318970E+06 -.86251990E-03  .20604530E+04
 .16364470E+01  .54285680E+03  .30048980E+07  .32198670E+06 -.83485320E-03  .20553040E+04
 .15904530E+01  .55786220E+03  .30357160E+07  .33096800E+06 -.80793340E-03  .20527020E+04
 .15459450E+01  .57329340E+03  .30673860E+07  .34013100E+06 -.78174370E-03  .20523680E+04
 .15028840E+01  .58914610E+03  .30999330E+07  .34947330E+06 -.75627580E-03  .20540450E+04
 .15028840E+01  .58914610E+03  .30999330E+07  .34947330E+06 -.75627580E-03  .20540450E+04
 .14152930E+01  .62451810E+03  .31727330E+07  .37008810E+06 -.70411970E-03  .20633550E+04
 .13337630E+01  .66177960E+03  .32498920E+07  .39150660E+06 -.65525370E-03  .20789050E+04
 .12579020E+01  .70091370E+03  .33316350E+07  .41372570E+06 -.60964890E-03  .20992030E+04
 .11873200E+01  .74191380E+03  .34181860E+07  .43674920E+06 -.56723490E-03  .21231430E+04
 .11216420E+01  .78478130E+03  .35097690E+07  .46058670E+06 -.52789970E-03  .21499150E+04
 .10605070E+01  .82952430E+03  .36066090E+07  .48525250E+06 -.49150180E-03  .21789080E+04
 .10035710E+01  .87615610E+03  .37089310E+07  .51076600E+06 -.45788270E-03  .22096360E+04
 .95051010E+00  .92469520E+03  .38169630E+07  .53715250E+06 -.42687780E-03  .22416720E+04
 .90102180E+00  .97516590E+03  .39309350E+07  .56444430E+06 -.39832380E-03  .22745970E+04
 .85482070E+00  .10276000E+04  .40510810E+07  .59268290E+06 -.37206360E-03  .23079700E+04
 .81164070E+00  .10820390E+04  .41776390E+07  .62192080E+06 -.34794870E-03  .23412960E+04
 .77123270E+00  .11385380E+04  .43108530E+07  .65222510E+06 -.32584100E-03  .23740080E+04
 .18119620E+04  .61959660E+06  .91946360E+03  .68622660E+04  .27418810E+07  .23663200E+01
 .10000000E+02  .11000000E+02  .20000000E+01  .14000000E+02  .13000000E+02  .90302660E+04
 .91946360E+03  .42024010E+03  .61959660E+06  .20842470E+07 -.90422120E-01  .43023860E+04
 .92443770E+03  .41479690E+03  .59621580E+06  .21164780E+07 -.87239160E-01  .42887180E+04
 .92923580E+03  .40940800E+03  .57313830E+06  .21470380E+07 -.84134420E-01  .42761830E+04
 .93386210E+03  .40407420E+03  .55036110E+06  .21759110E+07 -.81100840E-01  .42647110E+04
 .93832030E+03  .39879640E+03  .52788100E+06  .22030740E+07 -.78131720E-01  .42542420E+04
 .94261390E+03  .39357540E+03  .50569480E+06  .22285010E+07 -.75220710E-01  .42447200E+04
 .94674600E+03  .38841190E+03  .48379950E+06  .22521620E+07 -.72361710E-01  .42360890E+04
 .95071930E+03  .38330620E+03  .46219160E+06  .22740200E+07 -.69548870E-01  .42282980E+04
 .95453620E+03  .37825890E+03  .44086810E+06  .22940300E+07 -.66776500E-01  .42212940E+04
 .95819890E+03  .37327030E+03  .41982550E+06  .23121450E+07 -.64039050E-01  .42150250E+04
 .95819890E+03  .37327030E+03  .41982550E+06  .23121450E+07 -.64039050E-01  .42150250E+04
 .96726260E+03  .36019850E+03  .36482070E+06  .23508710E+07 -.56837090E-01  .42014390E+04
 .97525550E+03  .34755030E+03  .31174480E+06  .23742410E+07 -.49745100E-01  .41917090E+04
 .98218700E+03  .33532280E+03  .26053450E+06  .23805900E+07 -.42669780E-01  .41848850E+04
 .98805340E+03  .32350970E+03  .21112730E+06  .23679380E+07 -.35533070E-01  .41802700E+04
 .99283950E+03  .31210310E+03  .16346130E+06  .23339020E+07 -.28245310E-01  .41776830E+04
 .99651030E+03  .30109520E+03  .11747640E+06  .22758570E+07 -.20617520E-01  .41777950E+04
 .99898990E+03  .29048110E+03  .73113090E+05  .21921730E+07 -.12287340E-01  .41826020E+04
 .10001340E+04  .28026210E+03  .30312340E+05  .20844440E+07 -.26953750E-02  .41961090E+04
 .99969570E+03  .27045000E+03 -.10985860E+05  .19599670E+07  .89633420E-02  .42253790E+04
 .99728800E+03  .26107290E+03 -.50844380E+05  .18340850E+07  .23760240E-01  .42821530E+04
 .10875910E-02  .42024010E+03  .61959660E+06  .71124060E-07 -.83462200E-04  .43023860E+04
 .42259710E+00  .42024010E+03  .27418810E+07  .83979630E-06 -.83462200E-04  .22920150E+04
 .23663200E+01  .42024010E+03  .27418810E+07  .24380850E+06 -.12527110E-02  .22920150E+04
 .22973650E+01  .43073750E+03  .27657070E+07  .25087260E+06 -.12103900E-02  .22484140E+04
 .22307130E+01  .44169760E+03  .27901330E+07  .25813650E+06 -.11703960E-02  .22099750E+04
 .21662440E+01  .45312290E+03  .28151850E+07  .26560270E+06 -.11323750E-02  .21765480E+04
 .21038560E+01  .46501400E+03  .28408910E+07  .27327190E+06 -.10960290E-02  .21479300E+04
 .20434620E+01  .47736950E+03  .28672760E+07  .28114350E+06 -.10611110E-02  .21238740E+04
 .19849890E+01  .49018630E+03  .28943650E+07  .28921560E+06 -.10274220E-02  .21040940E+04
 .19283710E+01  .50346030E+03  .29221850E+07  .29748570E+06 -.99481010E-03  .20882830E+04
 .18735520E+01  .51718640E+03  .29507610E+07  .30595040E+06 -.96316360E-03  .20761170E+04
 .18204800E+01  .53135900E+03  .29801180E+07  .31460620E+06 -.93240280E-03  .20672670E+04
 .17691070E+01  .54597240E+03  .30102820E+07  .32344970E+06 -.90247560E-03  .20614080E+04
 .17193880E+01  .56102090E+03  .30412750E+07  .33247760E+06 -.87335000E-03  .20582260E+04
 .16712780E+01  .57649910E+03  .30731240E+07  .34168680E+06 -.84500860E-03  .20574270E+04
 .16247320E+01  .59240220E+03  .31058510E+07  .35107490E+06 -.81744400E-03  .20587350E+04
 .16247320E+01  .59240220E+03  .31058510E+07  .35107490E+06 -.81744400E-03  .20587350E+04
 .15300620E+01  .62789170E+03  .31790500E+07  .37178610E+06 -.76098590E-03  .20675020E+04
 .14419530E+01  .66528050E+03  .32566210E+07  .39329780E+06 -.70808820E-03  .20827500E+04
 .13599790E+01  .70454890E+03  .33387920E+07  .41560700E+06 -.65872930E-03  .21028930E+04
 .12837200E+01  .74568840E+03  .34257880E+07  .43871780E+06 -.61283770E-03  .21267630E+04
 .12127650E+01  .78869940E+03  .35178320E+07  .46264050E+06 -.57029340E-03  .21535080E+04
 .11467210E+01  .83358930E+03  .36151510E+07  .48739010E+06 -.53094190E-03  .21824920E+04
 .10852180E+01  .88037120E+03  .37179690E+07  .51298700E+06 -.49460920E-03  .22132110E+04
 .10279020E+01  .92906360E+03  .38265160E+07  .53945740E+06 -.46111470E-03  .22452260E+04
 .97444370E+00  .97969140E+03  .39410220E+07  .56683460E+06 -.43027920E-03  .22781100E+04
 .92453520E+00  .10322870E+04  .40617210E+07  .59516140E+06 -.40193040E-03  .23114130E+04
 .87788750E+00  .10868920E+04  .41888510E+07  .62449160E+06 -.37590600E-03  .23446330E+04
 .83423080E+00  .11435640E+04  .43226580E+07  .65489400E+06 -.35205510E-03  .23771920E+04
 .18408420E+04  .63181230E+06  .91684500E+03  .68364840E+04  .27452750E+07  .25430880E+01
 .10000000E+02  .11000000E+02  .20000000E+01  .14000000E+02  .13000000E+02  .90044840E+04
 .91684500E+03  .42307180E+03  .63181230E+06  .20672790E+07 -.92091680E-01  .43098000E+04
 .92191140E+03  .41760100E+03  .60827360E+06  .21003630E+07 -.88865870E-01  .42955240E+04
 .92679940E+03  .41218380E+03  .58503990E+06  .21317830E+07 -.85722070E-01  .42824170E+04
 .93151360E+03  .40682130E+03  .56210800E+06  .21615250E+07 -.82652990E-01  .42704090E+04
 .93605790E+03  .40151440E+03  .53947490E+06  .21895690E+07 -.79651760E-01  .42594330E+04
 .94043580E+03  .39626390E+03  .51713730E+06  .22158920E+07 -.76711860E-01  .42494320E+04
 .94465060E+03  .39107050E+03  .49509230E+06  .22404650E+07 -.73827070E-01  .42403500E+04
 .94870530E+03  .38593480E+03  .47333640E+06  .22632550E+07 -.70991420E-01  .42321350E+04
 .95260250E+03  .38085720E+03  .45186650E+06  .22842210E+07 -.68199150E-01  .42247330E+04
 .95634440E+03  .37583810E+03  .43067930E+06  .23033170E+07 -.65444640E-01  .42180930E+04
 .95634440E+03  .37583810E+03  .43067930E+06  .23033170E+07 -.65444640E-01  .42180930E+04
 .96561620E+03  .36268450E+03  .37529540E+06  .23448290E+07 -.58210640E-01  .42036480E+04
 .97381400E+03  .34995450E+03  .32185280E+06  .23712670E+07 -.51105810E-01  .41932550E+04
 .98094960E+03  .33764610E+03  .27028790E+06  .23810270E+07 -.44034540E-01  .41859340E+04
 .98702200E+03  .32575360E+03  .22053810E+06  .23721930E+07 -.36916170E-01  .41809240E+04
 .99201810E+03  .31426910E+03  .17254150E+06  .23424630E+07 -.29668610E-01  .41779210E+04
 .99590830E+03  .30318470E+03  .12623740E+06  .22892060E+07 -.22129840E-01  .41773970E+04
 .99862650E+03  .29249460E+03  .81566340E+05  .22104410E+07 -.13973370E-01  .41810440E+04
 .10000440E+04  .28219870E+03  .38469300E+05  .21069490E+07 -.46799940E-02  .41924100E+04
 .99993650E+03  .27230630E+03 -.31134170E+04  .19847370E+07  .65032750E-02  .42178560E+04
 .99794730E+03  .26284180E+03 -.43243950E+05  .18574370E+07  .20603800E-01  .42680530E+04
 .10906970E-02  .42307180E+03  .63181230E+06  .62580940E-07 -.78494830E-04  .43098000E+04
 .39322270E+00  .42307180E+03  .27452750E+07  .72382370E-06 -.78494830E-04  .23137480E+04
 .25430880E+01  .42307180E+03  .27452750E+07  .24475030E+06 -.13466980E-02  .23137480E+04
 .24689630E+01  .43354480E+03  .27692580E+07  .25184860E+06 -.13010650E-02  .22675080E+04
 .23973210E+01  .44448740E+03  .27938410E+07  .25914820E+06 -.12579840E-02  .22266860E+04
 .23280290E+01  .45590260E+03  .28190490E+07  .26665150E+06 -.12170620E-02  .21911300E+04
 .22609760E+01  .46779080E+03  .28449110E+07  .27435950E+06 -.11779660E-02  .21606320E+04
 .21960680E+01  .48015050E+03  .28714510E+07  .28227130E+06 -.11404200E-02  .21349350E+04
 .21332240E+01  .49297850E+03  .28986960E+07  .29038480E+06 -.11042040E-02  .21137400E+04
 .20723750E+01  .50627010E+03  .29266730E+07  .29869730E+06 -.10691480E-02  .20967230E+04
 .20134600E+01  .52001980E+03  .29554070E+07  .30720520E+06 -.10351260E-02  .20835410E+04
 .19564240E+01  .53422140E+03  .29849240E+07  .31590460E+06 -.10020520E-02  .20738440E+04
 .19012140E+01  .54886880E+03  .30152480E+07  .32479190E+06 -.96986680E-03  .20672870E+04
 .18477820E+01  .56395560E+03  .30464050E+07  .33386350E+06 -.93853780E-03  .20635380E+04
 .17960820E+01  .57947600E+03  .30784190E+07  .34311620E+06 -.90804690E-03  .20622820E+04
 .17460660E+01  .59542460E+03  .31113150E+07  .35254740E+06 -.87838710E-03  .20632270E+04
 .17460660E+01  .59542460E+03  .31113150E+07  .35254740E+06 -.87838710E-03  .20632270E+04
 .16443430E+01  .63102050E+03  .31848820E+07  .37334880E+06 -.81762970E-03  .20714580E+04
 .15496810E+01  .66852510E+03  .32628360E+07  .39494760E+06 -.76070340E-03  .20864040E+04
 .14616210E+01  .70791600E+03  .33454030E+07  .41734080E+06 -.70759490E-03  .21063870E+04
 .13797090E+01  .74918280E+03  .34328110E+07  .44053290E+06 -.65823190E-03  .21301800E+04
 .13035010E+01  .79232500E+03  .35252820E+07  .46453470E+06 -.61248620E-03  .21568900E+04
 .12325740E+01  .83734920E+03  .36230440E+07  .48936210E+06 -.57019000E-03  .21858560E+04
 .11665250E+01  .88426850E+03  .37263220E+07  .51503620E+06 -.53115400E-03  .22165580E+04
 .11049750E+01  .93310140E+03  .38353450E+07  .54158430E+06 -.49518070E-03  .22485450E+04
 .10475670E+01  .98387320E+03  .39503440E+07  .56904060E+06 -.46207460E-03  .22813830E+04
 .99396940E+00  .10366170E+04  .40715530E+07  .59744900E+06 -.43164840E-03  .23146120E+04
 .94387120E+00  .10913750E+04  .41992130E+07  .62686480E+06 -.40372540E-03  .23477250E+04
 .89698170E+00  .11482060E+04  .43335660E+07  .65735810E+06 -.37814230E-03  .23801350E+04
 .18679310E+04  .64334710E+06  .91434580E+03  .68125040E+04  .27484050E+07  .27192420E+01
 .10000000E+02  .11000000E+02  .20000000E+01  .14000000E+02  .13000000E+02  .89805050E+04
 .91434580E+03  .42574110E+03  .64334710E+06  .20509870E+07 -.93678650E-01  .43170450E+04
 .91949990E+03  .42024450E+03  .61965980E+06  .20848680E+07 -.90410840E-01  .43021800E+04
 .92447340E+03  .41480110E+03  .59627880E+06  .21170910E+07 -.87228670E-01  .42885210E+04
 .92927100E+03  .40941180E+03  .57320110E+06  .21476430E+07 -.84124680E-01  .42759940E+04
 .93389670E+03  .40407780E+03  .55042360E+06  .21765070E+07 -.81091790E-01  .42645290E+04
 .93835450E+03  .39879970E+03  .52794330E+06  .22036630E+07 -.78123330E-01  .42540660E+04
 .94264760E+03  .39357850E+03  .50575700E+06  .22290830E+07 -.75212950E-01  .42445490E+04
 .94677930E+03  .38841470E+03  .48386140E+06  .22527370E+07 -.72354540E-01  .42359240E+04
 .95075220E+03  .38330880E+03  .46225340E+06  .22745870E+07 -.69542270E-01  .42281370E+04
 .95456880E+03  .37826130E+03  .44092980E+06  .22945910E+07 -.66770450E-01  .42211360E+04
 .95456880E+03  .37826130E+03  .44092980E+06  .22945910E+07 -.66770450E-01  .42211360E+04
 .96403680E+03  .36503080E+03  .38518810E+06  .23386740E+07 -.59502980E-01  .42058530E+04
 .97242710E+03  .35222410E+03  .33139930E+06  .23679340E+07 -.52382890E-01  .41948030E+04
 .97975420E+03  .33983960E+03  .27949980E+06  .23808300E+07 -.45312750E-01  .41869910E+04
 .98601920E+03  .32787220E+03  .22942660E+06  .23755000E+07 -.38209040E-01  .41816000E+04
 .99121140E+03  .31631440E+03  .18111760E+06  .23497200E+07 -.30994000E-01  .41782220E+04
 .99530510E+03  .30515800E+03  .13451220E+06  .23008810E+07 -.23527710E-01  .41771590E+04
 .99824280E+03  .29439660E+03  .89550500E+05  .22267510E+07 -.15516760E-01  .41798380E+04
 .99990910E+03  .28402890E+03  .46173520E+05  .21274300E+07 -.64783060E-02  .41894100E+04
 .10001000E+04  .27406200E+03  .43218140E+04  .20077980E+07  .42937740E-02  .42116290E+04
 .99848560E+03  .26451700E+03 -.36066130E+05  .18799490E+07  .17780520E-01  .42562370E+04
 .10936780E-02  .42574110E+03  .64334710E+06  .55578790E-07 -.74153180E-04  .43170450E+04
 .36774950E+00  .42574110E+03  .27484050E+07  .63048710E-06 -.74153180E-04  .23349360E+04
 .27192420E+01  .42574110E+03  .27484050E+07  .24560890E+06 -.14405090E-02  .23349360E+04
 .26399590E+01  .43618830E+03  .27725360E+07  .25273950E+06 -.13915480E-02  .22861250E+04
 .25633370E+01  .44711190E+03  .27972670E+07  .26007300E+06 -.13453690E-02  .22429770E+04
 .24892340E+01  .45851480E+03  .28226220E+07  .26761160E+06 -.13015400E-02  .22053420E+04
 .24175280E+01  .47039770E+03  .28486290E+07  .27535630E+06 -.12596920E-02  .21730050E+04
 .23481170E+01  .48275900E+03  .28753150E+07  .28330620E+06 -.12195190E-02  .21457020E+04
 .22809150E+01  .49559500E+03  .29027070E+07  .29145900E+06 -.11807770E-02  .21231210E+04
 .22158470E+01  .50890100E+03  .29308310E+07  .29981160E+06 -.11432790E-02  .21049210E+04
 .21528470E+01  .52267080E+03  .29597130E+07  .30836030E+06 -.11068850E-02  .20907410E+04
 .20918570E+01  .53689790E+03  .29893780E+07  .31710110E+06 -.10714980E-02  .20802130E+04
 .20328220E+01  .55157550E+03  .30198540E+07  .32602980E+06 -.10370580E-02  .20729720E+04
 .19756900E+01  .56669670E+03  .30511630E+07  .33514270E+06 -.10035270E-02  .20686650E+04
 .19204100E+01  .58225510E+03  .30833320E+07  .34443650E+06 -.97088750E-03  .20669590E+04
 .18669340E+01  .59824480E+03  .31163840E+07  .35390830E+06 -.93913330E-03  .20675460E+04
 .18669340E+01  .59824480E+03  .31163840E+07  .35390830E+06 -.93913330E-03  .20675460E+04
 .17581820E+01  .63393770E+03  .31902950E+07  .37479470E+06 -.87407740E-03  .20752490E+04
 .16569910E+01  .67154820E+03  .32686060E+07  .39647540E+06 -.81312420E-03  .20898920E+04
 .15628680E+01  .71105130E+03  .33515430E+07  .41894730E+06 -.75626890E-03  .21097120E+04
 .14753250E+01  .75243500E+03  .34393330E+07  .44221530E+06 -.70343910E-03  .21334210E+04
 .13938870E+01  .79569760E+03  .35322020E+07  .46629100E+06 -.65449820E-03  .21600880E+04
 .13180970E+01  .84084550E+03  .36303760E+07  .49119090E+06 -.60926530E-03  .21890290E+04
 .12475230E+01  .88789120E+03  .37340810E+07  .51693700E+06 -.56753460E-03  .22197070E+04
 .11817570E+01  .93685370E+03  .38435460E+07  .54355740E+06 -.52909190E-03  .22516600E+04
 .11204180E+01  .98775830E+03  .39590040E+07  .57108740E+06 -.49372520E-03  .22844470E+04
 .10631480E+01  .10406390E+04  .40806870E+07  .59957180E+06 -.46123150E-03  .23176010E+04
 .10096150E+01  .10955390E+04  .42088380E+07  .62906710E+06 -.43141990E-03  .23506070E+04
 .95950750E+00  .11525160E+04  .43437000E+07  .65964520E+06 -.40411420E-03  .23828730E+04
 .18934550E+04  .65428410E+06  .91195260E+03  .67900840E+04  .27513040E+07  .28948500E+01
 .10000000E+02  .11000000E+02  .20000000E+01  .14000000E+02  .13000000E+02  .89580840E+04
 .91195260E+03  .42826750E+03  .65428410E+06  .20353040E+07 -.95193250E-01  .43241380E+04
 .91719040E+03  .42274700E+03  .63045600E+06  .20699330E+07 -.91884220E-01  .43087000E+04
 .92224540E+03  .41727910E+03  .60693550E+06  .21029090E+07 -.88664360E-01  .42945050E+04
 .92712230E+03  .41186480E+03  .58371980E+06  .21342210E+07 -.85526000E-01  .42814750E+04
 .93182570E+03  .40650540E+03  .56080560E+06  .21638540E+07 -.82461890E-01  .42695380E+04
 .93635930E+03  .40120150E+03  .53819010E+06  .21917880E+07 -.79465200E-01  .42586280E+04
 .94072690E+03  .39595420E+03  .51587000E+06  .22180000E+07 -.76529410E-01  .42486900E+04
 .94493160E+03  .39076400E+03  .49384220E+06  .22424600E+07 -.73648340E-01  .42396670E+04
 .94897640E+03  .38563150E+03  .47210330E+06  .22651340E+07 -.70816040E-01  .42315050E+04
 .95286380E+03  .38055720E+03  .45065030E+06  .22859820E+07 -.68026740E-01  .42241550E+04
 .95286380E+03  .38055720E+03  .45065030E+06  .22859820E+07 -.68026740E-01  .42241550E+04
 .96251750E+03  .36725450E+03  .39456980E+06  .23324510E+07 -.60724710E-01  .42080500E+04
 .97108950E+03  .35437540E+03  .34045280E+06  .23643250E+07 -.53587340E-01  .41963540E+04
 .97859700E+03  .34191900E+03  .28823600E+06  .23801200E+07 -.46515790E-01  .41880550E+04
 .98504320E+03  .32988090E+03  .23785620E+06  .23780250E+07 -.39423770E-01  .41822920E+04
 .99041930E+03  .31825360E+03  .18925120E+06  .23558870E+07 -.32235430E-01  .41785690E+04
 .99470310E+03  .30702920E+03  .14236000E+06  .23111400E+07 -.24828690E-01  .41770400E+04
 .99784420E+03  .29620060E+03  .97122640E+05  .22413760E+07 -.16940480E-01  .41789020E+04
 .99973910E+03  .28576540E+03  .53480120E+05  .21461270E+07 -.81213580E-02  .41869560E+04
 .10002010E+04  .27572880E+03  .11373120E+05  .20292830E+07  .22925910E-02  .42064260E+04
 .99892520E+03  .26610940E+03 -.29259350E+05  .19015500E+07  .15236070E-01  .42462390E+04
 .10965480E-02  .42826750E+03  .65428410E+06  .49759460E-07 -.70322760E-04  .43241380E+04
 .34544100E+00  .42826750E+03  .27513040E+07  .55423580E-06 -.70322760E-04  .23556330E+04
 .28948500E+01  .42826750E+03  .27513040E+07  .24639480E+06 -.15341840E-02  .23556330E+04
 .28104160E+01  .43868810E+03  .27755760E+07  .25355650E+06 -.14818780E-02  .23043140E+04
 .27288230E+01  .44959130E+03  .28004460E+07  .26092210E+06 -.14325900E-02  .22588940E+04
 .26499180E+01  .46098030E+03  .28259390E+07  .26849440E+06 -.13858460E-02  .22192230E+04
 .25735690E+01  .47285590E+03  .28520850E+07  .27627400E+06 -.13412420E-02  .21850860E+04
 .24996650E+01  .48521640E+03  .28789080E+07  .28426010E+06 -.12984410E-02  .21562080E+04
 .24281150E+01  .49805800E+03  .29064380E+07  .29245030E+06 -.12571740E-02  .21322660E+04
 .23588370E+01  .51137550E+03  .29347000E+07  .30084110E+06 -.12172340E-02  .21129040E+04
 .22917630E+01  .52516250E+03  .29637210E+07  .30942870E+06 -.11784680E-02  .20977450E+04
 .22268290E+01  .53941190E+03  .29935270E+07  .31820860E+06 -.11407720E-02  .20864000E+04
 .21639780E+01  .55411620E+03  .30241430E+07  .32717670E+06 -.11040760E-02  .20784850E+04
 .21031540E+01  .56926820E+03  .30555960E+07  .33632880E+06 -.10683440E-02  .20736290E+04
 .20443060E+01  .58486110E+03  .30879100E+07  .34566150E+06 -.10335560E-02  .20714810E+04
 .19873790E+01  .60088830E+03  .31211090E+07  .35517180E+06 -.99970670E-03  .20717130E+04
 .19873790E+01  .60088830E+03  .31211090E+07  .35517180E+06 -.99970670E-03  .20717130E+04
 .18716190E+01  .63666980E+03  .31953430E+07  .37613860E+06 -.93035180E-03  .20788920E+04
 .17639190E+01  .67437760E+03  .32739860E+07  .39789660E+06 -.86537150E-03  .20932330E+04
 .16637540E+01  .71398400E+03  .33572690E+07  .42044260E+06 -.80477110E-03  .21128870E+04
 .15706020E+01  .75547550E+03  .34454180E+07  .44378210E+06 -.74847780E-03  .21365070E+04
 .14839530E+01  .79884940E+03  .35386580E+07  .46792700E+06 -.69634690E-03  .21631260E+04
 .14033200E+01  .84411140E+03  .36372170E+07  .49289490E+06 -.64818370E-03  .21920350E+04
 .13282390E+01  .89127410E+03  .37413210E+07  .51870840E+06 -.60376600E-03  .22226830E+04
 .12582750E+01  .94035640E+03  .38512000E+07  .54539640E+06 -.56286230E-03  .22545980E+04
 .11930210E+01  .99138410E+03  .39670850E+07  .57299520E+06 -.52524380E-03  .22873300E+04
 .11320940E+01  .10443910E+04  .40892110E+07  .60155060E+06 -.49069160E-03  .23204070E+04
 .10751400E+01  .10994230E+04  .42178200E+07  .63112050E+06 -.45900050E-03  .23533070E+04
 .10218270E+01  .11565370E+04  .43531560E+07  .66177780E+06 -.42998110E-03  .23854300E+04
 .19175980E+04  .66469140E+06  .90965420E+03  .67690280E+04  .27539990E+07  .30699680E+01
 .10000000E+02  .11000000E+02  .20000000E+01  .14000000E+02  .13000000E+02  .89370280E+04
 .90965420E+03  .43066750E+03  .66469140E+06  .20201740E+07 -.96643880E-01  .43310920E+04
 .91497200E+03  .42512470E+03  .64072940E+06  .20555100E+07 -.93294340E-01  .43150950E+04
 .92010490E+03  .41963370E+03  .61707650E+06  .20891960E+07 -.90037410E-01  .43003790E+04
 .92505770E+03  .41419600E+03  .59372950E+06  .21212240E+07 -.86865190E-01  .42868610E+04
 .92983520E+03  .40881260E+03  .57068550E+06  .21515790E+07 -.83770280E-01  .42744640E+04
 .93444130E+03  .40348460E+03  .54794140E+06  .21802450E+07 -.80745670E-01  .42631220E+04
 .93887990E+03  .39821260E+03  .52549420E+06  .22071990E+07 -.77784720E-01  .42527740E+04
 .94315430E+03  .39299760E+03  .50334060E+06  .22324150E+07 -.74881090E-01  .42433660E+04
 .94726750E+03  .38784000E+03  .48147740E+06  .22558610E+07 -.72028760E-01  .42348410E+04
 .95122240E+03  .38274040E+03  .45990140E+06  .22774990E+07 -.69221890E-01  .42271490E+04
 .95122240E+03  .38274040E+03  .45990140E+06  .22774990E+07 -.69221890E-01  .42271490E+04
 .96105240E+03  .36936940E+03  .40349840E+06  .23261930E+07 -.61884430E-01  .42102430E+04
 .96979680E+03  .35642180E+03  .34906940E+06  .23604990E+07 -.54728090E-01  .41979070E+04
 .97747490E+03  .34389730E+03  .29655080E+06  .23789880E+07 -.47652940E-01  .41891250E+04
 .98409220E+03  .33179200E+03  .24587930E+06  .23798970E+07 -.40570080E-01  .41829970E+04
 .98964180E+03  .32009890E+03  .19699250E+06  .23611350E+07 -.33403980E-01  .41789510E+04
 .99410410E+03  .30880990E+03  .14982940E+06  .23201920E+07 -.26046610E-01  .41770140E+04
 .99743480E+03  .29791770E+03  .10432980E+06  .22545410E+07 -.18262540E-01  .41781780E+04
 .99954090E+03  .28741870E+03  .60434450E+05  .21632430E+07 -.96333740E-02  .41849350E+04
 .10002520E+04  .27731680E+03  .18084320E+05  .20493180E+07  .46665840E-03  .42020420E+04
 .99928330E+03  .26762780E+03 -.22781200E+05  .19222170E+07  .12927260E-01  .42377100E+04
 .10993190E-02  .43066750E+03  .66469140E+06  .44864390E-07 -.66915750E-04  .43310920E+04
 .32573630E+00  .43066750E+03  .27539990E+07  .49112530E-06 -.66915750E-04  .23758860E+04
 .30699680E+01  .43066750E+03  .27539990E+07  .24711700E+06 -.16277610E-02  .23758860E+04
 .29803880E+01  .44106080E+03  .27784050E+07  .25430830E+06 -.15720910E-02  .23221150E+04
 .28938330E+01  .45194240E+03  .28034070E+07  .26170480E+06 -.15196800E-02  .22744720E+04
 .28101330E+01  .46331610E+03  .28290320E+07  .26930920E+06 -.14700120E-02  .22328090E+04
 .27291480E+01  .47518260E+03  .28553080E+07  .27712220E+06 -.14226460E-02  .21969050E+04
 .26507610E+01  .48754030E+03  .28822620E+07  .28514280E+06 -.13772140E-02  .21664800E+04
 .25748700E+01  .50038530E+03  .29099210E+07  .29336860E+06 -.13334200E-02  .21412010E+04
 .25013910E+01  .51371200E+03  .29383140E+07  .30179590E+06 -.12910380E-02  .21206970E+04
 .24302500E+01  .52751350E+03  .29674660E+07  .31042060E+06 -.12499020E-02  .21045730E+04
 .23613810E+01  .54178220E+03  .29974040E+07  .31923790E+06 -.12098950E-02  .20924240E+04
 .22947220E+01  .55651050E+03  .30281540E+07  .32824350E+06 -.11709450E-02  .20838450E+04
 .22302170E+01  .57169040E+03  .30597420E+07  .33743300E+06 -.11330100E-02  .20784480E+04
 .21678070E+01  .58731440E+03  .30921920E+07  .34680280E+06 -.10960730E-02  .20758630E+04
 .21074380E+01  .60337590E+03  .31255290E+07  .35634960E+06 -.10601280E-02  .20757470E+04
 .21074380E+01  .60337590E+03  .31255290E+07  .35634960E+06 -.10601280E-02  .20757470E+04
 .19846880E+01  .63923880E+03  .32000670E+07  .37739280E+06 -.98647240E-03  .20824060E+04
 .18704980E+01  .67703620E+03  .32790240E+07  .39922400E+06 -.91746390E-03  .20964460E+04
 .17643100E+01  .71673820E+03  .33626310E+07  .42184000E+06 -.85311860E-03  .21159310E+04
 .16655660E+01  .75832950E+03  .34511170E+07  .44524690E+06 -.79336410E-03  .21394570E+04
 .15737250E+01  .80180650E+03  .35447060E+07  .46945720E+06 -.73804730E-03  .21660220E+04
 .14882660E+01  .84717440E+03  .36436260E+07  .49448890E+06 -.68695930E-03  .21948930E+04
 .14086950E+01  .89444570E+03  .37481040E+07  .52036570E+06 -.63986130E-03  .22255060E+04
 .13345490E+01  .94363950E+03  .38583700E+07  .54711730E+06 -.59650400E-03  .22573780E+04
 .12653940E+01  .99478160E+03  .39746550E+07  .57478070E+06 -.55664170E-03  .22900520E+04
 .12008250E+01  .10479070E+04  .40971970E+07  .60340290E+06 -.52003910E-03  .23230520E+04
 .11404630E+01  .11030610E+04  .42262340E+07  .63304270E+06 -.48647660E-03  .23558460E+04
 .10839570E+01  .11603030E+04  .43620150E+07  .66377440E+06 -.45575170E-03  .23878290E+04
 .19405150E+04  .67462570E+06  .90744080E+03  .67491740E+04  .27565140E+07  .32446450E+01
 .10000000E+02  .11000000E+02  .20000000E+01  .14000000E+02  .13000000E+02  .89171740E+04
 .90744080E+03  .43295470E+03  .67462570E+06  .20055500E+07 -.98037530E-01  .43379210E+04
 .91283560E+03  .42739070E+03  .65053630E+06  .20415540E+07 -.94648140E-01  .43213750E+04
 .91804320E+03  .42187820E+03  .62675690E+06  .20759130E+07 -.91354710E-01  .43061520E+04
 .92306890E+03  .41641840E+03  .60328490E+06  .21086170E+07 -.88149120E-01  .42921570E+04
 .92791740E+03  .41101250E+03  .58011710E+06  .21396550E+07 -.85023810E-01  .42793140E+04
 .93259300E+03  .40566150E+03  .55725050E+06  .21690110E+07 -.81971580E-01  .42675510E+04
 .93709940E+03  .40036640E+03  .53468190E+06  .21966650E+07 -.78985670E-01  .42568070E+04
 .94144040E+03  .39512780E+03  .51240840E+06  .22225930E+07 -.76059630E-01  .42470230E+04
 .94561910E+03  .38994650E+03  .49042660E+06  .22467640E+07 -.73187310E-01  .42381460E+04
 .94963830E+03  .38482300E+03  .46873330E+06  .22691440E+07 -.70362810E-01  .42301210E+04
 .94963830E+03  .38482300E+03  .46873330E+06  .22691440E+07 -.70362810E-01  .42301210E+04
 .95963670E+03  .37138730E+03  .41202280E+06  .23199250E+07 -.62989250E-01  .42124280E+04
 .96854500E+03  .35837450E+03  .35729590E+06  .23565060E+07 -.55812550E-01  .41994630E+04
 .97638520E+03  .34578530E+03  .30448930E+06  .23775080E+07 -.48731830E-01  .41902000E+04
 .98316470E+03  .33361610E+03  .25353940E+06  .23812190E+07 -.41655960E-01  .41837120E+04
 .98887840E+03  .32186020E+03  .20438380E+06  .23656020E+07 -.34508600E-01  .41793610E+04
 .99350900E+03  .31050970E+03  .15696100E+06  .23282060E+07 -.27192530E-01  .41770590E+04
 .99701750E+03  .29955690E+03  .11121100E+06  .22664330E+07 -.19497270E-01  .41776200E+04
 .99932010E+03  .28899760E+03  .67074270E+05  .21789540E+07 -.11033560E-01  .41832610E+04
 .10002600E+04  .27883400E+03  .24491900E+05  .20680230E+07 -.12102800E-02  .41983230E+04
 .99957340E+03  .26907990E+03 -.16596370E+05  .19419520E+07  .10819360E-01  .42303820E+04
 .11020000E-02  .43295470E+03  .67462570E+06  .40702880E-07 -.63863580E-04  .43379210E+04
 .30820010E+00  .43295470E+03  .27565140E+07  .43828940E-06 -.63863580E-04  .23957320E+04
 .32446450E+01  .43295470E+03  .27565140E+07  .24778270E+06 -.17212710E-02  .23957320E+04
 .31499250E+01  .44331990E+03  .27810480E+07  .25500250E+06 -.16622170E-02  .23395650E+04
 .30584110E+01  .45417920E+03  .28061750E+07  .26242850E+06 -.16066680E-02  .22897440E+04
 .29699230E+01  .46553630E+03  .28319250E+07  .27006370E+06 -.15540660E-02  .22461260E+04
 .28843100E+01  .47739240E+03  .28583250E+07  .27790870E+06 -.15039310E-02  .22084880E+04
 .28014450E+01  .48974560E+03  .28854020E+07  .28596250E+06 -.14558630E-02  .21765430E+04
 .27212210E+01  .50259190E+03  .29131850E+07  .29422240E+06 -.14095410E-02  .21499480E+04
 .26435480E+01  .51592550E+03  .29417020E+07  .30268460E+06 -.13647160E-02  .21283190E+04
 .25683480E+01  .52973930E+03  .29709780E+07  .31134480E+06 -.13212070E-02  .21112450E+04
 .24955510E+01  .54402500E+03  .30010410E+07  .32019790E+06 -.12788890E-02  .20983020E+04
 .24250920E+01  .55877460E+03  .30319180E+07  .32923930E+06 -.12376830E-02  .20890700E+04
 .23569100E+01  .57397960E+03  .30636330E+07  .33846460E+06 -.11975460E-02  .20831380E+04
 .22909470E+01  .58963210E+03  .30962120E+07  .34786970E+06 -.11584570E-02  .20801210E+04
 .22271430E+01  .60572480E+03  .31296800E+07  .35745150E+06 -.11204160E-02  .20796600E+04
 .22271430E+01  .60572480E+03  .31296800E+07  .35745150E+06 -.11204160E-02  .20796600E+04
 .20974200E+01  .64166270E+03  .32045030E+07  .37856740E+06 -.10424560E-02  .20858050E+04
 .19767570E+01  .67954310E+03  .32837560E+07  .40046810E+06 -.96941700E-03  .20995430E+04
 .18645620E+01  .71933370E+03  .33676700E+07  .42315070E+06 -.90132650E-03  .21188560E+04
 .17602440E+01  .76101770E+03  .34564720E+07  .44662130E+06 -.83811210E-03  .21422860E+04
 .16632260E+01  .80459060E+03  .35503900E+07  .47089330E+06 -.77961240E-03  .21687920E+04
 .15729570E+01  .85005720E+03  .36496500E+07  .49598540E+06 -.72560440E-03  .21976210E+04
 .14889120E+01  .89742970E+03  .37544800E+07  .52192190E+06 -.67583180E-03  .22281930E+04
 .14105990E+01  .94672740E+03  .38651100E+07  .54873330E+06 -.63002770E-03  .22600190E+04
 .13375570E+01  .99797640E+03  .39817720E+07  .57645760E+06 -.58792850E-03  .22926330E+04
 .12693580E+01  .10512120E+04  .41047030E+07  .60514270E+06 -.54928300E-03  .23255530E+04
 .12056000E+01  .11064800E+04  .42341450E+07  .63484840E+06 -.51385660E-03  .23582420E+04
 .11459120E+01  .11638420E+04  .43703430E+07  .66565030E+06 -.48143350E-03  .23900890E+04
 .19623340E+04  .68413480E+06  .90530460E+03  .67303880E+04  .27588680E+07  .34189260E+01
 .10000000E+02  .11000000E+02  .20000000E+01  .14000000E+02  .13000000E+02  .88983880E+04
 .90530460E+03  .43514040E+03  .68413480E+06  .19913880E+07 -.99380020E-01  .43446340E+04
 .91077340E+03  .42955660E+03  .65992350E+06  .20280290E+07 -.95951420E-01  .43275520E+04
 .91605300E+03  .42402370E+03  .63602350E+06  .20630250E+07 -.92622010E-01  .43118300E+04
 .92114880E+03  .41854300E+03  .61243190E+06  .20963720E+07 -.89383520E-01  .42973720E+04
 .92606560E+03  .41311580E+03  .58914570E+06  .21280570E+07 -.86228180E-01  .42840920E+04
 .93080770E+03  .40774320E+03  .56616190E+06  .21580670E+07 -.83148640E-01  .42719200E+04
 .93537950E+03  .40242600E+03  .54347740E+06  .21863840E+07 -.80138000E-01  .42607890E+04
 .93978440E+03  .39716520E+03  .52108910E+06  .22129840E+07 -.77189690E-01  .42506400E+04
 .94402580E+03  .39196130E+03  .49899380E+06  .22378410E+07 -.74297450E-01  .42414180E+04
 .94810660E+03  .38681510E+03  .47718840E+06  .22609200E+07 -.71455280E-01  .42330690E+04
 .94810660E+03  .38681510E+03  .47718840E+06  .22609200E+07 -.71455280E-01  .42330690E+04
 .95826590E+03  .37331790E+03  .42018370E+06  .23136650E+07 -.64045120E-01  .42146070E+04
 .96733070E+03  .36024310E+03  .36517190E+06  .23523800E+07 -.56846860E-01  .42010200E+04
 .97532540E+03  .34759210E+03  .31208950E+06  .23757400E+07 -.49758880E-01  .41912800E+04
 .98225930E+03  .33536190E+03  .26087320E+06  .23820750E+07 -.42688060E-01  .41844350E+04
 .98812880E+03  .32354610E+03  .21146020E+06  .23693980E+07 -.35556640E-01  .41797910E+04
 .99291890E+03  .31213690E+03  .16378900E+06  .23353210E+07 -.28275420E-01  .41771600E+04
 .99659480E+03  .30112640E+03  .11779920E+06  .22772080E+07 -.20656250E-01  .41771950E+04
 .99908110E+03  .29050960E+03  .73431440E+05  .21934110E+07 -.12337360E-01  .41818680E+04
 .10002340E+04  .28028750E+03  .30626630E+05  .20855080E+07 -.27593420E-02  .41951490E+04
 .99980620E+03  .27047200E+03 -.10675130E+05  .19607780E+07  .88841500E-02  .42240430E+04
 .11046010E-02  .43514040E+03  .68413480E+06  .37131660E-07 -.61111920E-04  .43446340E+04
 .29248950E+00  .43514040E+03  .27588680E+07  .39360470E-06 -.61111920E-04  .24152050E+04
 .34189260E+01  .43514040E+03  .27588680E+07  .24839800E+06 -.18147420E-02  .24152050E+04
 .33190680E+01  .44547720E+03  .27835230E+07  .25564510E+06 -.17522830E-02  .23566910E+04
 .32226000E+01  .45631330E+03  .28087700E+07  .26309970E+06 -.16935800E-02  .23047370E+04
 .31293290E+01  .46765290E+03  .28346390E+07  .27076440E+06 -.16380320E-02  .22591990E+04
 .30390920E+01  .47949710E+03  .28611570E+07  .27864020E+06 -.15851200E-02  .22198560E+04
 .29517540E+01  .49184430E+03  .28883520E+07  .28672580E+06 -.15344110E-02  .21864150E+04
 .28672030E+01  .50469030E+03  .29162530E+07  .29501840E+06 -.14855560E-02  .21585250E+04
 .27853420E+01  .51802910E+03  .29448870E+07  .30351420E+06 -.14382860E-02  .21357870E+04
 .27060890E+01  .53185290E+03  .29742810E+07  .31220840E+06 -.13924040E-02  .21177760E+04
 .26293700E+01  .54615350E+03  .30044630E+07  .32109590E+06 -.13477730E-02  .21040510E+04
 .25551170E+01  .56092210E+03  .30354590E+07  .33017170E+06 -.13043100E-02  .20941720E+04
 .24832660E+01  .57614970E+03  .30672950E+07  .33943120E+06 -.12619670E-02  .20877120E+04
 .24137560E+01  .59182820E+03  .30999960E+07  .34887020E+06 -.12207270E-02  .20842680E+04
 .23465240E+01  .60794970E+03  .31335880E+07  .35848540E+06 -.11805860E-02  .20834660E+04
 .23465240E+01  .60794970E+03  .31335880E+07  .35848540E+06 -.11805860E-02  .20834660E+04
 .22098410E+01  .64395680E+03  .32086830E+07  .37967080E+06 -.10983180E-02  .20891000E+04
 .20827200E+01  .68191420E+03  .32882160E+07  .40163780E+06 -.10212450E-02  .21025370E+04
 .19645330E+01  .72178720E+03  .33724190E+07  .42438370E+06 -.94940780E-03  .21216770E+04
 .18546560E+01  .76355760E+03  .34615200E+07  .44791490E+06 -.88273410E-03  .21450050E+04
 .17524770E+01  .80722000E+03  .35557480E+07  .47224540E+06 -.82105390E-03  .21714480E+04
 .16574120E+01  .85277870E+03  .36553290E+07  .49739470E+06 -.76412970E-03  .22002300E+04
 .15689070E+01  .90024590E+03  .37604910E+07  .52338760E+06 -.71168770E-03  .22307600E+04
 .14864390E+01  .94964070E+03  .38714650E+07  .55025560E+06 -.66344250E-03  .22625360E+04
 .14095240E+01  .10009900E+04  .39884830E+07  .57803760E+06 -.61911300E-03  .22950880E+04
 .13377060E+01  .10543290E+04  .41117820E+07  .60678200E+06 -.57843130E-03  .23279270E+04
 .12705650E+01  .11097050E+04  .42416040E+07  .63654990E+06 -.54114780E-03  .23605120E+04
 .12077040E+01  .11671790E+04  .43781950E+07  .66741810E+06 -.50703340E-03  .23922250E+04
