 .19623340E+04  .68413480E+06  .90530460E+03  .67303880E+04  .27588680E+07  .34189260E+01
 .10000000E+02  .13000000E+02  .20000000E+01  .14000000E+02  .12000000E+02  .87783880E+04
 .90530460E+03  .43514040E+03  .68413480E+06  .19913880E+07 -.99380020E-01  .43446340E+04
 .91077340E+03  .42955660E+03  .65992350E+06  .20280290E+07 -.95951420E-01  .43275520E+04
 .91605300E+03  .42402370E+03  .63602350E+06  .20630250E+07 -.92622010E-01  .43118300E+04
 .92114880E+03  .41854300E+03  .61243190E+06  .20963720E+07 -.89383520E-01  .42973720E+04
 .92606560E+03  .41311580E+03  .58914570E+06  .21280570E+07 -.86228180E-01  .42840920E+04
 .93080770E+03  .40774320E+03  .56616190E+06  .21580670E+07 -.83148640E-01  .42719200E+04
 .93537950E+03  .40242600E+03  .54347740E+06  .21863840E+07 -.80138000E-01  .42607890E+04
 .93978440E+03  .39716520E+03  .52108910E+06  .22129840E+07 -.77189690E-01  .42506400E+04
 .94402580E+03  .39196130E+03  .49899380E+06  .22378410E+07 -.74297450E-01  .42414180E+04
 .94810660E+03  .38681510E+03  .47718840E+06  .22609200E+07 -.71455280E-01  .42330690E+04
 .94810660E+03  .38681510E+03  .47718840E+06  .22609200E+07 -.71455280E-01  .42330690E+04
 .95826590E+03  .37331790E+03  .42018370E+06  .23136650E+07 -.64045120E-01  .42146070E+04
 .96733070E+03  .36024310E+03  .36517190E+06  .23523800E+07 -.56846860E-01  .42010200E+04
 .97532540E+03  .34759210E+03  .31208950E+06  .23757400E+07 -.49758880E-01  .41912800E+04
 .98225930E+03  .33536190E+03  .26087320E+06  .23820750E+07 -.42688060E-01  .41844350E+04
 .98812880E+03  .32354610E+03  .21146020E+06  .23693980E+07 -.35556640E-01  .41797910E+04
 .99291890E+03  .31213690E+03  .16378900E+06  .23353210E+07 -.28275420E-01  .41771600E+04
 .99659480E+03  .30112640E+03  .11779920E+06  .22772080E+07 -.20656250E-01  .41771950E+04
 .99908110E+03  .29050960E+03  .73431440E+05  .21934110E+07 -.12337360E-01  .41818680E+04
 .10002340E+04  .28028750E+03  .30626630E+05  .20855080E+07 -.27593420E-02  .41951490E+04
 .99980620E+03  .27047200E+03 -.10675130E+05  .19607780E+07  .88841500E-02  .42240430E+04
 .99741140E+03  .26109060E+03 -.50536640E+05  .18345600E+07  .23669050E-01  .42802110E+04
 .99249160E+03  .25219310E+03 -.89026450E+05  .17321950E+07  .42710040E-01  .43822610E+04
 .11046010E-02  .43514040E+03  .68413480E+06  .37131660E-07 -.61111920E-04  .43446340E+04
 .29248950E+00  .43514040E+03  .27588680E+07  .39360470E-06 -.61111920E-04  .24152050E+04
 .34189260E+01  .43514040E+03  .27588680E+07  .24839800E+06 -.18147420E-02  .24152050E+04
 .33190680E+01  .44547720E+03  .27835230E+07  .25564510E+06 -.17522830E-02  .23566910E+04
 .32226000E+01  .45631330E+03  .28087700E+07  .26309970E+06 -.16935800E-02  .23047370E+04
 .31293290E+01  .46765290E+03  .28346390E+07  .27076440E+06 -.16380320E-02  .22591990E+04
 .30390920E+01  .47949710E+03  .28611570E+07  .27864020E+06 -.15851200E-02  .22198560E+04
 .29517540E+01  .49184430E+03  .28883520E+07  .28672580E+06 -.15344110E-02  .21864150E+04
 .28672030E+01  .50469030E+03  .29162530E+07  .29501840E+06 -.14855560E-02  .21585250E+04
 .27853420E+01  .51802910E+03  .29448870E+07  .30351420E+06 -.14382860E-02  .21357870E+04
 .27060890E+01  .53185290E+03  .29742810E+07  .31220840E+06 -.13924040E-02  .21177760E+04
 .26293700E+01  .54615350E+03  .30044630E+07  .32109590E+06 -.13477730E-02  .21040510E+04
 .25551170E+01  .56092210E+03  .30354590E+07  .33017170E+06 -.13043100E-02  .20941720E+04
 .24832660E+01  .57614970E+03  .30672950E+07  .33943120E+06 -.12619670E-02  .20877120E+04
 .24137560E+01  .59182820E+03  .30999960E+07  .34887020E+06 -.12207270E-02  .20842680E+04
 .23465240E+01  .60794970E+03  .31335880E+07  .35848540E+06 -.11805860E-02  .20834660E+04
 .23465240E+01  .60794970E+03  .31335880E+07  .35848540E+06 -.11805860E-02  .20834660E+04
 .22098410E+01  .64395680E+03  .32086830E+07  .37967080E+06 -.10983180E-02  .20891000E+04
 .20827200E+01  .68191420E+03  .32882160E+07  .40163780E+06 -.10212450E-02  .21025370E+04
 .19645330E+01  .72178720E+03  .33724190E+07  .42438370E+06 -.94940780E-03  .21216770E+04
 .18546560E+01  .76355760E+03  .34615200E+07  .44791490E+06 -.88273410E-03  .21450050E+04
 .17524770E+01  .80722000E+03  .35557480E+07  .47224540E+06 -.82105390E-03  .21714480E+04
 .16574120E+01  .85277870E+03  .36553290E+07  .49739470E+06 -.76412970E-03  .22002300E+04
 .15689070E+01  .90024590E+03  .37604910E+07  .52338760E+06 -.71168770E-03  .22307600E+04
 .14864390E+01  .94964070E+03  .38714650E+07  .55025560E+06 -.66344250E-03  .22625360E+04
 .14095240E+01  .10009900E+04  .39884830E+07  .57803760E+06 -.61911300E-03  .22950880E+04
 .13377060E+01  .10543290E+04  .41117820E+07  .60678200E+06 -.57843130E-03  .23279270E+04
 .12705650E+01  .11097050E+04  .42416040E+07  .63654990E+06 -.54114780E-03  .23605120E+04
 .20003040E+04  .70080120E+06  .90151920E+03  .66979610E+04  .27628620E+07  .37416700E+01
 .10000000E+02  .13000000E+02  .20000000E+01  .14000000E+02  .12000000E+02  .87459610E+04
 .90151920E+03  .43896260E+03  .70080120E+06  .19661950E+07 -.10175400E+00  .43568280E+04
 .90711890E+03  .43334480E+03  .67637680E+06  .20039400E+07 -.98254050E-01  .43387720E+04
 .91252560E+03  .42777690E+03  .65226560E+06  .20400450E+07 -.94859160E-01  .43221500E+04
 .91774490E+03  .42226030E+03  .62846490E+06  .20745040E+07 -.91560680E-01  .43068540E+04
 .92278200E+03  .41679640E+03  .60497150E+06  .21073100E+07 -.88350500E-01  .42927920E+04
 .92764170E+03  .41138640E+03  .58178260E+06  .21384510E+07 -.85221010E-01  .42798840E+04
 .93232820E+03  .40603120E+03  .55889520E+06  .21679120E+07 -.82165020E-01  .42680600E+04
 .93684540E+03  .40073180E+03  .53630610E+06  .21956720E+07 -.79175730E-01  .42572570E+04
 .94119700E+03  .39548900E+03  .51401220E+06  .22217090E+07 -.76246710E-01  .42474170E+04
 .94538600E+03  .39030340E+03  .49201030E+06  .22459910E+07 -.73371770E-01  .42384870E+04
 .94538600E+03  .39030340E+03  .49201030E+06  .22459910E+07 -.73371770E-01  .42384870E+04
 .95582730E+03  .37669930E+03  .43449030E+06  .23021040E+07 -.65892670E-01  .42186370E+04
 .96516570E+03  .36351680E+03  .37897940E+06  .23444680E+07 -.58651820E-01  .42039170E+04
 .97342960E+03  .35075810E+03  .32541410E+06  .23718440E+07 -.51546500E-01  .41932980E+04
 .98063170E+03  .33842120E+03  .27373090E+06  .23826460E+07 -.44480650E-01  .41857970E+04
 .98677170E+03  .32650080E+03  .22386690E+06  .23749680E+07 -.37372930E-01  .41806320E+04
 .99183760E+03  .31498890E+03  .17576020E+06  .23465300E+07 -.30143470E-01  .41774590E+04
 .99580120E+03  .30387760E+03  .12935020E+06  .22946920E+07 -.22638780E-01  .41766770E+04
 .99860000E+03  .29316080E+03  .84577200E+05  .22173670E+07 -.14544300E-01  .41798620E+04
 .10001100E+04  .28283760E+03  .41382270E+05  .21150800E+07 -.53532850E-02  .41903900E+04
 .10001150E+04  .27291660E+03 -.29416700E+03  .19934320E+07  .56723470E-02  .42143600E+04
 .99826610E+03  .26342070E+03 -.40513930E+05  .18655250E+07  .19548690E-01  .42620420E+04
 .99404940E+03  .25439330E+03 -.79343760E+05  .17540090E+07  .37428800E-01  .43500160E+04
 .11092390E-02  .43896260E+03  .70080120E+06  .31710150E-07 -.56656140E-04  .43568280E+04
 .26726030E+00  .43896260E+03  .27628620E+07  .32706030E-06 -.56656140E-04  .24504770E+04
 .37416700E+01  .43896260E+03  .27628620E+07  .24942390E+06 -.19883110E-02  .24504770E+04
 .36322740E+01  .44924580E+03  .27877300E+07  .25671950E+06 -.19194680E-02  .23877280E+04
 .35266110E+01  .46003740E+03  .28131870E+07  .26422430E+06 -.18548610E-02  .23319140E+04
 .34244630E+01  .47134210E+03  .28392630E+07  .27194130E+06 -.17938070E-02  .22828990E+04
 .33256490E+01  .48316160E+03  .28659870E+07  .27987120E+06 -.17357130E-02  .22404620E+04
 .32300170E+01  .49549420E+03  .28933870E+07  .28801280E+06 -.16800820E-02  .22043030E+04
 .31374410E+01  .50833570E+03  .29214920E+07  .29636320E+06 -.16265120E-02  .21740550E+04
 .30478150E+01  .52167950E+03  .29503300E+07  .30491800E+06 -.15746920E-02  .21492960E+04
 .29610470E+01  .53551750E+03  .29799290E+07  .31367200E+06 -.15243940E-02  .21295760E+04
 .28770580E+01  .54984060E+03  .30103170E+07  .32261990E+06 -.14754620E-02  .21144210E+04
 .27957720E+01  .56463910E+03  .30415200E+07  .33175620E+06 -.14278010E-02  .21033610E+04
 .27171210E+01  .57990340E+03  .30735650E+07  .34107580E+06 -.13813570E-02  .20959360E+04
 .26410380E+01  .59562430E+03  .31064780E+07  .35057420E+06 -.13361120E-02  .20917110E+04
 .25674540E+01  .61179320E+03  .31402840E+07  .36024790E+06 -.12920660E-02  .20902810E+04
 .25674540E+01  .61179320E+03  .31402840E+07  .36024790E+06 -.12920660E-02  .20902810E+04
 .24178800E+01  .64791550E+03  .32158460E+07  .38155480E+06 -.12017820E-02  .20949760E+04
 .22787980E+01  .68600200E+03  .32958620E+07  .40363760E+06 -.11172070E-02  .21078550E+04
 .21495190E+01  .72601390E+03  .33805640E+07  .42649340E+06 -.10384050E-02  .21266680E+04
 .20293530E+01  .76793020E+03  .34701810E+07  .45012980E+06 -.96530580E-03  .21498010E+04
 .19176250E+01  .81174380E+03  .35649430E+07  .47456160E+06 -.89772300E-03  .21761180E+04
 .18136890E+01  .85745860E+03  .36650760E+07  .49980950E+06 -.83539090E-03  .22048040E+04
 .17169330E+01  .90508620E+03  .37708090E+07  .52590000E+06 -.77800250E-03  .22352430E+04
 .16267830E+01  .95464620E+03  .38823740E+07  .55286550E+06 -.72523760E-03  .22669190E+04
 .15427040E+01  .10061660E+04  .40000030E+07  .58074650E+06 -.67678110E-03  .22993510E+04
 .14641960E+01  .10596810E+04  .41239330E+07  .60959320E+06 -.63233370E-03  .23320390E+04
 .13907950E+01  .11152400E+04  .42544080E+07  .63946840E+06 -.59161750E-03  .23644330E+04
 .20354180E+04  .71634960E+06  .89794020E+03  .66682590E+04  .27664360E+07  .40633930E+01
 .10000000E+02  .13000000E+02  .20000000E+01  .14000000E+02  .12000000E+02  .87162590E+04
 .89794020E+03  .44251830E+03  .71634960E+06  .19422780E+07 -.10399420E+00  .43687080E+04
 .90366340E+03  .43686970E+03  .69172700E+06  .19810440E+07 -.10042460E+00  .43497050E+04
 .90918980E+03  .43127000E+03  .66741930E+06  .20181700E+07 -.96965740E-01  .43322090E+04
 .91452550E+03  .42572060E+03  .64342380E+06  .20536550E+07 -.93608590E-01  .43161040E+04
 .91967570E+03  .42022320E+03  .61973760E+06  .20874920E+07 -.90344700E-01  .43012870E+04
 .92464570E+03  .41477900E+03  .59635780E+06  .21196720E+07 -.87166180E-01  .42876710E+04
 .92943980E+03  .40938900E+03  .57328140E+06  .21501810E+07 -.84065570E-01  .42751820E+04
 .93406230E+03  .40405420E+03  .55050530E+06  .21790050E+07 -.81035840E-01  .42637520E+04
 .93851700E+03  .39877560E+03  .52802630E+06  .22061190E+07 -.78070350E-01  .42533200E+04
 .94280730E+03  .39355370E+03  .50584130E+06  .22314990E+07 -.75162750E-01  .42438310E+04
 .94280730E+03  .39355370E+03  .50584130E+06  .22314990E+07 -.75162750E-01  .42438310E+04
 .95351160E+03  .37985120E+03  .44784120E+06  .22906750E+07 -.67613910E-01  .42226420E+04
 .96310460E+03  .36656900E+03  .39186490E+06  .23363410E+07 -.60327930E-01  .42068180E+04
 .97161790E+03  .35371050E+03  .33784930E+06  .23673410E+07 -.53201120E-01  .41953320E+04
 .97906800E+03  .34127480E+03  .28573060E+06  .23821650E+07 -.46135300E-01  .41871790E+04
 .98545730E+03  .32925700E+03  .23544590E+06  .23789810E+07 -.39045330E-01  .41815120E+04
 .99077670E+03  .31764970E+03  .18693300E+06  .23556050E+07 -.31855370E-01  .41778610E+04
 .99500280E+03  .30644480E+03  .14013090E+06  .23094450E+07 -.24438570E-01  .41764150E+04
 .99808360E+03  .29563540E+03  .94979810E+05  .22381280E+07 -.16522790E-01  .41784180E+04
 .99991200E+03  .28521920E+03  .51420640E+05  .21413470E+07 -.76479600E-02  .41867520E+04
 .10002970E+04  .27520190E+03  .93941310E+04  .20232920E+07  .28642910E-02  .42067600E+04
 .99892360E+03  .26560260E+03 -.31160790E+05  .18951080E+07  .15967400E-01  .42475500E+04
 .99531870E+03  .25645920E+03 -.70309400E+05  .17770600E+07  .32816920E-01  .43239770E+04
 .11136600E-02  .44251830E+03  .71634960E+06  .27463910E-07 -.52880320E-04  .43687080E+04
 .24609980E+00  .44251830E+03  .27664360E+07  .27617140E-06 -.52880320E-04  .24847170E+04
 .40633930E+01  .44251830E+03  .27664360E+07  .25032000E+06 -.21619670E-02  .24847170E+04
 .39444550E+01  .45274720E+03  .27915010E+07  .25766130E+06 -.20866570E-02  .24178780E+04
 .38295990E+01  .46349270E+03  .28171540E+07  .26521340E+06 -.20160810E-02  .23583270E+04
 .37185800E+01  .47476030E+03  .28434220E+07  .27297940E+06 -.19494720E-02  .23059390E+04
 .36111970E+01  .48655200E+03  .28703370E+07  .28096020E+06 -.18861580E-02  .22604940E+04
 .35072800E+01  .49886640E+03  .28979260E+07  .28915450E+06 -.18255770E-02  .22216860E+04
 .34066890E+01  .51169900E+03  .29262190E+07  .29755900E+06 -.17672720E-02  .21891340E+04
 .33093090E+01  .52504320E+03  .29552460E+07  .30616910E+06 -.17108850E-02  .21624000E+04
 .32150390E+01  .53889010E+03  .29850330E+07  .31497930E+06 -.16561590E-02  .21410050E+04
 .31237920E+01  .55323010E+03  .30156110E+07  .32398380E+06 -.16029150E-02  .21244490E+04
 .30354870E+01  .56805270E+03  .30470040E+07  .33317660E+06 -.15510440E-02  .21122290E+04
 .29500510E+01  .58334740E+03  .30792410E+07  .34255230E+06 -.15004880E-02  .21038560E+04
 .28674090E+01  .59910430E+03  .31123480E+07  .35210630E+06 -.14512270E-02  .20988620E+04
 .27874890E+01  .61531400E+03  .31463490E+07  .36183460E+06 -.14032650E-02  .20968150E+04
 .27874890E+01  .61531400E+03  .31463490E+07  .36183460E+06 -.14032650E-02  .20968150E+04
 .26250580E+01  .65153680E+03  .32223400E+07  .38325460E+06 -.13049430E-02  .21005800E+04
 .24740530E+01  .68973690E+03  .33027970E+07  .40544470E+06 -.12128490E-02  .21129020E+04
 .23337210E+01  .72987170E+03  .33879550E+07  .42840210E+06 -.11270700E-02  .21313830E+04
 .22033060E+01  .77191760E+03  .34780430E+07  .45213530E+06 -.10475400E-02  .21543120E+04
 .20820690E+01  .81586610E+03  .35732910E+07  .47666010E+06 -.97405650E-03  .21804910E+04
 .19693030E+01  .86172000E+03  .36739270E+07  .50199850E+06 -.90632410E-03  .22090710E+04
 .18643350E+01  .90949110E+03  .37801800E+07  .52817810E+06 -.84400100E-03  .22394100E+04
 .17665400E+01  .95919900E+03  .38922820E+07  .55523270E+06 -.78673100E-03  .22709800E+04
 .16753320E+01  .10108710E+04  .40104670E+07  .58320410E+06 -.73416400E-03  .23032870E+04
 .15901660E+01  .10645450E+04  .41349710E+07  .61214400E+06 -.68596900E-03  .23358220E+04
 .15105370E+01  .11202690E+04  .42660400E+07  .64211700E+06 -.64183880E-03  .23680280E+04
 .20681110E+04  .73094380E+06  .89453940E+03  .66408420E+04  .27696540E+07  .43842720E+01
 .10000000E+02  .13000000E+02  .20000000E+01  .14000000E+02  .12000000E+02  .86888420E+04
 .89453940E+03  .44584640E+03  .73094380E+06  .19194820E+07 -.10612040E+00  .43803200E+04
 .90037970E+03  .44016980E+03  .70613560E+06  .19591960E+07 -.10248270E+00  .43603870E+04
 .90601960E+03  .43454090E+03  .68164390E+06  .19972720E+07 -.98961260E-01  .43420390E+04
 .91146530E+03  .42896160E+03  .65746610E+06  .20337080E+07 -.95546650E-01  .43251460E+04
 .91672270E+03  .42343340E+03  .63359930E+06  .20685010E+07 -.92230090E-01  .43095970E+04
 .92179680E+03  .41795760E+03  .61004060E+06  .21016420E+07 -.89003390E-01  .42952980E+04
 .92669260E+03  .41253550E+03  .58678700E+06  .21331220E+07 -.85858850E-01  .42821680E+04
 .93141440E+03  .40716810E+03  .56383560E+06  .21629260E+07 -.82789210E-01  .42701340E+04
 .93596620E+03  .40185630E+03  .54118310E+06  .21910350E+07 -.79787600E-01  .42591320E+04
 .94035170E+03  .39660100E+03  .51882660E+06  .22174250E+07 -.76847520E-01  .42491040E+04
 .94035170E+03  .39660100E+03  .51882660E+06  .22174250E+07 -.76847520E-01  .42491040E+04
 .95130320E+03  .38280710E+03  .46037620E+06  .22794110E+07 -.69228500E-01  .42266230E+04
 .96113460E+03  .36943220E+03  .40396350E+06  .23280930E+07 -.61895520E-01  .42097210E+04
 .96988090E+03  .35648070E+03  .34952530E+06  .23623910E+07 -.54743900E-01  .41973790E+04
 .97756180E+03  .34395260E+03  .29699810E+06  .23808710E+07 -.47673940E-01  .41885790E+04
 .98418270E+03  .33184380E+03  .24631860E+06  .23817650E+07 -.40597030E-01  .41824220E+04
 .98973680E+03  .32014720E+03  .19742440E+06  .23629730E+07 -.33438010E-01  .41783350E+04
 .99420480E+03  .30885480E+03  .15025420E+06  .23219770E+07 -.26089640E-01  .41763320E+04
 .99754280E+03  .29795910E+03  .10474810E+06  .22562320E+07 -.18317570E-01  .41773800E+04
 .99965840E+03  .28745650E+03  .60846860E+05  .21647790E+07 -.97040250E-02  .41839380E+04
 .10003810E+04  .27735050E+03  .18491370E+05  .20506140E+07  .37707800E-03  .42007100E+04
 .99942770E+03  .26765670E+03 -.22378860E+05  .19231650E+07  .12817940E-01  .42358240E+04
 .99636100E+03  .25840850E+03 -.61827890E+05  .18005590E+07  .28754010E-01  .43026570E+04
 .11178940E-02  .44584640E+03  .73094380E+06  .24068450E-07 -.49635580E-04  .43803200E+04
 .22808810E+00  .44584640E+03  .27696540E+07  .23637000E-06 -.49635580E-04  .25180480E+04
 .43842720E+01  .44584640E+03  .27696540E+07  .25110660E+06 -.23358230E-02  .25180480E+04
 .42557850E+01  .45602080E+03  .27949040E+07  .25849130E+06 -.22539590E-02  .24472500E+04
 .41317310E+01  .46671920E+03  .28207380E+07  .26608820E+06 -.21773440E-02  .23840740E+04
 .40118400E+01  .47794800E+03  .28471870E+07  .27390070E+06 -.21051230E-02  .23284060E+04
 .38958890E+01  .48970950E+03  .28742780E+07  .28192950E+06 -.20365480E-02  .22800290E+04
 .37836900E+01  .50200260E+03  .29020440E+07  .29017350E+06 -.19709850E-02  .22386340E+04
 .36750920E+01  .51482290E+03  .29305130E+07  .29862900E+06 -.19079190E-02  .22038300E+04
 .35699640E+01  .52816350E+03  .29597140E+07  .30729130E+06 -.18469470E-02  .21751590E+04
 .34682000E+01  .54201510E+03  .29896760E+07  .31615450E+06 -.17877770E-02  .21521210E+04
 .33697040E+01  .55636720E+03  .30204290E+07  .32521220E+06 -.17302060E-02  .21341880E+04
 .32743900E+01  .57120890E+03  .30519990E+07  .33445830E+06 -.16741110E-02  .21208270E+04
 .31821770E+01  .58652890E+03  .30844130E+07  .34388700E+06 -.16194300E-02  .21115180E+04
 .30929870E+01  .60231630E+03  .31176990E+07  .35349310E+06 -.15661400E-02  .21057650E+04
 .30067430E+01  .61856120E+03  .31518810E+07  .36327260E+06 -.15142490E-02  .21031090E+04
 .30067430E+01  .61856120E+03  .31518810E+07  .36327260E+06 -.15142490E-02  .21031090E+04
 .28314830E+01  .65487190E+03  .32282670E+07  .38479860E+06 -.14078630E-02  .21059530E+04
 .26685860E+01  .69317270E+03  .33091300E+07  .40708880E+06 -.13082260E-02  .21177190E+04
 .25172340E+01  .73341710E+03  .33947060E+07  .43014080E+06 -.12154550E-02  .21358620E+04
 .23766040E+01  .77557880E+03  .34852270E+07  .45396380E+06 -.11294870E-02  .21585800E+04
 .22458930E+01  .81964810E+03  .35809210E+07  .47857460E+06 -.10501010E-02  .21846140E+04
 .21243300E+01  .86562710E+03  .36820190E+07  .50399650E+06 -.97697270E-03  .22130780E+04
 .20111850E+01  .91352730E+03  .37887490E+07  .53025810E+06 -.90972350E-03  .22433100E+04
 .19057770E+01  .96336850E+03  .39013430E+07  .55739460E+06 -.84796010E-03  .22747670E+04
 .18074700E+01  .10151790E+04  .40200360E+07  .58544910E+06 -.79129670E-03  .23069440E+04
 .17156760E+01  .10689960E+04  .41450660E+07  .61447460E+06 -.73936930E-03  .23393270E+04
 .16298460E+01  .11248700E+04  .42766770E+07  .64453730E+06 -.69184110E-03  .23713480E+04
 .20987230E+04  .74471290E+06  .89129390E+03  .66153680E+04  .27725660E+07  .47044550E+01
 .10000000E+02  .13000000E+02  .20000000E+01  .14000000E+02  .12000000E+02  .86633680E+04
 .89129390E+03  .44897790E+03  .74471290E+06  .18976760E+07 -.10814830E+00  .43916970E+04
 .89724580E+03  .44327550E+03  .71972990E+06  .19382780E+07 -.10444390E+00  .43708500E+04
 .90299390E+03  .43761990E+03  .69506510E+06  .19772420E+07 -.10086110E+00  .43516660E+04
 .90854440E+03  .43201300E+03  .67071560E+06  .20145670E+07 -.97390090E-01  .43340030E+04
 .91390350E+03  .42645630E+03  .64667870E+06  .20502520E+07 -.94021800E-01  .43177420E+04
 .91907660E+03  .42095140E+03  .62295160E+06  .20842900E+07 -.90747710E-01  .43027800E+04
 .92406880E+03  .41549950E+03  .59953120E+06  .21166730E+07 -.87559890E-01  .42890290E+04
 .92888480E+03  .41010170E+03  .57641460E+06  .21473890E+07 -.84450830E-01  .42764110E+04
 .93352870E+03  .40475910E+03  .55359880E+06  .21764210E+07 -.81413480E-01  .42648580E+04
 .93800430E+03  .39947260E+03  .53108050E+06  .22037470E+07 -.78441130E-01  .42543100E+04
 .93800430E+03  .39947260E+03  .53108050E+06  .22037470E+07 -.78441130E-01  .42543100E+04
 .94918930E+03  .38559350E+03  .47220580E+06  .22683310E+07 -.70751760E-01  .42305770E+04
 .95924520E+03  .37213190E+03  .41538160E+06  .23197900E+07 -.63370370E-01  .42126260E+04
 .96821040E+03  .35909330E+03  .36054500E+06  .23571140E+07 -.56191290E-01  .41994400E+04
 .97610770E+03  .34647850E+03  .30763240E+06  .23789390E+07 -.49113680E-01  .41899950E+04
 .98294500E+03  .33428400E+03  .25658050E+06  .23835620E+07 -.42045920E-01  .41833540E+04
 .98871810E+03  .32250350E+03  .20732650E+06  .23689550E+07 -.34911610E-01  .41788600E+04
 .99341070E+03  .31112870E+03  .15980910E+06  .23326800E+07 -.27617350E-01  .41763780E+04
 .99698560E+03  .30015200E+03  .11396800E+06  .22721070E+07 -.19961790E-01  .41766400E+04
 .99936250E+03  .28956860E+03  .69743860E+05  .21857670E+07 -.11566180E-01  .41817400E+04
 .10003900E+04  .27938030E+03  .27077680E+05  .20756450E+07 -.18505920E-02  .41958370E+04
 .99981050E+03  .26959960E+03 -.14090580E+05  .19496600E+07  .10019490E-01  .42262200E+04
 .99722130E+03  .26025570E+03 -.53824010E+05  .18240110E+07  .25145650E-01  .42849910E+04
 .11219640E-02  .44897790E+03  .74471290E+06  .21305330E-07 -.46814060E-04  .43916970E+04
 .21256450E+00  .44897790E+03  .27725660E+07  .20464360E-06 -.46814060E-04  .25505720E+04
 .47044550E+01  .44897790E+03  .27725660E+07  .25179970E+06 -.25099730E-02  .25505720E+04
 .45664040E+01  .45909770E+03  .27979900E+07  .25922590E+06 -.24214640E-02  .24759330E+04
 .44331430E+01  .46974840E+03  .28239950E+07  .26686540E+06 -.23387370E-02  .24092350E+04
 .43043760E+01  .48093690E+03  .28506120E+07  .27472200E+06 -.22608450E-02  .23503710E+04
 .41798540E+01  .49266640E+03  .28778700E+07  .28279650E+06 -.21869620E-02  .22991320E+04
 .40593740E+01  .50493580E+03  .29058010E+07  .29108750E+06 -.21163800E-02  .22552060E+04
 .39427690E+01  .51774100E+03  .29344330E+07  .29959150E+06 -.20485250E-02  .22181930E+04
 .38298970E+01  .53107450E+03  .29637970E+07  .30830330E+06 -.19829450E-02  .21876210E+04
 .37206420E+01  .54492700E+03  .29939230E+07  .31721660E+06 -.19193100E-02  .21629660E+04
 .36149020E+01  .55928740E+03  .30248390E+07  .32632490E+06 -.18573960E-02  .21436770E+04
 .35125850E+01  .57414390E+03  .30565720E+07  .33562140E+06 -.17970620E-02  .21291910E+04
 .34136030E+01  .58948460E+03  .30891520E+07  .34510000E+06 -.17382400E-02  .21189590E+04
 .33178740E+01  .60529800E+03  .31226040E+07  .35475550E+06 -.16809060E-02  .21124580E+04
 .32253140E+01  .62157340E+03  .31569540E+07  .36458330E+06 -.16250700E-02  .21091970E+04
 .32253140E+01  .62157340E+03  .31569540E+07  .36458330E+06 -.16250700E-02  .21091970E+04
 .30372460E+01  .65796140E+03  .32337060E+07  .38620900E+06 -.15105890E-02  .21111270E+04
 .28624810E+01  .69635170E+03  .33149450E+07  .40859320E+06 -.14033850E-02  .21223360E+04
 .27001360E+01  .73669400E+03  .34009080E+07  .43173380E+06 -.13036050E-02  .21401390E+04
 .25493210E+01  .77896000E+03  .34918280E+07  .45564050E+06 -.12111890E-02  .21626390E+04
 .24091660E+01  .82313820E+03  .35879350E+07  .48033140E+06 -.11258960E-02  .21885200E+04
 .22788350E+01  .86923020E+03  .36894580E+07  .50583060E+06 -.10473730E-02  .22168610E+04
 .21575420E+01  .91724730E+03  .37966270E+07  .53216820E+06 -.97520390E-03  .22469790E+04
 .20445490E+01  .96720940E+03  .39096750E+07  .55938050E+06 -.90895650E-03  .22783180E+04
 .19391720E+01  .10191450E+04  .40288360E+07  .58751170E+06 -.84820830E-03  .23103640E+04
 .18407750E+01  .10730930E+04  .41543500E+07  .61661640E+06 -.79256140E-03  .23425940E+04
 .17487680E+01  .11291030E+04  .42864610E+07  .64676190E+06 -.74164920E-03  .23744320E+04
 .21275270E+04  .75776060E+06  .88818540E+03  .65915670E+04  .27752130E+07  .50240690E+01
 .10000000E+02  .13000000E+02  .20000000E+01  .14000000E+02  .12000000E+02  .86395670E+04
 .88818540E+03  .45193750E+03  .75776060E+06  .18767540E+07 -.11009040E+00  .44028690E+04
 .89424430E+03  .44621140E+03  .73261260E+06  .19181910E+07 -.10632060E+00  .43811200E+04
 .90009570E+03  .44053110E+03  .70778410E+06  .19579900E+07 -.10267750E+00  .43611130E+04
 .90574630E+03  .43489860E+03  .68327230E+06  .19961510E+07 -.99151130E-01  .43426960E+04
 .91120260E+03  .42931550E+03  .65907450E+06  .20326720E+07 -.95731940E-01  .43257390E+04
 .91647020E+03  .42378340E+03  .63518790E+06  .20675510E+07 -.92411210E-01  .43101300E+04
 .92155430E+03  .41830380E+03  .61160980E+06  .21007800E+07 -.89180720E-01  .42957750E+04
 .92646000E+03  .41287770E+03  .58833690E+06  .21323490E+07 -.86032730E-01  .42825900E+04
 .93119140E+03  .40750630E+03  .56536640E+06  .21622420E+07 -.82959980E-01  .42705040E+04
 .93575270E+03  .40219060E+03  .54269520E+06  .21904430E+07 -.79955610E-01  .42594530E+04
 .93575270E+03  .40219060E+03  .54269520E+06  .21904430E+07 -.79955610E-01  .42594530E+04
 .94715930E+03  .38823170E+03  .48341870E+06  .22574430E+07 -.72195890E-01  .42345060E+04
 .95742790E+03  .37468870E+03  .42620490E+06  .23114750E+07 -.64765050E-01  .42155300E+04
 .96659990E+03  .36156810E+03  .37099090E+06  .23515940E+07 -.57556360E-01  .42015120E+04
 .97470090E+03  .34887150E+03  .31771330E+06  .23765020E+07 -.50468080E-01  .41914260E+04
 .98174160E+03  .33659620E+03  .26630840E+06  .23845570E+07 -.43406140E-01  .41843060E+04
 .98772010E+03  .32473630E+03  .21671360E+06  .23737960E+07 -.36291850E-01  .41794230E+04
 .99262250E+03  .31328380E+03  .16886720E+06  .23418610E+07 -.29040990E-01  .41765190E+04
 .99641720E+03  .30223060E+03  .12270850E+06  .22860930E+07 -.21480600E-01  .41761220E+04
 .99903440E+03  .29157130E+03  .78178290E+05  .22046350E+07 -.13268150E-01  .41800110E+04
 .10003390E+04  .28130590E+03  .35217460E+05  .20986140E+07 -.38650190E-02  .41918730E+04
 .10000960E+04  .27144450E+03 -.62336560E+04  .19746190E+07  .75100690E-02  .42182720E+04
 .99793410E+03  .26201260E+03 -.46237340E+05  .18471010E+07  .21917080E-01  .42702010E+04
 .11258910E-02  .45193750E+03  .75776060E+06  .19022860E-07 -.44335600E-04  .44028690E+04
 .19904180E+00  .45193750E+03  .27752130E+07  .17893940E-06 -.44335600E-04  .25823730E+04
 .50240690E+01  .45193750E+03  .27752130E+07  .25241220E+06 -.26844990E-02  .25823730E+04
 .48764360E+01  .46200290E+03  .28008010E+07  .25987800E+06 -.25892500E-02  .25040020E+04
 .47339550E+01  .47260540E+03  .28269670E+07  .26755830E+06 -.25003320E-02  .24338720E+04
 .45963010E+01  .48375280E+03  .28537420E+07  .27545690E+06 -.24167080E-02  .23718910E+04
 .44632020E+01  .49544860E+03  .28811580E+07  .28357500E+06 -.23374660E-02  .23178530E+04
 .43344370E+01  .50769230E+03  .29092430E+07  .29191090E+06 -.22618260E-02  .22714480E+04
 .42098220E+01  .52047970E+03  .29380290E+07  .30046100E+06 -.21891490E-02  .22322670E+04
 .40892070E+01  .53380350E+03  .29675470E+07  .30921990E+06 -.21189350E-02  .21998250E+04
 .39724630E+01  .54765370E+03  .29978250E+07  .31818100E+06 -.20508150E-02  .21735790E+04
 .38594810E+01  .56201900E+03  .30288940E+07  .32733720E+06 -.19845370E-02  .21529510E+04
 .37501630E+01  .57688670E+03  .30607810E+07  .33668160E+06 -.19199460E-02  .21373540E+04
 .36444170E+01  .59224440E+03  .30935140E+07  .34620780E+06 -.18569650E-02  .21262100E+04
 .35421530E+01  .60807970E+03  .31271210E+07  .35591000E+06 -.17955700E-02  .21189660E+04
 .34432830E+01  .62438130E+03  .31616280E+07  .36578370E+06 -.17357730E-02  .21151070E+04
 .34432830E+01  .62438130E+03  .31616280E+07  .36578370E+06 -.17357730E-02  .21151070E+04
 .32424240E+01  .66083730E+03  .32387200E+07  .38750370E+06 -.16131660E-02  .21161270E+04
 .30558110E+01  .69930770E+03  .33203090E+07  .40997660E+06 -.14983680E-02  .21267800E+04
 .28824950E+01  .73973810E+03  .34066320E+07  .43320040E+06 -.13915580E-02  .21442400E+04
 .27215190E+01  .78209800E+03  .34979230E+07  .45718560E+06 -.12926790E-02  .21665160E+04
 .25719450E+01  .82637490E+03  .35944130E+07  .48195130E+06 -.12014750E-02  .21922380E+04
 .24328740E+01  .87256930E+03  .36963300E+07  .50752280E+06 -.11175570E-02  .22204500E+04
 .23034580E+01  .92069280E+03  .38039060E+07  .53393110E+06 -.10404710E-02  .22504490E+04
 .21829060E+01  .97076510E+03  .39173740E+07  .56121380E+06 -.96974690E-03  .22816660E+04
 .20704830E+01  .10228150E+04  .40369690E+07  .58941630E+06 -.90492350E-03  .23135780E+04
 .19655060E+01  .10768820E+04  .41629310E+07  .61859430E+06 -.84556830E-03  .23456550E+04
 .18673440E+01  .11330180E+04  .42955040E+07  .64881680E+06 -.79128400E-03  .23773140E+04
 .21547420E+04  .77017190E+06  .88519870E+03  .65692220E+04  .27776260E+07  .53432230E+01
 .10000000E+02  .13000000E+02  .20000000E+01  .14000000E+02  .12000000E+02  .86172220E+04
 .88519870E+03  .45474550E+03  .77017190E+06  .18566280E+07 -.11195710E+00  .44138620E+04
 .89136030E+03  .44899750E+03  .74486730E+06  .18988540E+07 -.10812290E+00  .43912200E+04
 .89731090E+03  .44329430E+03  .71988330E+06  .19394410E+07 -.10442060E+00  .43704010E+04
 .90305770E+03  .43763790E+03  .69521740E+06  .19783900E+07 -.10083970E+00  .43512420E+04
 .90860710E+03  .43203020E+03  .67086690E+06  .20157010E+07 -.97370390E-01  .43336020E+04
 .91396510E+03  .42647280E+03  .64682910E+06  .20513720E+07 -.94003690E-01  .43173610E+04
 .91913720E+03  .42096720E+03  .62310110E+06  .20853970E+07 -.90731080E-01  .43024170E+04
 .92412850E+03  .41551460E+03  .59967980E+06  .21177670E+07 -.87544630E-01  .42886800E+04
 .92894370E+03  .41011630E+03  .57656240E+06  .21484700E+07 -.84436850E-01  .42760760E+04
 .93358680E+03  .40477310E+03  .55374580E+06  .21774900E+07 -.81400700E-01  .42645350E+04
 .93358680E+03  .40477310E+03  .55374580E+06  .21774900E+07 -.81400700E-01  .42645350E+04
 .94520460E+03  .39073910E+03  .49408740E+06  .22467510E+07 -.73570730E-01  .42384090E+04
 .95567550E+03  .37711940E+03  .43650330E+06  .23031820E+07 -.66089680E-01  .42184330E+04
 .96504360E+03  .36392130E+03  .38093060E+06  .23458960E+07 -.58849640E-01  .42035950E+04
 .97333730E+03  .35114730E+03  .32730570E+06  .23736620E+07 -.51748100E-01  .41928710E+04
 .98057010E+03  .33879540E+03  .27556530E+06  .23848930E+07 -.44689060E-01  .41852730E+04
 .98674200E+03  .32686010E+03  .22564630E+06  .23776860E+07 -.37591090E-01  .41800150E+04
 .99184170E+03  .31533380E+03  .17748680E+06  .23497610E+07 -.30375610E-01  .41767300E+04
 .99584170E+03  .30420820E+03  .13102610E+06  .22984660E+07 -.22893470E-01  .41757720E+04
 .99868120E+03  .29347710E+03  .86204580E+05  .22216560E+07 -.14835940E-01  .41786450E+04
 .10002390E+04  .28313930E+03  .42963300E+05  .21197290E+07 -.57018360E-02  .41886200E+04
 .10003020E+04  .27320250E+03  .12427740E+04  .19981000E+07  .52414690E-02  .42116340E+04
 .99852570E+03  .26368900E+03 -.39018590E+05  .18696340E+07  .19008510E-01  .42577080E+04
 .11296900E-02  .45474550E+03  .77017190E+06  .17112840E-07 -.42139350E-04  .44138620E+04
 .18715300E+00  .45474550E+03  .27776260E+07  .15781910E-06 -.42139350E-04  .26135220E+04
 .53432230E+01  .45474550E+03  .27776260E+07  .25295440E+06 -.28594680E-02  .26135220E+04
 .51859860E+01  .46475680E+03  .28033700E+07  .26045820E+06 -.27573840E-02  .25315170E+04
 .50342670E+01  .47531090E+03  .28296890E+07  .26817760E+06 -.26621950E-02  .24580420E+04
 .48877120E+01  .48641630E+03  .28566150E+07  .27611650E+06 -.25727720E-02  .23930140E+04
 .47460270E+01  .49807730E+03  .28841780E+07  .28427620E+06 -.24881180E-02  .23362370E+04
 .46089700E+01  .51029360E+03  .29124100E+07  .29265510E+06 -.24073760E-02  .22873980E+04
 .44763420E+01  .52306130E+03  .29413410E+07  .30124930E+06 -.23298440E-02  .22460870E+04
 .43479780E+01  .53637280E+03  .29710030E+07  .31005310E+06 -.22549670E-02  .22118030E+04
 .42237430E+01  .55021810E+03  .30014250E+07  .31905980E+06 -.21823370E-02  .21839870E+04
 .41035200E+01  .56458510E+03  .30326370E+07  .32826180E+06 -.21116740E-02  .21620380E+04
 .39872020E+01  .57946080E+03  .30646680E+07  .33765200E+06 -.20428060E-02  .21453420E+04
 .38746940E+01  .59483200E+03  .30975460E+07  .34722340E+06 -.19756470E-02  .21332940E+04
 .37658980E+01  .61068590E+03  .31312980E+07  .35697020E+06 -.19101730E-02  .21253130E+04
 .36607220E+01  .62701020E+03  .31659510E+07  .36688740E+06 -.18463980E-02  .21208600E+04
 .36607220E+01  .62701020E+03  .31659510E+07  .36688740E+06 -.18463980E-02  .21208600E+04
 .34470830E+01  .66352620E+03  .32433630E+07  .38869710E+06 -.17156290E-02  .21209760E+04
 .32486370E+01  .70206790E+03  .33252790E+07  .41125400E+06 -.15932080E-02  .21310720E+04
 .30643700E+01  .74257790E+03  .34119380E+07  .43455630E+06 -.14793460E-02  .21481840E+04
 .28932540E+01  .78502300E+03  .35035750E+07  .45861550E+06 -.13739900E-02  .21702330E+04
 .27342830E+01  .82938940E+03  .36004200E+07  .48345150E+06 -.12768650E-02  .21957910E+04
 .25864930E+01  .87567730E+03  .37027050E+07  .50909060E+06 -.11875500E-02  .22238680E+04
 .24489780E+01  .92389780E+03  .38106600E+07  .53556510E+06 -.11055500E-02  .22537440E+04
 .23208890E+01  .97407090E+03  .39245190E+07  .56291360E+06 -.10303550E-02  .22848350E+04
 .22014410E+01  .10262260E+04  .40445160E+07  .59118250E+06 -.96146370E-03  .23166120E+04
 .20899050E+01  .10804030E+04  .41708940E+07  .62042890E+06 -.89840960E-03  .23485360E+04
 .19856070E+01  .11366540E+04  .43038960E+07  .65072310E+06 -.84076370E-03  .23800190E+04
 .21805520E+04  .78201690E+06  .88232110E+03  .65481540E+04  .27798330E+07  .56620090E+01
 .10000000E+02  .13000000E+02  .20000000E+01  .14000000E+02  .12000000E+02  .85961540E+04
 .88232110E+03  .45741850E+03  .78201690E+06  .18372220E+07 -.11375670E+00  .44246980E+04
 .88858170E+03  .45165040E+03  .75656320E+06  .18801960E+07 -.10985920E+00  .44011690E+04
 .89462790E+03  .44592580E+03  .73143130E+06  .19215300E+07 -.10609850E+00  .43795470E+04
 .90046710E+03  .44024720E+03  .70661870E+06  .19612260E+07 -.10246390E+00  .43596560E+04
 .90610600E+03  .43461650E+03  .68212270E+06  .19992850E+07 -.98945270E-01  .43413430E+04
 .91155100E+03  .42903530E+03  .65794070E+06  .20357050E+07 -.95533220E-01  .43244820E+04
 .91680760E+03  .42350530E+03  .63406980E+06  .20704820E+07 -.92219050E-01  .43089610E+04
 .92188120E+03  .41802780E+03  .61050710E+06  .21036090E+07 -.88994560E-01  .42946870E+04
 .92677650E+03  .41260410E+03  .58724970E+06  .21350760E+07 -.85852090E-01  .42815770E+04
 .93149800E+03  .40723500E+03  .56429440E+06  .21648680E+07 -.82784410E-01  .42695600E+04
 .93149800E+03  .40723500E+03  .56429440E+06  .21648680E+07 -.82784410E-01  .42695600E+04
 .94331780E+03  .39313010E+03  .50427210E+06  .22362540E+07 -.74884390E-01  .42422860E+04
 .95398170E+03  .37943780E+03  .44633480E+06  .22949310E+07 -.67352560E-01  .42213320E+04
 .96353650E+03  .36616630E+03  .39041980E+06  .23400690E+07 -.60079750E-01  .42056880E+04
 .97201340E+03  .35331870E+03  .33646370E+06  .23704950E+07 -.52962740E-01  .41943300E+04
 .97942820E+03  .34089400E+03  .28440300E+06  .23846820E+07 -.45904010E-01  .41862560E+04
 .98578330E+03  .32888710E+03  .23417460E+06  .23807780E+07 -.38819330E-01  .41806290E+04
 .99106900E+03  .31729040E+03  .18571630E+06  .23565730E+07 -.31633080E-01  .41769950E+04
 .99526190E+03  .30609590E+03  .13896730E+06  .23094520E+07 -.24215750E-01  .41755520E+04
 .99830870E+03  .29529670E+03  .93867820E+05  .22370580E+07 -.16289930E-01  .41775630E+04
 .10001010E+04  .28489030E+03  .50358710E+05  .21391760E+07 -.73889220E-02  .41859340E+04
 .10004430E+04  .27488280E+03  .83807980E+04  .20201780E+07  .31756690E-02  .42060470E+04
 .99901660E+03  .26529320E+03 -.32126990E+05  .18914890E+07  .16371740E-01  .42470710E+04
 .11333740E-02  .45741850E+03  .78201690E+06  .15496280E-07 -.40178190E-04  .44246980E+04
 .17661570E+00  .45741850E+03  .27798330E+07  .14025040E-06 -.40178190E-04  .26440790E+04
 .56620090E+01  .45741850E+03  .27798330E+07  .25343470E+06 -.30349420E-02  .26440790E+04
 .54951430E+01  .46737620E+03  .28057250E+07  .26097520E+06 -.29259240E-02  .25585310E+04
 .53341670E+01  .47788180E+03  .28321900E+07  .26873210E+06 -.28243810E-02  .24817880E+04
 .51786960E+01  .48894480E+03  .28592580E+07  .27670980E+06 -.27290900E-02  .24137810E+04
 .50284120E+01  .50056980E+03  .28869620E+07  .28490940E+06 -.26389670E-02  .23543170E+04
 .48830530E+01  .51275730E+03  .29153330E+07  .29332950E+06 -.25530790E-02  .23030910E+04
 .47424030E+01  .52550340E+03  .29444010E+07  .30196590E+06 -.24706540E-02  .22596820E+04
 .46062860E+01  .53880060E+03  .29741990E+07  .31081290E+06 -.23910840E-02  .22235830E+04
 .44745560E+01  .55263850E+03  .30047570E+07  .31986320E+06 -.23139180E-02  .21942160E+04
 .43470880E+01  .56700470E+03  .30361050E+07  .32910910E+06 -.22388460E-02  .21709600E+04
 .42237700E+01  .58188570E+03  .30682710E+07  .33854300E+06 -.21656790E-02  .21531760E+04
 .41044980E+01  .59726760E+03  .31012850E+07  .34815770E+06 -.20943230E-02  .21402310E+04
 .39891730E+01  .61313680E+03  .31351740E+07  .35794710E+06 -.20247510E-02  .21315210E+04
 .38776930E+01  .62948060E+03  .31699650E+07  .36790600E+06 -.19569780E-02  .21264770E+04
 .38776930E+01  .62948060E+03  .31699650E+07  .36790600E+06 -.19569780E-02  .21264770E+04
 .36512800E+01  .66604940E+03  .32476760E+07  .38980110E+06 -.18180110E-02  .21256910E+04
 .34410140E+01  .70465530E+03  .33298990E+07  .41243780E+06 -.16879360E-02  .21352300E+04
 .32458100E+01  .74523710E+03  .34168730E+07  .43581470E+06 -.15669970E-02  .21519920E+04
 .30645710E+01  .78775950E+03  .35088330E+07  .45994370E+06 -.14551480E-02  .21738080E+04
 .28962230E+01  .83220760E+03  .36060120E+07  .48484590E+06 -.13520920E-02  .21991970E+04
 .27397350E+01  .87858090E+03  .37086400E+07  .51054870E+06 -.12573750E-02  .22271360E+04
 .25941400E+01  .92689030E+03  .38169490E+07  .53708530E+06 -.11704620E-02  .22568840E+04
 .24585340E+01  .97715590E+03  .39311720E+07  .56449530E+06 -.10907990E-02  .22878470E+04
 .23320800E+01  .10294070E+04  .40515460E+07  .59282640E+06 -.10178470E-02  .23194870E+04
 .22140030E+01  .10836850E+04  .41783110E+07  .62213680E+06 -.95110250E-03  .23512590E+04
 .21035860E+01  .11400430E+04  .43117130E+07  .65249790E+06 -.89010400E-03  .23825680E+04
 .22051090E+04  .79335460E+06  .87954190E+03  .65282170E+04  .27818570E+07  .59805130E+01
 .10000000E+02  .13000000E+02  .20000000E+01  .14000000E+02  .12000000E+02  .85762180E+04
 .87954190E+03  .45997080E+03  .79335460E+06  .18184720E+07 -.11549640E+00  .44353940E+04
 .88589810E+03  .45418370E+03  .76775850E+06  .18621570E+07 -.11153640E+00  .44109840E+04
 .89203660E+03  .44843940E+03  .74248530E+06  .19042020E+07 -.10771830E+00  .43885650E+04
 .89796500E+03  .44273990E+03  .71753240E+06  .19446080E+07 -.10403070E+00  .43679500E+04
 .90369030E+03  .43708760E+03  .69289750E+06  .19833770E+07 -.10046340E+00  .43489750E+04
 .90921900E+03  .43148410E+03  .66857780E+06  .20205080E+07 -.97006560E-01  .43315020E+04
 .91455690E+03  .42593120E+03  .64457040E+06  .20559990E+07 -.93651310E-01  .43154160E+04
 .91970970E+03  .42043010E+03  .62087250E+06  .20898440E+07 -.90389210E-01  .43006150E+04
 .92468210E+03  .41498240E+03  .59748120E+06  .21220340E+07 -.87212380E-01  .42870110E+04
 .92947890E+03  .40958890E+03  .57439340E+06  .21525560E+07 -.84113420E-01  .42745300E+04
 .92947890E+03  .40958890E+03  .57439340E+06  .21525560E+07 -.84113420E-01  .42745300E+04
 .94149260E+03  .39541690E+03  .51402310E+06  .22259480E+07 -.76143590E-01  .42461370E+04
 .95234130E+03  .38165560E+03  .45574780E+06  .22867400E+07 -.68560560E-01  .42242280E+04
 .96207460E+03  .36831420E+03  .39950540E+06  .23341510E+07 -.61253810E-01  .42077890E+04
 .97072610E+03  .35539670E+03  .34523230E+06  .23670660E+07 -.54119440E-01  .41958010E+04
 .97831410E+03  .34290250E+03  .29286520E+06  .23840130E+07 -.47058720E-01  .41872510E+04
 .98484300E+03  .33082710E+03  .24234070E+06  .23831910E+07 -.39984760E-01  .41812630E+04
 .99030520E+03  .31916340E+03  .19359650E+06  .23624540E+07 -.32822980E-01  .41773010E+04
 .99468010E+03  .30790300E+03  .14657150E+06  .23192360E+07 -.25459690E-01  .41754330E+04
 .99792090E+03  .29703890E+03  .10120580E+06  .22510350E+07 -.17646370E-01  .41767050E+04
 .99993010E+03  .28656750E+03  .57440190E+05  .21571190E+07 -.89484240E-02  .41837010E+04
 .10005290E+04  .27649320E+03  .15215670E+05  .20409360E+07  .12823030E-02  .42013110E+04
 .99942310E+03  .26683230E+03 -.25528400E+05  .19125980E+07  .13967520E-01  .42379500E+04
 .11369550E-02  .45997080E+03  .79335460E+06  .14114390E-07 -.38415140E-04  .44353940E+04
 .16720970E+00  .45997080E+03  .27818570E+07  .12547650E-06 -.38415140E-04  .26740960E+04
 .59805130E+01  .45997080E+03  .27818570E+07  .25386030E+06 -.32109730E-02  .26740960E+04
 .58039880E+01  .46987520E+03  .28078900E+07  .26143610E+06 -.30949190E-02  .25850880E+04
 .56337310E+01  .48033240E+03  .28344930E+07  .26922930E+06 -.29869370E-02  .25051510E+04
 .54693260E+01  .49135250E+03  .28616980E+07  .27724430E+06 -.28857080E-02  .24342240E+04
 .53104280E+01  .50294090E+03  .28895350E+07  .28548240E+06 -.27900580E-02  .23721260E+04
 .51567540E+01  .51509830E+03  .29180380E+07  .29394200E+06 -.26989750E-02  .23185510E+04
 .50080730E+01  .52782140E+03  .29472370E+07  .30261900E+06 -.26116180E-02  .22730770E+04
 .48641950E+01  .54110230E+03  .29771640E+07  .31150740E+06 -.25273220E-02  .22351870E+04
 .47249650E+01  .55493070E+03  .30078510E+07  .32059960E+06 -.24455910E-02  .22042880E+04
 .45902480E+01  .56929380E+03  .30393270E+07  .32988770E+06 -.23660860E-02  .21797370E+04
 .44599260E+01  .58417760E+03  .30716210E+07  .33936360E+06 -.22885990E-02  .21608740E+04
 .43338890E+01  .59956740E+03  .31047640E+07  .34901980E+06 -.22130240E-02  .21470400E+04
 .42120320E+01  .61544930E+03  .31387820E+07  .35885000E+06 -.21393320E-02  .21376030E+04
 .40942480E+01  .63180980E+03  .31737030E+07  .36884880E+06 -.20675430E-02  .21319710E+04
 .40942480E+01  .63180980E+03  .31737030E+07  .36884880E+06 -.20675430E-02  .21319710E+04
 .38550670E+01  .66842510E+03  .32516960E+07  .39082560E+06 -.19203390E-02  .21302870E+04
 .36329890E+01  .70708850E+03  .33342070E+07  .41353840E+06 -.17825760E-02  .21392680E+04
 .34268600E+01  .74773540E+03  .34214770E+07  .43698610E+06 -.16545360E-02  .21556770E+04
 .32355130E+01  .79032830E+03  .35137410E+07  .46118140E+06 -.15361750E-02  .21772570E+04
 .30578030E+01  .83485100E+03  .36112330E+07  .48614620E+06 -.14271780E-02  .22024720E+04
 .28926350E+01  .88130250E+03  .37141830E+07  .51190910E+06 -.13270540E-02  .22302690E+04
 .27389780E+01  .92969350E+03  .38228230E+07  .53850410E+06 -.12352270E-02  .22598860E+04
 .25958730E+01  .98004440E+03  .39373880E+07  .56597210E+06 -.11510990E-02  .22907180E+04
 .24624300E+01  .10323850E+04  .40581130E+07  .59436170E+06 -.10740910E-02  .23222200E+04
 .23378280E+01  .10867560E+04  .41852410E+07  .62373210E+06 -.10036620E-02  .23538400E+04
 .22213080E+01  .11432130E+04  .43190180E+07  .65415600E+06 -.93931870E-03  .23849790E+04
 .22285400E+04  .80423480E+06  .87685190E+03  .65092880E+04  .27837160E+07  .62988050E+01
 .10000000E+02  .13000000E+02  .20000000E+01  .14000000E+02  .12000000E+02  .85572880E+04
 .87685190E+03  .46241400E+03  .80423480E+06  .18003220E+07 -.11718210E+00  .44459670E+04
 .88330080E+03  .45660950E+03  .77850240E+06  .18446850E+07 -.11316050E+00  .44206800E+04
 .88952860E+03  .45084650E+03  .75309380E+06  .18874080E+07 -.10928560E+00  .43974700E+04
 .89554330E+03  .44512760E+03  .72800680E+06  .19284910E+07 -.10554580E+00  .43761360E+04
 .90135210E+03  .43945490E+03  .70323860E+06  .19679370E+07 -.10193040E+00  .43565050E+04
 .90696170E+03  .43383040E+03  .67878690E+06  .20057470E+07 -.98429390E-01  .43384320E+04
 .91237820E+03  .42825570E+03  .65464870E+06  .20419170E+07 -.95033530E-01  .43217890E+04
 .91760720E+03  .42273250E+03  .63082130E+06  .20764450E+07 -.91734210E-01  .43064700E+04
 .92265410E+03  .41726200E+03  .60730170E+06  .21093220E+07 -.88523340E-01  .42923840E+04
 .92752340E+03  .41184540E+03  .58408690E+06  .21405370E+07 -.85393340E-01  .42794490E+04
 .92752340E+03  .41184540E+03  .58408690E+06  .21405370E+07 -.85393340E-01  .42794490E+04
 .93972360E+03  .39760960E+03  .52338280E+06  .22158300E+07 -.77353980E-01  .42499630E+04
 .95074980E+03  .38378270E+03  .46478360E+06  .22786180E+07 -.69719470E-01  .42271180E+04
 .96065410E+03  .37037480E+03  .40822710E+06  .23281690E+07 -.62377810E-01  .42098970E+04
 .96947250E+03  .35739040E+03  .35365000E+06  .23634220E+07 -.55224460E-01  .41972840E+04
 .97722580E+03  .34482970E+03  .30098880E+06  .23829580E+07 -.48159670E-01  .41882590E+04
 .98392030E+03  .33268880E+03  .25018010E+06  .23850250E+07 -.41094190E-01  .41819130E+04
 .98955030E+03  .32096080E+03  .20116150E+06  .23675330E+07 -.33953150E-01  .41776410E+04
 .99409770E+03  .30963750E+03  .15387160E+06  .23279750E+07 -.26635260E-01  .41753930E+04
 .99752120E+03  .29871130E+03  .10825040E+06  .22637530E+07 -.18918380E-01  .41760270E+04
 .99973330E+03  .28817790E+03  .64238610E+05  .21737050E+07 -.10398170E-01  .41818350E+04
 .10005700E+04  .27804020E+03  .21777250E+05  .20604580E+07 -.46315090E-03  .41972730E+04
 .99975820E+03  .26831220E+03 -.19193910E+05  .19329260E+07  .11763680E-01  .42300820E+04
 .11404430E-02  .46241400E+03  .80423480E+06  .12922600E-07 -.36820630E-04  .44459670E+04
 .15876030E+00  .46241400E+03  .27837160E+07  .11293260E-06 -.36820630E-04  .27036190E+04
 .62988050E+01  .46241400E+03  .27837160E+07  .25423710E+06 -.33876080E-02  .27036190E+04
 .61125920E+01  .47226580E+03  .28098850E+07  .26184710E+06 -.32644160E-02  .26112280E+04
 .59330280E+01  .48267470E+03  .28366200E+07  .26967540E+06 -.31499080E-02  .25281620E+04
 .57596670E+01  .49365160E+03  .28639550E+07  .27772630E+06 -.30426670E-02  .24543750E+04
 .55921370E+01  .50520270E+03  .28919200E+07  .28600150E+06 -.29414300E-02  .23896890E+04
 .54301350E+01  .51732910E+03  .29205480E+07  .29449920E+06 -.28451020E-02  .23338020E+04
 .52734110E+01  .53002760E+03  .29498720E+07  .30321540E+06 -.27527710E-02  .22862930E+04
 .51217640E+01  .54329080E+03  .29799220E+07  .31214360E+06 -.26637140E-02  .22466340E+04
 .49750250E+01  .55710790E+03  .30107300E+07  .32127620E+06 -.25773900E-02  .22142190E+04
 .48330520E+01  .57146590E+03  .30423280E+07  .33060480E+06 -.24934250E-02  .21883860E+04
 .46957210E+01  .58635020E+03  .30747440E+07  .34012110E+06 -.24115930E-02  .21684520E+04
 .45629160E+01  .60174570E+03  .31080090E+07  .34981730E+06 -.23317760E-02  .21537340E+04
 .44345250E+01  .61763770E+03  .31421490E+07  .35968670E+06 -.22539450E-02  .21435750E+04
 .43104370E+01  .63401230E+03  .31771930E+07  .36972380E+06 -.21781190E-02  .21373580E+04
 .43104370E+01  .63401230E+03  .31771930E+07  .36972380E+06 -.21781190E-02  .21373580E+04
 .40584890E+01  .67066850E+03  .32554530E+07  .39177880E+06 -.20226370E-02  .21347760E+04
 .38246040E+01  .70938350E+03  .33382360E+07  .41456440E+06 -.18771540E-02  .21431980E+04
 .36075590E+01  .75008940E+03  .34257850E+07  .43807970E+06 -.17419850E-02  .21592520E+04
 .34061160E+01  .79274660E+03  .35183350E+07  .46233800E+06 -.16170930E-02  .21805930E+04
 .32190590E+01  .83733760E+03  .36161210E+07  .48736230E+06 -.15021420E-02  .22056310E+04
 .30452250E+01  .88386100E+03  .37193740E+07  .51318200E+06 -.13966040E-02  .22332810E+04
 .28835220E+01  .93232720E+03  .38283250E+07  .53983230E+06 -.12998600E-02  .22627640E+04
 .27329330E+01  .98275670E+03  .39432110E+07  .56735490E+06 -.12112680E-02  .22934640E+04
 .25925160E+01  .10351800E+04  .40642670E+07  .59579950E+06 -.11302080E-02  .23248270E+04
 .24614050E+01  .10896380E+04  .41917350E+07  .62522640E+06 -.10561010E-02  .23562970E+04
 .23387950E+01  .11461850E+04  .43258640E+07  .65570940E+06 -.98841990E-03  .23872660E+04
 .22509540E+04  .81470010E+06  .87424330E+03  .64912610E+04  .27854270E+07  .66169510E+01
 .10000000E+02  .13000000E+02  .20000000E+01  .14000000E+02  .12000000E+02  .85392620E+04
 .87424330E+03  .46475850E+03  .81470010E+06  .17827230E+07 -.11881900E+00  .44564310E+04
 .88078220E+03  .45893760E+03  .78883690E+06  .18277350E+07 -.11473650E+00  .44302690E+04
 .88709670E+03  .45315720E+03  .76329840E+06  .18711060E+07 -.11080560E+00  .44062710E+04
 .89319500E+03  .44741990E+03  .73808240E+06  .19128370E+07 -.10701420E+00  .43842240E+04
 .89908470E+03  .44172810E+03  .71318650E+06  .19529310E+07 -.10335130E+00  .43639450E+04
 .90477250E+03  .43608370E+03  .68860800E+06  .19913880E+07 -.99806570E-01  .43452760E+04
 .91026500E+03  .43048850E+03  .66434420E+06  .20282070E+07 -.96370540E-01  .43280860E+04
 .91556790E+03  .42494420E+03  .64039230E+06  .20633860E+07 -.93034360E-01  .43122590E+04
 .92068660E+03  .41945210E+03  .61674950E+06  .20969180E+07 -.89789770E-01  .42976980E+04
 .92562590E+03  .41401350E+03  .59341270E+06  .21287930E+07 -.86628970E-01  .42843190E+04
 .92562590E+03  .41401350E+03  .59341270E+06  .21287930E+07 -.86628970E-01  .42843190E+04
 .93800610E+03  .39971690E+03  .53238790E+06  .22058930E+07 -.78520390E-01  .42537640E+04
 .94920310E+03  .38582750E+03  .47347730E+06  .22705730E+07 -.70834170E-01  .42300030E+04
 .95927180E+03  .37235600E+03  .41661880E+06  .23221460E+07 -.63456830E-01  .42120120E+04
 .96825040E+03  .35930760E+03  .36174930E+06  .23596030E+07 -.56283060E-01  .41987780E+04
 .97616180E+03  .34668320E+03  .30880530E+06  .23815760E+07 -.49212380E-01  .41892790E+04
 .98301460E+03  .33447940E+03  .25772330E+06  .23863580E+07 -.42153380E-01  .41825760E+04
 .98880460E+03  .32268970E+03  .20844080E+06  .23719140E+07 -.35030050E-01  .41780060E+04
 .99351600E+03  .31130600E+03  .16089610E+06  .23357970E+07 -.27750580E-01  .41754160E+04
 .99711240E+03  .30032030E+03  .11502910E+06  .22753530E+07 -.20116700E-01  .41754950E+04
 .99951480E+03  .28972780E+03  .70780380E+05  .21890620E+07 -.11752680E-01  .41802710E+04
 .10005730E+04  .27952970E+03  .28091040E+05  .20788240E+07 -.20807060E-02  .41938110E+04
 .10000320E+04  .26973820E+03 -.13098840E+05  .19524610E+07  .97336150E-02  .42232550E+04
 .11438460E-02  .46475850E+03  .81470010E+06  .11886580E-07 -.35370830E-04  .44564310E+04
 .15112700E+00  .46475850E+03  .27854270E+07  .10218990E-06 -.35370830E-04  .27326880E+04
 .66169510E+01  .46475850E+03  .27854270E+07  .25457010E+06 -.35648890E-02  .27326880E+04
 .64210170E+01  .47455820E+03  .28117250E+07  .26221330E+06 -.34344530E-02  .26369830E+04
 .62321190E+01  .48491900E+03  .28385880E+07  .27007550E+06 -.33133300E-02  .25508530E+04
 .60497780E+01  .49585260E+03  .28660470E+07  .27816130E+06 -.32000030E-02  .24742570E+04
 .58735980E+01  .50736570E+03  .28941340E+07  .28647220E+06 -.30931160E-02  .24070270E+04
 .57032510E+01  .51946030E+03  .29228820E+07  .29500680E+06 -.29914920E-02  .23488660E+04
 .55384710E+01  .53213320E+03  .29523240E+07  .30376070E+06 -.28941450E-02  .22993490E+04
 .53790420E+01  .54537710E+03  .29824920E+07  .31272740E+06 -.28002900E-02  .22579410E+04
 .52247850E+01  .55918120E+03  .30134170E+07  .32189890E+06 -.27093410E-02  .22240250E+04
 .50755490E+01  .57353220E+03  .30451300E+07  .33126660E+06 -.26208900E-02  .21969210E+04
 .49312030E+01  .58841500E+03  .30776620E+07  .34082190E+06 -.25346870E-02  .21759240E+04
 .47916250E+01  .60381410E+03  .31110430E+07  .35055660E+06 -.24506060E-02  .21603270E+04
 .46566960E+01  .61971410E+03  .31452990E+07  .36046370E+06 -.23686120E-02  .21494480E+04
 .45263010E+01  .63610050E+03  .31804600E+07  .37053760E+06 -.22887280E-02  .21426480E+04
 .45263010E+01  .63610050E+03  .31804600E+07  .37053760E+06 -.22887280E-02  .21426480E+04
 .42615840E+01  .67279250E+03  .32589720E+07  .39266790E+06 -.21249280E-02  .21391700E+04
 .40158950E+01  .71155390E+03  .33420130E+07  .41552340E+06 -.19716880E-02  .21470310E+04
 .37879420E+01  .75231330E+03  .34298250E+07  .43910320E+06 -.18293620E-02  .21627280E+04
 .35764120E+01  .79502920E+03  .35226460E+07  .46342160E+06 -.16979190E-02  .21838260E+04
 .33800200E+01  .83968300E+03  .36207090E+07  .48850250E+06 -.15770000E-02  .22086840E+04
 .31975340E+01  .88627250E+03  .37242470E+07  .51437610E+06 -.14660410E-02  .22361840E+04
 .30277980E+01  .93480800E+03  .38334930E+07  .54107880E+06 -.13643770E-02  .22655310E+04
 .28697390E+01  .98531030E+03  .39486800E+07  .56865300E+06 -.12713220E-02  .22960960E+04
 .27223630E+01  .10378100E+04  .40700470E+07  .59714960E+06 -.11862120E-02  .23273200E+04
 .25847550E+01  .10923480E+04  .41978360E+07  .62662970E+06 -.11084310E-02  .23586400E+04
 .24560690E+01  .11489810E+04  .43322940E+07  .65716850E+06 -.10374180E-02  .23894440E+04
