 .22509540E+04  .81470010E+06  .87424330E+03  .64912610E+04  .27854270E+07  .66169510E+01
 .10000000E+02  .15000000E+02  .20000000E+01  .14000000E+02  .11000000E+02  .84192620E+04
 .87424330E+03  .46475850E+03  .81470010E+06  .17827230E+07 -.11881900E+00  .44564310E+04
 .88078220E+03  .45893760E+03  .78883690E+06  .18277350E+07 -.11473650E+00  .44302690E+04
 .88709670E+03  .45315720E+03  .76329840E+06  .18711060E+07 -.11080560E+00  .44062710E+04
 .89319500E+03  .44741990E+03  .73808240E+06  .19128370E+07 -.10701420E+00  .43842240E+04
 .89908470E+03  .44172810E+03  .71318650E+06  .19529310E+07 -.10335130E+00  .43639450E+04
 .90477250E+03  .43608370E+03  .68860800E+06  .19913880E+07 -.99806570E-01  .43452760E+04
 .91026500E+03  .43048850E+03  .66434420E+06  .20282070E+07 -.96370540E-01  .43280860E+04
 .91556790E+03  .42494420E+03  .64039230E+06  .20633860E+07 -.93034360E-01  .43122590E+04
 .92068660E+03  .41945210E+03  .61674950E+06  .20969180E+07 -.89789770E-01  .42976980E+04
 .92562590E+03  .41401350E+03  .59341270E+06  .21287930E+07 -.86628970E-01  .42843190E+04
 .92562590E+03  .41401350E+03  .59341270E+06  .21287930E+07 -.86628970E-01  .42843190E+04
 .93800610E+03  .39971690E+03  .53238790E+06  .22058930E+07 -.78520390E-01  .42537640E+04
 .94920310E+03  .38582750E+03  .47347730E+06  .22705730E+07 -.70834170E-01  .42300030E+04
 .95927180E+03  .37235600E+03  .41661880E+06  .23221460E+07 -.63456830E-01  .42120120E+04
 .96825040E+03  .35930760E+03  .36174930E+06  .23596030E+07 -.56283060E-01  .41987780E+04
 .97616180E+03  .34668320E+03  .30880530E+06  .23815760E+07 -.49212380E-01  .41892790E+04
 .98301460E+03  .33447940E+03  .25772330E+06  .23863580E+07 -.42153380E-01  .41825760E+04
 .98880460E+03  .32268970E+03  .20844080E+06  .23719140E+07 -.35030050E-01  .41780060E+04
 .99351600E+03  .31130600E+03  .16089610E+06  .23357970E+07 -.27750580E-01  .41754160E+04
 .99711240E+03  .30032030E+03  .11502910E+06  .22753530E+07 -.20116700E-01  .41754950E+04
 .99951480E+03  .28972780E+03  .70780380E+05  .21890620E+07 -.11752680E-01  .41802710E+04
 .10005730E+04  .27952970E+03  .28091040E+05  .20788240E+07 -.20807060E-02  .41938110E+04
 .10000320E+04  .26973820E+03 -.13098840E+05  .19524610E+07  .97336150E-02  .42232550E+04
 .99749070E+03  .26038150E+03 -.52852130E+05  .18260680E+07  .24798770E-01  .42804860E+04
 .99237290E+03  .25151050E+03 -.91237540E+05  .17259840E+07  .44240880E-01  .43845280E+04
 .11438460E-02  .46475850E+03  .81470010E+06  .11886580E-07 -.35370830E-04  .44564310E+04
 .15112700E+00  .46475850E+03  .27854270E+07  .10218990E-06 -.35370830E-04  .27326880E+04
 .66169510E+01  .46475850E+03  .27854270E+07  .25457010E+06 -.35648890E-02  .27326880E+04
 .64210170E+01  .47455820E+03  .28117250E+07  .26221330E+06 -.34344530E-02  .26369830E+04
 .62321190E+01  .48491900E+03  .28385880E+07  .27007550E+06 -.33133300E-02  .25508530E+04
 .60497780E+01  .49585260E+03  .28660470E+07  .27816130E+06 -.32000030E-02  .24742570E+04
 .58735980E+01  .50736570E+03  .28941340E+07  .28647220E+06 -.30931160E-02  .24070270E+04
 .57032510E+01  .51946030E+03  .29228820E+07  .29500680E+06 -.29914920E-02  .23488660E+04
 .55384710E+01  .53213320E+03  .29523240E+07  .30376070E+06 -.28941450E-02  .22993490E+04
 .53790420E+01  .54537710E+03  .29824920E+07  .31272740E+06 -.28002900E-02  .22579410E+04
 .52247850E+01  .55918120E+03  .30134170E+07  .32189890E+06 -.27093410E-02  .22240250E+04
 .50755490E+01  .57353220E+03  .30451300E+07  .33126660E+06 -.26208900E-02  .21969210E+04
 .49312030E+01  .58841500E+03  .30776620E+07  .34082190E+06 -.25346870E-02  .21759240E+04
 .47916250E+01  .60381410E+03  .31110430E+07  .35055660E+06 -.24506060E-02  .21603270E+04
 .46566960E+01  .61971410E+03  .31452990E+07  .36046370E+06 -.23686120E-02  .21494480E+04
 .45263010E+01  .63610050E+03  .31804600E+07  .37053760E+06 -.22887280E-02  .21426480E+04
 .45263010E+01  .63610050E+03  .31804600E+07  .37053760E+06 -.22887280E-02  .21426480E+04
 .42615840E+01  .67279250E+03  .32589720E+07  .39266790E+06 -.21249280E-02  .21391700E+04
 .40158950E+01  .71155390E+03  .33420130E+07  .41552340E+06 -.19716880E-02  .21470310E+04
 .37879420E+01  .75231330E+03  .34298250E+07  .43910320E+06 -.18293620E-02  .21627280E+04
 .35764120E+01  .79502920E+03  .35226460E+07  .46342160E+06 -.16979190E-02  .21838260E+04
 .33800200E+01  .83968300E+03  .36207090E+07  .48850250E+06 -.15770000E-02  .22086840E+04
 .31975340E+01  .88627250E+03  .37242470E+07  .51437610E+06 -.14660410E-02  .22361840E+04
 .30277980E+01  .93480800E+03  .38334930E+07  .54107880E+06 -.13643770E-02  .22655310E+04
 .28697390E+01  .98531030E+03  .39486800E+07  .56865300E+06 -.12713220E-02  .22960960E+04
 .27223630E+01  .10378100E+04  .40700470E+07  .59714960E+06 -.11862120E-02  .23273200E+04
 .25847550E+01  .10923480E+04  .41978360E+07  .62662970E+06 -.11084310E-02  .23586400E+04
 .22962030E+04  .83599800E+06  .86887020E+03  .64551030E+04  .27886690E+07  .73019600E+01
 .10000000E+02  .15000000E+02  .20000000E+01  .14000000E+02  .11000000E+02  .83831040E+04
 .86887020E+03  .46951210E+03  .83599800E+06  .17464990E+07 -.12219880E+00  .44786550E+04
 .87559460E+03  .46365950E+03  .80986940E+06  .17928200E+07 -.11798740E+00  .44506120E+04
 .88208780E+03  .45784510E+03  .78406740E+06  .18374990E+07 -.11393800E+00  .44249260E+04
 .88835850E+03  .45207180E+03  .75858990E+06  .18805370E+07 -.11003740E+00  .44013550E+04
 .89441460E+03  .44634220E+03  .73343460E+06  .19219360E+07 -.10627390E+00  .43796940E+04
 .90026350E+03  .44065840E+03  .70859880E+06  .19616980E+07 -.10263660E+00  .43597650E+04
 .90591200E+03  .43502250E+03  .68407990E+06  .19998250E+07 -.99115410E-01  .43414160E+04
 .91136640E+03  .42943620E+03  .65987530E+06  .20363140E+07 -.95701040E-01  .43245190E+04
 .91663230E+03  .42390110E+03  .63598210E+06  .20711620E+07 -.92384750E-01  .43089620E+04
 .92171510E+03  .41841850E+03  .61239740E+06  .21043620E+07 -.89158390E-01  .42946520E+04
 .92171510E+03  .41841850E+03  .61239740E+06  .21043620E+07 -.89158390E-01  .42946520E+04
 .93446310E+03  .40400030E+03  .55072090E+06  .21850780E+07 -.80901820E-01  .42618670E+04
 .94600860E+03  .38998520E+03  .49117720E+06  .22535300E+07 -.73103850E-01  .42361950E+04
 .95641140E+03  .37638540E+03  .43370460E+06  .23091160E+07 -.65647550E-01  .42165860E+04
 .96571460E+03  .36320780E+03  .37824040E+06  .23509270E+07 -.58425900E-01  .42020330E+04
 .97394570E+03  .35045450E+03  .32472100E+06  .23777040E+07 -.51337090E-01  .41915130E+04
 .98111760E+03  .33812320E+03  .27308300E+06  .23878330E+07 -.44286140E-01  .41840450E+04
 .98722950E+03  .32620830E+03  .22326330E+06  .23793790E+07 -.37193050E-01  .41788630E+04
 .99226950E+03  .31470200E+03  .17520000E+06  .23500220E+07 -.29978520E-01  .41756260E+04
 .99620950E+03  .30359580E+03  .12883260E+06  .22970870E+07 -.22487160E-01  .41747200E+04
 .99898630E+03  .29288380E+03  .84101580E+05  .22184880E+07 -.14400170E-01  .41776910E+04
 .10004740E+04  .28256480E+03  .40947880E+05  .21148270E+07 -.52040800E-02  .41878850E+04
 .10004550E+04  .27264690E+03 -.68788350E+03  .19918760E+07  .58519920E-02  .42113430E+04
 .99857430E+03  .26315300E+03 -.40867360E+05  .18630200E+07  .19805800E-01  .42582550E+04
 .99430870E+03  .25412590E+03 -.79657070E+05  .17513330E+07  .37837720E-01  .43451560E+04
 .11509200E-02  .46951210E+03  .83599800E+06  .10065790E-07 -.32652530E-04  .44786550E+04
 .13694950E+00  .46951210E+03  .27886690E+07  .83713590E-07 -.32652530E-04  .27939190E+04
 .73019600E+01  .46951210E+03  .27886690E+07  .25515830E+06 -.39490870E-02  .27939190E+04
 .70849650E+01  .47920160E+03  .28152300E+07  .26286970E+06 -.38026880E-02  .26912910E+04
 .68758600E+01  .48945970E+03  .28423500E+07  .27080150E+06 -.36670090E-02  .25987490E+04
 .66740930E+01  .50029970E+03  .28700610E+07  .27895870E+06 -.35403120E-02  .25162700E+04
 .64792060E+01  .51173000E+03  .28983950E+07  .28734300E+06 -.34210370E-02  .24437000E+04
 .62908230E+01  .52375350E+03  .29273850E+07  .29595300E+06 -.33078200E-02  .23807490E+04
 .61086390E+01  .53636790E+03  .29570660E+07  .30478410E+06 -.31995140E-02  .23269920E+04
 .59324040E+01  .54956630E+03  .29874690E+07  .31382940E+06 -.30951970E-02  .22818840E+04
 .57619150E+01  .56333770E+03  .30186280E+07  .32308060E+06 -.29941750E-02  .22447810E+04
 .55970040E+01  .57766820E+03  .30505740E+07  .33252820E+06 -.28959620E-02  .22149710E+04
 .54375210E+01  .59254200E+03  .30833370E+07  .34216300E+06 -.28002570E-02  .21917060E+04
 .52833310E+01  .60794250E+03  .31169480E+07  .35197620E+06 -.27069080E-02  .21742300E+04
 .51343040E+01  .62385320E+03  .31514360E+07  .36196030E+06 -.26158710E-02  .21618110E+04
 .49903100E+01  .64025830E+03  .31868290E+07  .37210930E+06 -.25271730E-02  .21537580E+04
 .49903100E+01  .64025830E+03  .31868290E+07  .37210930E+06 -.25271730E-02  .21537580E+04
 .46980750E+01  .67701230E+03  .32658440E+07  .39439260E+06 -.23453100E-02  .21483510E+04
 .44269630E+01  .71585770E+03  .33493960E+07  .41738930E+06 -.21752390E-02  .21550010E+04
 .41755280E+01  .75671640E+03  .34377300E+07  .44109950E+06 -.20173990E-02  .21699180E+04
 .39422980E+01  .79954230E+03  .35310860E+07  .46553870E+06 -.18717710E-02  .21904840E+04
 .37258310E+01  .84431440E+03  .36296980E+07  .49073270E+06 -.17379470E-02  .22149440E+04
 .35247450E+01  .89102930E+03  .37337990E+07  .51671390E+06 -.16152790E-02  .22421140E+04
 .33377480E+01  .93969700E+03  .38436230E+07  .54352060E+06 -.15030030E-02  .22711590E+04
 .31636400E+01  .99033840E+03  .39594060E+07  .57119730E+06 -.14003310E-02  .23014310E+04
 .30013150E+01  .10429850E+04  .40813850E+07  .59979660E+06 -.13065050E-02  .23323530E+04
 .28497530E+01  .10976780E+04  .42098040E+07  .62938210E+06 -.12208220E-02  .23633520E+04
 .23379100E+04  .85583310E+06  .86378810E+03  .64220320E+04  .27913950E+07  .79870550E+01
 .10000000E+02  .15000000E+02  .20000000E+01  .14000000E+02  .11000000E+02  .83500320E+04
 .86378810E+03  .47391740E+03  .85583310E+06  .17122940E+07 -.12540750E+00  .45005330E+04
 .87068860E+03  .46803720E+03  .82945860E+06  .17598190E+07 -.12107000E+00  .44706080E+04
 .87735110E+03  .46219300E+03  .80341230E+06  .18057030E+07 -.11690440E+00  .44432380E+04
 .88378490E+03  .45638780E+03  .77769220E+06  .18499450E+07 -.11289700E+00  .44181540E+04
 .88999830E+03  .45062440E+03  .75229610E+06  .18925460E+07 -.10903500E+00  .43951250E+04
 .89599930E+03  .44490540E+03  .72722140E+06  .19335100E+07 -.10530700E+00  .43739530E+04
 .90179500E+03  .43923280E+03  .70246580E+06  .19728380E+07 -.10170240E+00  .43544690E+04
 .90739210E+03  .43360860E+03  .67802640E+06  .20105310E+07 -.98211300E-01  .43365270E+04
 .91279660E+03  .42803450E+03  .65390070E+06  .20465860E+07 -.94824550E-01  .43200040E+04
 .91801420E+03  .42251190E+03  .63008560E+06  .20809980E+07 -.91533610E-01  .43047940E+04
 .91801420E+03  .42251190E+03  .63008560E+06  .20809980E+07 -.91533610E-01  .43047940E+04
 .93110710E+03  .40798280E+03  .56780340E+06  .21650150E+07 -.83130580E-01  .42698620E+04
 .94297800E+03  .39385260E+03  .50767080E+06  .22368910E+07 -.75220700E-01  .42423530E+04
 .95369180E+03  .38013500E+03  .44962700E+06  .22960990E+07 -.67683400E-01  .42211780E+04
 .96329620E+03  .36683830E+03  .39360930E+06  .23418200E+07 -.60409650E-01  .42053320E+04
 .97182280E+03  .35396580E+03  .33955430E+06  .23728930E+07 -.53296570E-01  .41937950E+04
 .97928830E+03  .34151650E+03  .28739840E+06  .23877950E+07 -.46246720E-01  .41855630E+04
 .98569570E+03  .32948550E+03  .23707840E+06  .23846790E+07 -.39175630E-01  .41797900E+04
 .99103630E+03  .31786530E+03  .18853220E+06  .23613370E+07 -.32008870E-01  .41759920E+04
 .99528770E+03  .30664760E+03  .14169870E+06  .23151490E+07 -.24622950E-01  .41743080E+04
 .99839910E+03  .29582520E+03  .96518150E+05  .22436850E+07 -.16749940E-01  .41758960E+04
 .10002660E+04  .28539530E+03  .52931530E+05  .21465470E+07 -.79325370E-02  .41835110E+04
 .10006980E+04  .27536290E+03  .10879710E+05  .20278170E+07  .25078810E-02  .42023020E+04
 .99938460E+03  .26574590E+03 -.29698090E+05  .18985390E+07  .15532710E-01  .42410790E+04
 .99584990E+03  .25658090E+03 -.68866630E+05  .17789300E+07  .32323860E-01  .43143000E+04
 .11576910E-02  .47391740E+03  .85583310E+06  .86602770E-08 -.30372480E-04  .45005330E+04
 .12520260E+00  .47391740E+03  .27913950E+07  .69849600E-07 -.30372480E-04  .28535080E+04
 .79870550E+01  .47391740E+03  .27913950E+07  .25559730E+06 -.43367700E-02  .28535080E+04
 .77488180E+01  .48349930E+03  .28182000E+07  .26337320E+06 -.41739010E-02  .27442080E+04
 .75193510E+01  .49365630E+03  .28455580E+07  .27137060E+06 -.40232340E-02  .26454830E+04
 .72980250E+01  .50440300E+03  .28735010E+07  .27959490E+06 -.38827990E-02  .25573210E+04
 .70843190E+01  .51574940E+03  .29020620E+07  .28804810E+06 -.37508240E-02  .24795790E+04
 .68778040E+01  .52769930E+03  .29312760E+07  .29672870E+06 -.36257530E-02  .24119760E+04
 .66781310E+01  .54025170E+03  .29611760E+07  .30563220E+06 -.35062660E-02  .23540860E+04
 .64850180E+01  .55339990E+03  .29917950E+07  .31475120E+06 -.33912990E-02  .23053560E+04
 .62982360E+01  .56713300E+03  .30231670E+07  .32407690E+06 -.32800420E-02  .22651240E+04
 .61175950E+01  .58143680E+03  .30553250E+07  .33359920E+06 -.31719240E-02  .22326470E+04
 .59429290E+01  .59629490E+03  .30882990E+07  .34330840E+06 -.30665890E-02  .22071380E+04
 .57740880E+01  .61168950E+03  .31221200E+07  .35319500E+06 -.29638530E-02  .21877980E+04
 .56109290E+01  .62760330E+03  .31568170E+07  .36325110E+06 -.28636610E-02  .21738460E+04
 .54533100E+01  .64401920E+03  .31924210E+07  .37347000E+06 -.27660430E-02  .21645440E+04
 .54533100E+01  .64401920E+03  .31924210E+07  .37347000E+06 -.27660430E-02  .21645440E+04
 .51335190E+01  .68081760E+03  .32718890E+07  .39589540E+06 -.25659110E-02  .21572080E+04
 .48369690E+01  .71972880E+03  .33559010E+07  .41902310E+06 -.23788310E-02  .21626370E+04
 .45620560E+01  .76066790E+03  .34447050E+07  .44285330E+06 -.22053340E-02  .21767650E+04
 .43071450E+01  .80358470E+03  .35385410E+07  .46740310E+06 -.20454120E-02  .21967870E+04
 .40706320E+01  .84845570E+03  .36376440E+07  .49270030E+06 -.18986070E-02  .22208360E+04
 .38509840E+01  .89527620E+03  .37422480E+07  .51877910E+06 -.17641800E-02  .22476650E+04
 .36467680E+01  .94405620E+03  .38525880E+07  .54567960E+06 -.16412630E-02  .22764010E+04
 .34566560E+01  .99481650E+03  .39689010E+07  .57344840E+06 -.15289630E-02  .23063740E+04
 .32794270E+01  .10475890E+04  .40914250E+07  .60213990E+06 -.14264210E-02  .23369940E+04
 .31139570E+01  .11024160E+04  .42204040E+07  .63181950E+06 -.13328470E-02  .23676770E+04
 .23766440E+04  .87443180E+06  .85895400E+03  .63915210E+04  .27936890E+07  .86726410E+01
 .10000000E+02  .15000000E+02  .20000000E+01  .14000000E+02  .11000000E+02  .83195210E+04
 .85895400E+03  .47802800E+03  .87443180E+06  .16798370E+07 -.12847250E+00  .45221460E+04
 .86602260E+03  .47212390E+03  .84782780E+06  .17284760E+07 -.12401090E+00  .44903310E+04
 .87284660E+03  .46625330E+03  .82155330E+06  .17754760E+07 -.11973130E+00  .44612750E+04
 .87943570E+03  .46041970E+03  .79560670E+06  .18208350E+07 -.11561900E+00  .44346810E+04
 .88579880E+03  .45462610E+03  .76998560E+06  .18645530E+07 -.11166040E+00  .44102920E+04
 .89194430E+03  .44887530E+03  .74468780E+06  .19066320E+07 -.10784340E+00  .43878910E+04
 .89787970E+03  .44316940E+03  .71971070E+06  .19470740E+07 -.10415680E+00  .43672870E+04
 .90361210E+03  .43751070E+03  .69505190E+06  .19858810E+07 -.10059030E+00  .43483190E+04
 .90914790E+03  .43190100E+03  .67070860E+06  .20230530E+07 -.97134140E-01  .43308520E+04
 .91449300E+03  .42634190E+03  .64667800E+06  .20585870E+07 -.93779540E-01  .43147650E+04
 .91449300E+03  .42634190E+03  .64667800E+06  .20585870E+07 -.93779540E-01  .43147650E+04
 .92791140E+03  .41171090E+03  .58382890E+06  .21456440E+07 -.85231580E-01  .42777560E+04
 .94008880E+03  .39747460E+03  .52314500E+06  .22206590E+07 -.77209930E-01  .42484740E+04
 .95109450E+03  .38364790E+03  .46456600E+06  .22831720E+07 -.69590200E-01  .42257820E+04
 .96098030E+03  .37024070E+03  .40802970E+06  .23324420E+07 -.62261200E-01  .42086690E+04
 .96978220E+03  .35725740E+03  .35347260E+06  .23673970E+07 -.55118960E-01  .41961230E+04
 .97752040E+03  .34469800E+03  .30083120E+06  .23866050E+07 -.48064370E-01  .41871250E+04
 .98420140E+03  .33255850E+03  .25004220E+06  .23882950E+07 -.41008890E-01  .41807710E+04
 .98981930E+03  .32083190E+03  .20104300E+06  .23703600E+07 -.33878440E-01  .41764620E+04
 .99435630E+03  .30950990E+03  .15377240E+06  .23302650E+07 -.26571820E-01  .41741420E+04
 .99777120E+03  .29858490E+03  .10817020E+06  .22653960E+07 -.18865750E-01  .41746460E+04
 .99997610E+03  .28805230E+03  .64177340E+05  .21745960E+07 -.10353490E-01  .41802360E+04
 .10008070E+04  .27791480E+03  .21734800E+05  .20605480E+07 -.41880490E-03  .41953260E+04
 .99998680E+03  .26818620E+03 -.19217520E+05  .19322710E+07  .11825020E-01  .42275840E+04
 .99708610E+03  .25889750E+03 -.58743020E+05  .18074460E+07  .27529920E-01  .42897300E+04
 .11642070E-02  .47802800E+03  .87443180E+06  .75496280E-08 -.28429490E-04  .45221460E+04
 .11530510E+00  .47802800E+03  .27936890E+07  .59177090E-07 -.28429490E-04  .29117010E+04
 .86726410E+01  .47802800E+03  .27936890E+07  .25591300E+06 -.47282030E-02  .29117010E+04
 .84129680E+01  .48750530E+03  .28207210E+07  .26375000E+06 -.45483460E-02  .27959380E+04
 .81629700E+01  .49756280E+03  .28483000E+07  .27180950E+06 -.43822460E-02  .26912240E+04
 .79219410E+01  .50821690E+03  .28764590E+07  .28009730E+06 -.42276940E-02  .25975530E+04
 .76892900E+01  .51947860E+03  .29052320E+07  .28861560E+06 -.40826960E-02  .25147890E+04
 .74645330E+01  .53135350E+03  .29346520E+07  .29736290E+06 -.39454950E-02  .24426550E+04
 .72472770E+01  .54384110E+03  .29647550E+07  .30633460E+06 -.38145950E-02  .23807280E+04
 .70372040E+01  .55693540E+03  .29955740E+07  .31552300E+06 -.36887800E-02  .23284480E+04
 .68340560E+01  .57062580E+03  .30271430E+07  .32491880E+06 -.35671150E-02  .22851360E+04
 .66376220E+01  .58489780E+03  .30594950E+07  .33451160E+06 -.34489420E-02  .22500250E+04
 .64477180E+01  .59973440E+03  .30926620E+07  .34429070E+06 -.33338410E-02  .22222930E+04
 .62641790E+01  .61511720E+03  .31266750E+07  .35424630E+06 -.32215930E-02  .22011000E+04
 .60868470E+01  .63102760E+03  .31615650E+07  .36437000E+06 -.31121300E-02  .21856200E+04
 .59155670E+01  .64744780E+03  .31973600E+07  .37465460E+06 -.30054820E-02  .21750700E+04
 .59155670E+01  .64744780E+03  .31973600E+07  .37465460E+06 -.30054820E-02  .21750700E+04
 .55681650E+01  .68427580E+03  .32772420E+07  .39721320E+06 -.27868650E-02  .21657970E+04
 .52461460E+01  .72323760E+03  .33616720E+07  .42046290E+06 -.25825940E-02  .21699980E+04
 .49477430E+01  .76424160E+03  .34509000E+07  .44440440E+06 -.23932890E-02  .21833240E+04
 .46711560E+01  .80723330E+03  .35451690E+07  .46905650E+06 -.22189570E-02  .22027920E+04
 .44146150E+01  .85218700E+03  .36447150E+07  .49444840E+06 -.20590860E-02  .22264210E+04
 .41764310E+01  .89909690E+03  .37497720E+07  .52061640E+06 -.19128440E-02  .22529000E+04
 .39550260E+01  .94797240E+03  .38605760E+07  .54760240E+06 -.17792520E-02  .22813210E+04
 .37489440E+01  .99883450E+03  .39773650E+07  .57545460E+06 -.16573050E-02  .23109910E+04
 .35568460E+01  .10517150E+04  .41003770E+07  .60422940E+06 -.15460420E-02  .23413090E+04
 .33775020E+01  .11066590E+04  .42298590E+07  .63399380E+06 -.14445790E-02  .23716790E+04
 .24128450E+04  .89197040E+06  .85433420E+03  .63631650E+04  .27956150E+07  .93590610E+01
 .10000000E+02  .15000000E+02  .20000000E+01  .14000000E+02  .11000000E+02  .82911650E+04
 .85433420E+03  .48188610E+03  .89197040E+06  .16489100E+07 -.13141490E+00  .45435590E+04
 .86156410E+03  .47596100E+03  .86515080E+06  .16985850E+07 -.12683100E+00  .45098410E+04
 .86854280E+03  .47006710E+03  .83866220E+06  .17466260E+07 -.12243910E+00  .44790930E+04
 .87528060E+03  .46420810E+03  .81250260E+06  .17930280E+07 -.11822350E+00  .44509870E+04
 .88178690E+03  .45838730E+03  .78667010E+06  .18377880E+07 -.11417000E+00  .44252430E+04
 .88807040E+03  .45260750E+03  .76116250E+06  .18809090E+07 -.11026540E+00  .44016170E+04
 .89413920E+03  .44687140E+03  .73597730E+06  .19223910E+07 -.10649820E+00  .43799040E+04
 .90000060E+03  .44118110E+03  .71111210E+06  .19622380E+07 -.10285730E+00  .43599250E+04
 .90566140E+03  .43553870E+03  .68656410E+06  .20004510E+07 -.99332830E-01  .43415290E+04
 .91112790E+03  .42994590E+03  .66233080E+06  .20370280E+07 -.95915420E-01  .43245850E+04
 .91112790E+03  .42994590E+03  .66233080E+06  .20370280E+07 -.95915420E-01  .43245850E+04
 .92485550E+03  .41522090E+03  .59894800E+06  .21269080E+07 -.87223980E-01  .42855550E+04
 .93732290E+03  .40088600E+03  .53774500E+06  .22048270E+07 -.79090860E-01  .42545570E+04
 .94860420E+03  .38695790E+03  .47866190E+06  .22703800E+07 -.71387780E-01  .42303930E+04
 .95875510E+03  .37344740E+03  .42163680E+06  .23228990E+07 -.64001140E-01  .42120400E+04
 .96781510E+03  .36036040E+03  .36660650E+06  .23613950E+07 -.56825810E-01  .41984920E+04
 .97580830E+03  .34769780E+03  .31350740E+06  .23845200E+07 -.49761500E-01  .41887260E+04
 .98274450E+03  .33545640E+03  .26227610E+06  .23905790E+07 -.42716360E-01  .41817940E+04
 .98862040E+03  .32362980E+03  .21284970E+06  .23775460E+07 -.35614200E-01  .41770070E+04
 .99342180E+03  .31220980E+03  .16516680E+06  .23429870E+07 -.28368320E-01  .41741460E+04
 .99711480E+03  .30118840E+03  .11916690E+06  .22842070E+07 -.20793550E-01  .41737810E+04
 .99962570E+03  .29056010E+03  .74790620E+05  .21994920E+07 -.12529610E-01  .41777580E+04
 .10008120E+04  .28032520E+03  .31979170E+05  .20903610E+07 -.30146990E-02  .41898700E+04
 .10004270E+04  .27049420E+03 -.93271090E+04  .19640800E+07  .85683230E-02  .42168350E+04
 .99808260E+03  .26109320E+03 -.49190550E+05  .18360650E+07  .23323730E-01  .42698980E+04
 .11705020E-02  .48188610E+03  .89197040E+06  .66546700E-08 -.26751720E-04  .45435590E+04
 .10684830E+00  .48188610E+03  .27956150E+07  .50783980E-07 -.26751720E-04  .29687070E+04
 .93590610E+01  .48188610E+03  .27956150E+07  .25612540E+06 -.51236110E-02  .29687070E+04
 .90777440E+01  .49126140E+03  .28228610E+07  .26402060E+06 -.49262350E-02  .28466490E+04
 .88070350E+01  .50122120E+03  .28506480E+07  .27213920E+06 -.47442480E-02  .27361110E+04
 .85461460E+01  .51178340E+03  .28790090E+07  .28048720E+06 -.45751900E-02  .26370830E+04
 .82944150E+01  .52296050E+03  .29079790E+07  .28906720E+06 -.44168350E-02  .25494280E+04
 .80512970E+01  .53475900E+03  .29375920E+07  .29787770E+06 -.42672210E-02  .24728720E+04
 .78163540E+01  .54717970E+03  .29678830E+07  .30691390E+06 -.41246650E-02  .24069940E+04
 .75892290E+01  .56021720E+03  .29988880E+07  .31616800E+06 -.39877930E-02  .23512270E+04
 .73696350E+01  .57386130E+03  .30306390E+07  .32563030E+06 -.38555420E-02  .23048800E+04
 .71573360E+01  .58809720E+03  .30631710E+07  .33528960E+06 -.37271550E-02  .22671630E+04
 .69521310E+01  .60290760E+03  .30965170E+07  .34513490E+06 -.36021460E-02  .22372250E+04
 .67538380E+01  .61827340E+03  .31307070E+07  .35515580E+06 -.34802570E-02  .22141880E+04
 .65622850E+01  .63417520E+03  .31657730E+07  .36534330E+06 -.33614010E-02  .21971830E+04
 .63773040E+01  .65059410E+03  .32017450E+07  .37568990E+06 -.32456100E-02  .21853830E+04
 .63773040E+01  .65059410E+03  .32017450E+07  .37568990E+06 -.32456100E-02  .21853830E+04
 .60022210E+01  .68743920E+03  .32820040E+07  .39837390E+06 -.30082870E-02  .21741660E+04
 .56546870E+01  .72643850E+03  .33668160E+07  .42173820E+06 -.27866330E-02  .21771260E+04
 .53327730E+01  .76749410E+03  .34564320E+07  .44578380E+06 -.25813650E-02  .21896410E+04
 .50345030E+01  .81054740E+03  .35510940E+07  .47053090E+06 -.23925020E-02  .22085450E+04
 .47579380E+01  .85557010E+03  .36510420E+07  .49601040E+06 -.22194750E-02  .22317460E+04
 .45012330E+01  .90255540E+03  .37565100E+07  .52226040E+06 -.20613550E-02  .22578680E+04
 .42626610E+01  .95151230E+03  .38677340E+07  .54932470E+06 -.19170460E-02  .22859680E+04
 .40406340E+01  .10024620E+04  .39849520E+07  .57725310E+06 -.17854280E-02  .23153330E+04
 .38336940E+01  .10554370E+04  .41084060E+07  .60610350E+06 -.16654320E-02  .23453480E+04
 .36405050E+01  .11104820E+04  .42383400E+07  .63594480E+06 -.15560790E-02  .23754090E+04
 .24468620E+04  .90858880E+06  .84990160E+03  .63366500E+04  .27972250E+07  .10046600E+02
 .10000000E+02  .15000000E+02  .20000000E+01  .14000000E+02  .11000000E+02  .82646500E+04
 .84990160E+03  .48552470E+03  .90858880E+06  .16193370E+07 -.13425140E+00  .45648250E+04
 .85728690E+03  .47958140E+03  .88156590E+06  .16699800E+07 -.12954670E+00  .45291890E+04
 .86441460E+03  .47366680E+03  .85487510E+06  .17189970E+07 -.12504410E+00  .44967390E+04
 .87129530E+03  .46778500E+03  .82851460E+06  .17663760E+07 -.12072670E+00  .44671160E+04
 .87793910E+03  .46193950E+03  .80248250E+06  .18121140E+07 -.11657950E+00  .44400140E+04
 .88435510E+03  .45613350E+03  .77677660E+06  .18562130E+07 -.11258870E+00  .44151680E+04
 .89055180E+03  .45036960E+03  .75139480E+06  .18986720E+07 -.10874190E+00  .43923520E+04
 .89653670E+03  .44465030E+03  .72633440E+06  .19394950E+07 -.10502780E+00  .43713710E+04
 .90231710E+03  .43897780E+03  .70159310E+06  .19786840E+07 -.10143590E+00  .43520580E+04
 .90789960E+03  .43335390E+03  .67716800E+06  .20162390E+07 -.97956420E-01  .43342710E+04
 .90789960E+03  .43335390E+03  .67716800E+06  .20162390E+07 -.97956420E-01  .43342710E+04
 .92192220E+03  .41854140E+03  .61328060E+06  .21087580E+07 -.89122890E-01  .42932660E+04
 .93466590E+03  .40411470E+03  .55158630E+06  .21893790E+07 -.80878720E-01  .42606010E+04
 .94620870E+03  .39009160E+03  .49202590E+06  .22577510E+07 -.73091660E-01  .42350060E+04
 .95661040E+03  .37648440E+03  .43453800E+06  .23132690E+07 -.65645540E-01  .42154400E+04
 .96591410E+03  .36329980E+03  .37905950E+06  .23550190E+07 -.58433960E-01  .42009000E+04
 .97414730E+03  .35053990E+03  .32552680E+06  .23817340E+07 -.51355700E-01  .41903640E+04
 .98132280E+03  .33820220E+03  .27387640E+06  .23917910E+07 -.44316360E-01  .41828550E+04
 .98744010E+03  .32628120E+03  .22404530E+06  .23832380E+07 -.37236570E-01  .41776070E+04
 .99248790E+03  .31476870E+03  .17597160E+06  .23537360E+07 -.30038130E-01  .41742720E+04
 .99643830E+03  .30365650E+03  .12959470E+06  .23005860E+07 -.22567420E-01  .41731960E+04
 .99922890E+03  .29293810E+03  .84855010E+05  .22216660E+07 -.14507110E-01  .41758690E+04
 .10007360E+04  .28261220E+03  .41693670E+05  .21175390E+07 -.53437680E-02  .41855560E+04
 .10007400E+04  .27268640E+03  .51377660E+02  .19939490E+07  .56765270E-02  .42081690E+04
 .99888780E+03  .26318260E+03 -.40133310E+05  .18642790E+07  .19601590E-01  .42537030E+04
 .11766070E-02  .48552470E+03  .90858880E+06  .59214730E-08 -.25286600E-04  .45648250E+04
 .99536130E-01  .48552470E+03  .27972250E+07  .44062740E-07 -.25286600E-04  .30247000E+04
 .10046600E+02  .48552470E+03  .27972250E+07  .25625000E+06 -.55231880E-02  .30247000E+04
 .97434230E+01  .49480050E+03  .28246720E+07  .26420070E+06 -.53077520E-02  .28964850E+04
 .94518160E+01  .50466460E+03  .28526540E+07  .27237560E+06 -.51094150E-02  .27802610E+04
 .91709000E+01  .51513590E+03  .28812050E+07  .28078110E+06 -.49254520E-02  .26760050E+04
 .88999430E+01  .52622840E+03  .29103610E+07  .28941980E+06 -.47534010E-02  .25835750E+04
 .86383380E+01  .53795000E+03  .29401550E+07  .29829040E+06 -.45910800E-02  .25026960E+04
 .83855950E+01  .55030210E+03  .29706230E+07  .30738800E+06 -.44366160E-02  .24329440E+04
 .81413190E+01  .56328050E+03  .30018000E+07  .31670460E+06 -.42884710E-02  .23737480E+04
 .79051910E+01  .57687510E+03  .30337220E+07  .32622990E+06 -.41454460E-02  .23244060E+04
 .76769500E+01  .59107140E+03  .30664210E+07  .33595250E+06 -.40066810E-02  .22841110E+04
 .74563740E+01  .60585160E+03  .30999330E+07  .34586070E+06 -.38716170E-02  .22519800E+04
 .72432660E+01  .62119600E+03  .31342870E+07  .35594360E+06 -.37399520E-02  .22271040E+04
 .70374380E+01  .63708450E+03  .31695170E+07  .36619160E+06 -.36115800E-02  .22085740E+04
 .68387070E+01  .65349710E+03  .32056510E+07  .37659700E+06 -.34865280E-02  .21955220E+04
 .68387070E+01  .65349710E+03  .32056510E+07  .37659700E+06 -.34865280E-02  .21955220E+04
 .64358630E+01  .69034870E+03  .32862590E+07  .39939980E+06 -.32302730E-02  .21823500E+04
 .60627600E+01  .72937450E+03  .33714210E+07  .42287210E+06 -.29910410E-02  .21840580E+04
 .57172990E+01  .77047040E+03  .34613920E+07  .44701550E+06 -.27696480E-02  .21957510E+04
 .53973280E+01  .81357360E+03  .35564140E+07  .47185130E+06 -.25661270E-02  .22140820E+04
 .51007380E+01  .85865350E+03  .36567280E+07  .49741230E+06 -.23798500E-02  .22368460E+04
 .48255160E+01  .90570230E+03  .37625700E+07  .52373830E+06 -.22097830E-02  .22626060E+04
 .45697900E+01  .95472860E+03  .38741760E+07  .55087460E+06 -.20547110E-02  .22903810E+04
 .43318350E+01  .10057540E+04  .39917850E+07  .57887290E+06 -.19133930E-02  .23194380E+04
 .41100730E+01  .10588100E+04  .41156380E+07  .60779240E+06 -.17846480E-02  .23491510E+04
 .39030600E+01  .11139440E+04  .42459820E+07  .63770380E+06 -.16673990E-02  .23789070E+04
 .24789740E+04  .92440020E+06  .84563390E+03  .63117250E+04  .27985590E+07  .10735520E+02
 .10000000E+02  .15000000E+02  .20000000E+01  .14000000E+02  .11000000E+02  .82397260E+04
 .84563390E+03  .48897090E+03  .92440020E+06  .15909750E+07 -.13699590E+00  .45859880E+04
 .85316950E+03  .48301160E+03  .89718480E+06  .16425250E+07 -.13217160E+00  .45484170E+04
 .86044100E+03  .47707870E+03  .87030240E+06  .16924570E+07 -.12755940E+00  .45142500E+04
 .86745980E+03  .47117650E+03  .84375140E+06  .17407560E+07 -.12314150E+00  .44831030E+04
 .87423620E+03  .46530870E+03  .81753000E+06  .17874170E+07 -.11890170E+00  .44546390E+04
 .88077980E+03  .45947850E+03  .79163620E+06  .18324380E+07 -.11482580E+00  .44285720E+04
 .88709950E+03  .45368920E+03  .76606770E+06  .18758190E+07 -.11090050E+00  .44046560E+04
 .89320320E+03  .44794310E+03  .74082220E+06  .19175620E+07 -.10711410E+00  .43826780E+04
 .89909860E+03  .44224260E+03  .71589720E+06  .19576710E+07 -.10345560E+00  .43624580E+04
 .90479250E+03  .43658980E+03  .69129010E+06  .19961470E+07 -.99914760E-01  .43438380E+04
 .90479250E+03  .43658980E+03  .69129010E+06  .19961470E+07 -.99914760E-01  .43438380E+04
 .91909800E+03  .42169580E+03  .62692330E+06  .20911460E+07 -.90940460E-01  .43008960E+04
 .93210560E+03  .40718300E+03  .56476230E+06  .21742980E+07 -.82585700E-01  .42666060E+04
 .94389780E+03  .39307070E+03  .50474840E+06  .22452990E+07 -.74714250E-01  .42396190E+04
 .95453800E+03  .37937230E+03  .44682040E+06  .23036030E+07 -.67207240E-01  .42188640E+04
 .96407280E+03  .36609560E+03  .39091560E+06  .23483630E+07 -.59956830E-01  .42033430E+04
 .97253280E+03  .35324370E+03  .33697040E+06  .23783900E+07 -.52861020E-01  .41920380E+04
 .97993400E+03  .34081480E+03  .28492130E+06  .23921300E+07 -.45823490E-01  .41839500E+04
 .98627860E+03  .32880410E+03  .23470510E+06  .23876990E+07 -.38761410E-01  .41782520E+04
 .99155760E+03  .31720380E+03  .18625950E+06  .23628450E+07 -.31600770E-01  .41744870E+04
 .99574770E+03  .30600550E+03  .13952380E+06  .23149050E+07 -.24213160E-01  .41728140E+04
 .99879660E+03  .29520200E+03  .94438180E+05  .22414820E+07 -.16320860E-01  .41744210E+04
 .10005960E+04  .28479050E+03  .50943650E+05  .21423480E+07 -.74542370E-02  .41821130E+04
 .10009500E+04  .27477630E+03  .89811780E+04  .20219270E+07  .30838140E-02  .42011130E+04
 .99953800E+03  .26517760E+03 -.31509990E+05  .18917780E+07  .16281460E-01  .42403420E+04
 .11825450E-02  .48897090E+03  .92440020E+06  .53122020E-08 -.23994820E-04  .45859880E+04
 .93148730E-01  .48897090E+03  .27985590E+07  .38595900E-07 -.23994820E-04  .30798340E+04
 .10735520E+02  .48897090E+03  .27985590E+07  .25629910E+06 -.59271070E-02  .30798340E+04
 .10410250E+02  .49814950E+03  .28261950E+07  .26430300E+06 -.56930580E-02  .29455710E+04
 .10097540E+02  .50791960E+03  .28543630E+07  .27253170E+06 -.54778990E-02  .28237740E+04
 .97964290E+01  .51830120E+03  .28830940E+07  .28099200E+06 -.52786260E-02  .27144000E+04
 .95060920E+01  .52930950E+03  .29124240E+07  .28968680E+06 -.50925290E-02  .26172970E+04
 .92258650E+01  .54095360E+03  .29423880E+07  .29861480E+06 -.49172000E-02  .25321820E+04
 .89552040E+01  .55323600E+03  .29730230E+07  .30777110E+06 -.47505710E-02  .24586270E+04
 .86936710E+01  .56615330E+03  .30043630E+07  .31714720E+06 -.45909290E-02  .23960560E+04
 .84409140E+01  .57969600E+03  .30364440E+07  .32673270E+06 -.44369370E-02  .23437570E+04
 .81966470E+01  .59384950E+03  .30693000E+07  .33651560E+06 -.42876220E-02  .23009050E+04
 .79606250E+01  .60859600E+03  .31029660E+07  .34648380E+06 -.41423510E-02  .22665950E+04
 .77326350E+01  .62391530E+03  .31374740E+07  .35662570E+06 -.40007720E-02  .22398840E+04
 .75124730E+01  .63978640E+03  .31728550E+07  .36693150E+06 -.38627560E-02  .22198290E+04
 .72999390E+01  .65618860E+03  .32091390E+07  .37739280E+06 -.37283250E-02  .22055200E+04
 .72999390E+01  .65618860E+03  .32091390E+07  .37739280E+06 -.37283250E-02  .22055200E+04
 .68692430E+01  .69303720E+03  .32900700E+07  .40030840E+06 -.34529060E-02  .21903790E+04
 .64705050E+01  .73207980E+03  .33755560E+07  .42388310E+06 -.31958970E-02  .21908220E+04
 .61014530E+01  .77320610E+03  .34658530E+07  .44811870E+06 -.29582140E-02  .22016830E+04
 .57597580E+01  .81634920E+03  .35612060E+07  .47303790E+06 -.27399040E-02  .22194310E+04
 .54431280E+01  .86147630E+03  .36618560E+07  .49867510E+06 -.25402760E-02  .22417530E+04
 .51493890E+01  .90857830E+03  .37680390E+07  .52507180E+06 -.23581900E-02  .22671450E+04
 .48765140E+01  .95766350E+03  .38799940E+07  .55227480E+06 -.21923040E-02  .22945910E+04
 .46226430E+01  .10087530E+04  .39979590E+07  .58033730E+06 -.20412530E-02  .23233390E+04
 .43860730E+01  .10618800E+04  .41221760E+07  .60932040E+06 -.19037390E-02  .23527500E+04
 .41652510E+01  .11170910E+04  .42528940E+07  .63929580E+06 -.17785830E-02  .23822050E+04
 .25094080E+04  .93949780E+06  .84151280E+03  .62881870E+04  .27996500E+07  .11426030E+02
 .10000000E+02  .15000000E+02  .20000000E+01  .14000000E+02  .11000000E+02  .82161870E+04
 .84151280E+03  .49224660E+03  .93949780E+06  .15637020E+07 -.13965950E+00  .46070870E+04
 .84919420E+03  .48627350E+03  .91209930E+06  .16161040E+07 -.13471650E+00  .45675570E+04
 .85660520E+03  .48032440E+03  .88503470E+06  .16668990E+07 -.12999580E+00  .45316600E+04
 .86375760E+03  .47440370E+03  .85830240E+06  .17160680E+07 -.12547830E+00  .44989770E+04
 .87066220E+03  .46851560E+03  .83190090E+06  .17636010E+07 -.12114720E+00  .44691450E+04
 .87732920E+03  .46266350E+03  .80582800E+06  .18094950E+07 -.11698700E+00  .44418540E+04
 .88376770E+03  .45685060E+03  .78008180E+06  .18537480E+07 -.11298420E+00  .44168380E+04
 .88998610E+03  .45107980E+03  .75465990E+06  .18963630E+07 -.10912630E+00  .43938670E+04
 .89599240E+03  .44535330E+03  .72956010E+06  .19373430E+07 -.10540190E+00  .43727440E+04
 .90179350E+03  .43967350E+03  .70477950E+06  .19766900E+07 -.10180040E+00  .43533000E+04
 .90179350E+03  .43967350E+03  .70477950E+06  .19766900E+07 -.10180040E+00  .43533000E+04
 .91637090E+03  .42470320E+03  .63995580E+06  .20740310E+07 -.92686580E-01  .43084510E+04
 .92963180E+03  .41010940E+03  .57734980E+06  .21595670E+07 -.84221730E-01  .42725740E+04
 .94166280E+03  .39591300E+03  .51690310E+06  .22330340E+07 -.76265630E-01  .42442270E+04
 .95253090E+03  .38212840E+03  .45855520E+06  .22939390E+07 -.68696610E-01  .42223090E+04
 .96228570E+03  .36876440E+03  .40224360E+06  .23415010E+07 -.61405270E-01  .42058190E+04
 .97096120E+03  .35582500E+03  .34790470E+06  .23746000E+07 -.54288840E-01  .41937450E+04
 .97857620E+03  .34330950E+03  .29547480E+06  .23917520E+07 -.47249560E-01  .41850750E+04
 .98513560E+03  .33121340E+03  .24489080E+06  .23911330E+07 -.40201370E-01  .41789340E+04
 .99063260E+03  .31952940E+03  .19609020E+06  .23705730E+07 -.33071400E-01  .41747700E+04
 .99504770E+03  .30824910E+03  .14901180E+06  .23274700E+07 -.25750720E-01  .41725870E+04
 .99833650E+03  .29736480E+03  .10359570E+06  .22592440E+07 -.17997700E-01  .41733090E+04
 .10004040E+04  .28687250E+03  .59782770E+05  .21650310E+07 -.93831440E-02  .41793430E+04
 .10010760E+04  .27677530E+03  .17514180E+05  .20480990E+07  .73916400E-03  .41953160E+04
 .10000610E+04  .26708830E+03 -.23270310E+05  .19183750E+07  .13297970E-01  .42292220E+04
 .11883360E-02  .49224660E+03  .93949780E+06  .47996300E-08 -.22846310E-04  .46070870E+04
 .87519470E-01  .49224660E+03  .27996500E+07  .34088860E-07 -.22846310E-04  .31342450E+04
 .11426030E+02  .49224660E+03  .27996500E+07  .25628280E+06 -.63355210E-02  .31342450E+04
 .11078440E+02  .50133040E+03  .28274670E+07  .26433760E+06 -.60822990E-02  .29940140E+04
 .10744420E+02  .51100820E+03  .28558100E+07  .27261780E+06 -.58498360E-02  .28667360E+04
 .10422930E+02  .52130120E+03  .28847110E+07  .28113080E+06 -.56348410E-02  .27523390E+04
 .10113050E+02  .53222580E+03  .29142070E+07  .28987930E+06 -.54343410E-02  .26506520E+04
 .98140610E+01  .54379210E+03  .29443330E+07  .29886230E+06 -.52456980E-02  .25613790E+04
 .95253550E+01  .55600400E+03  .29751240E+07  .30807450E+06 -.50666370E-02  .24840850E+04
 .92464540E+01  .56885870E+03  .30066170E+07  .31750770E+06 -.48952690E-02  .24181880E+04
 .89769700E+01  .58234720E+03  .30388480E+07  .32715070E+06 -.47301090E-02  .23629650E+04
 .87165860E+01  .59645540E+03  .30718520E+07  .33699130E+06 -.45700710E-02  .23175770E+04
 .84650390E+01  .61116510E+03  .31056620E+07  .34701680E+06 -.44144350E-02  .22810980E+04
 .82220950E+01  .62645590E+03  .31403130E+07  .35721520E+06 -.42628000E-02  .22525560E+04
 .79875350E+01  .64230610E+03  .31758360E+07  .36757610E+06 -.41150090E-02  .22309720E+04
 .77611420E+01  .65869420E+03  .32122610E+07  .37809090E+06 -.39710780E-02  .22154020E+04
 .77611420E+01  .65869420E+03  .32122610E+07  .37809090E+06 -.39710780E-02  .22154020E+04
 .73024930E+01  .69553160E+03  .32934920E+07  .40111420E+06 -.36762590E-02  .21982780E+04
 .68780460E+01  .73458250E+03  .33792770E+07  .42478620E+06 -.34012710E-02  .21974420E+04
 .64853530E+01  .77573050E+03  .34698750E+07  .44910920E+06 -.31471280E-02  .22074600E+04
 .61218980E+01  .81890470E+03  .35655340E+07  .47410710E+06 -.29138930E-02  .22246170E+04
 .57852120E+01  .86407000E+03  .36664920E+07  .49981580E+06 -.27008110E-02  .22464900E+04
 .54729470E+01  .91121620E+03  .37729900E+07  .52627840E+06 -.25066290E-02  .22715080E+04
 .51829230E+01  .96035110E+03  .38852640E+07  .55354340E+06 -.23298750E-02  .22986230E+04
 .49131400E+01  .10114960E+04  .40035540E+07  .58166550E+06 -.21690530E-02  .23270610E+04
 .46617700E+01  .10646840E+04  .41281040E+07  .61070700E+06 -.20227470E-02  .23561710E+04
 .44271510E+01  .11199630E+04  .42591620E+07  .64074130E+06 -.18896700E-02  .23853270E+04
 .25383550E+04  .95395880E+06  .83752300E+03  .62658690E+04  .28005250E+07  .12118330E+02
 .10000000E+02  .15000000E+02  .20000000E+01  .14000000E+02  .11000000E+02  .81938680E+04
 .83752300E+03  .49537020E+03  .95395880E+06  .15374190E+07 -.14225170E+00  .46281540E+04
 .84534630E+03  .48938530E+03  .92638570E+06  .15906220E+07 -.13719070E+00  .45866410E+04
 .85289270E+03  .48342180E+03  .89914720E+06  .16422310E+07 -.13236230E+00  .45489960E+04
 .86017470E+03  .47748450E+03  .87224190E+06  .16922230E+07 -.12774620E+00  .45147640E+04
 .86720390E+03  .47157790E+03  .84566840E+06  .17405840E+07 -.12332440E+00  .44835550E+04
 .87399050E+03  .46570560E+03  .81942460E+06  .17873060E+07 -.11908100E+00  .44550360E+04
 .88054400E+03  .45987110E+03  .79350860E+06  .18323890E+07 -.11500150E+00  .44289170E+04
 .88687340E+03  .45407710E+03  .76791830E+06  .18758330E+07 -.11107290E+00  .44049540E+04
 .89298680E+03  .44832650E+03  .74265120E+06  .19176400E+07 -.10728320E+00  .43829330E+04
 .89889150E+03  .44262150E+03  .71770490E+06  .19578140E+07 -.10362160E+00  .43626700E+04
 .89889150E+03  .44262150E+03  .71770490E+06  .19578140E+07 -.10362160E+00  .43626700E+04
 .91373140E+03  .42757940E+03  .65244430E+06  .20573770E+07 -.94369430E-01  .43159380E+04
 .92723620E+03  .41290930E+03  .58941240E+06  .21451650E+07 -.85795000E-01  .42785040E+04
 .93949650E+03  .39863320E+03  .52855180E+06  .22209570E+07 -.77754100E-01  .42488300E+04
 .95058290E+03  .38476680E+03  .46980190E+06  .22843040E+07 -.70122200E-01  .42257720E+04
 .96054810E+03  .37131990E+03  .41310070E+06  .23344860E+07 -.62788190E-01  .42083260E+04
 .96942900E+03  .35829730E+03  .35838480E+06  .23704490E+07 -.55648500E-01  .41954840E+04
 .97724740E+03  .34569900E+03  .30559030E+06  .23907770E+07 -.48604320E-01  .41862290E+04
 .98401060E+03  .33352140E+03  .25465400E+06  .23937050E+07 -.41566710E-01  .41796460E+04
 .98971410E+03  .32175740E+03  .20551320E+06  .23771310E+07 -.34462030E-01  .41751040E+04
 .99434140E+03  .31039880E+03  .15810650E+06  .23385280E+07 -.27195760E-01  .41724750E+04
 .99785460E+03  .29943740E+03  .11237370E+06  .22752120E+07 -.19558690E-01  .41724560E+04
 .10001710E+04  .28886830E+03  .68255660E+05  .21858020E+07 -.11159410E-01  .41771020E+04
 .10011350E+04  .27869280E+03  .25693540E+05  .20725680E+07 -.13975060E-02  .41905190E+04
 .10004790E+04  .26892300E+03 -.15372440E+05  .19439650E+07  .10598610E-01  .42198960E+04
 .11939970E-02  .49537020E+03  .95395880E+06  .43637270E-08 -.21817660E-04  .46281540E+04
 .82519620E-01  .49537020E+03  .28005250E+07  .30328820E-07 -.21817660E-04  .31880520E+04
 .12118330E+02  .49537020E+03  .28005250E+07  .25620920E+06 -.67485720E-02  .31880520E+04
 .11748170E+02  .50436120E+03  .28285140E+07  .26431280E+06 -.64756030E-02  .30419120E+04
 .11392640E+02  .51394840E+03  .28570240E+07  .27264260E+06 -.62253490E-02  .29092250E+04
 .11050570E+02  .52415410E+03  .28860880E+07  .28120600E+06 -.59942110E-02  .27898830E+04
 .10720990E+02  .53499550E+03  .29157410E+07  .29000610E+06 -.57789470E-02  .26836880E+04
 .10403090E+02  .54648410E+03  .29460200E+07  .29904180E+06 -.55766770E-02  .25903270E+04
 .10096210E+02  .55862470E+03  .29769600E+07  .30830780E+06 -.53849130E-02  .25093520E+04
 .97998210E+01  .57141550E+03  .30085980E+07  .31779560E+06 -.52015830E-02  .24401730E+04
 .95135030E+01  .58484800E+03  .30409700E+07  .32749380E+06 -.50250500E-02  .23820580E+04
 .92369110E+01  .59890850E+03  .30741120E+07  .33738970E+06 -.48541060E-02  .23341540E+04
 .89697540E+01  .61357890E+03  .31080590E+07  .34747020E+06 -.46879460E-02  .22955150E+04
 .87117810E+01  .62883820E+03  .31428440E+07  .35772280E+06 -.45261100E-02  .22651430E+04
 .84627530E+01  .64466430E+03  .31785000E+07  .36813650E+06 -.43684110E-02  .22420290E+04
 .82224410E+01  .66103500E+03  .32150570E+07  .37870260E+06 -.42148550E-02  .22251910E+04
 .82224410E+01  .66103500E+03  .32150570E+07  .37870260E+06 -.42148550E-02  .22251910E+04
 .77357300E+01  .69785380E+03  .32965670E+07  .40182880E+06 -.39003980E-02  .22060680E+04
 .72854930E+01  .73690550E+03  .33826310E+07  .42559380E+06 -.36072230E-02  .22039390E+04
 .68690990E+01  .77806750E+03  .34735090E+07  .44999990E+06 -.33364490E-02  .22131010E+04
 .64838450E+01  .82126510E+03  .35694490E+07  .47507230E+06 -.30881500E-02  .22296600E+04
 .61270760E+01  .86646080E+03  .36706920E+07  .50084830E+06 -.28615070E-02  .22510770E+04
 .57962720E+01  .91364320E+03  .37774790E+07  .52737280E+06 -.26551480E-02  .22757190E+04
 .54890940E+01  .96281960E+03  .38900460E+07  .55469560E+06 -.24674680E-02  .23024980E+04
 .52033980E+01  .10140110E+04  .40086360E+07  .58287290E+06 -.22968350E-02  .23306250E+04
 .49372330E+01  .10672520E+04  .41334910E+07  .61196840E+06 -.21417090E-02  .23594360E+04
 .46888240E+01  .11225900E+04  .42648600E+07  .64205690E+06 -.20006940E-02  .23882960E+04
 .25659730E+04  .96784830E+06  .83365140E+03  .62446310E+04  .28012070E+07  .12812600E+02
 .10000000E+02  .15000000E+02  .20000000E+01  .14000000E+02  .11000000E+02  .81726310E+04
 .83365140E+03  .49835720E+03  .96784830E+06  .15120370E+07 -.14478030E+00  .46492150E+04
 .84161290E+03  .49236210E+03  .94010830E+06  .15659950E+07 -.13960190E+00  .46056930E+04
 .84929140E+03  .48638590E+03  .91270340E+06  .16183750E+07 -.13466650E+00  .45662810E+04
 .85669970E+03  .48043380E+03  .88563260E+06  .16691480E+07 -.12995250E+00  .45304860E+04
 .86384980E+03  .47451030E+03  .85889430E+06  .17182950E+07 -.12544090E+00  .44978910E+04
 .87075260E+03  .46861950E+03  .83248680E+06  .17658080E+07 -.12111490E+00  .44681360E+04
 .87741780E+03  .46276480E+03  .80640830E+06  .18116800E+07 -.11695940E+00  .44409130E+04
 .88385490E+03  .45694950E+03  .78065640E+06  .18559140E+07 -.11296070E+00  .44159560E+04
 .89007210E+03  .45117630E+03  .75522910E+06  .18985110E+07 -.10910650E+00  .43930370E+04
 .89607730E+03  .44544760E+03  .73012380E+06  .19394720E+07 -.10538530E+00  .43719590E+04
 .89607730E+03  .44544760E+03  .73012380E+06  .19394720E+07 -.10538530E+00  .43719590E+04
 .91117100E+03  .43033800E+03  .66444430E+06  .20411500E+07 -.95995840E-01  .43233620E+04
 .92491130E+03  .41559550E+03  .60100410E+06  .21310770E+07 -.87312360E-01  .42843990E+04
 .93739260E+03  .40124390E+03  .53974610E+06  .22090670E+07 -.79186600E-01  .42534250E+04
 .94868880E+03  .38729970E+03  .48061050E+06  .22747180E+07 -.71491110E-01  .42292500E+04
 .95885580E+03  .37377370E+03  .42353530E+06  .23273620E+07 -.64112980E-01  .42108610E+04
 .96793330E+03  .36067150E+03  .36845720E+06  .23660070E+07 -.56947790E-01  .41972540E+04
 .97594580E+03  .34799420E+03  .31531260E+06  .23893030E+07 -.49895880E-01  .41874120E+04
 .98290310E+03  .33573840E+03  .26403790E+06  .23955420E+07 -.42865900E-01  .41803870E+04
 .98880290E+03  .32389780E+03  .21457030E+06  .23826870E+07 -.35782330E-01  .41754810E+04
 .99363110E+03  .31246410E+03  .16684820E+06  .23482840E+07 -.28560770E-01  .41724530E+04
 .99735550E+03  .30142900E+03  .12081120E+06  .22896040E+07 -.21020570E-01  .41718040E+04
 .99990390E+03  .29078670E+03  .76399880E+05  .22048550E+07 -.12805970E-01  .41752780E+04
 .10011360E+04  .28053680E+03  .33555550E+05  .20954420E+07 -.33580710E-02  .41865210E+04
 .10008090E+04  .27068910E+03 -.77812520E+04  .19684950E+07  .81408610E-02  .42120190E+04
 .11995420E-02  .49835720E+03  .96784830E+06  .39894720E-08 -.20890400E-04  .46492150E+04
 .78048180E-01  .49835720E+03  .28012070E+07  .27158980E-07 -.20890400E-04  .32413660E+04
 .12812600E+02  .49835720E+03  .28012070E+07  .25608500E+06 -.71663890E-02  .32413660E+04
 .12419620E+02  .50725740E+03  .28293610E+07  .26423570E+06 -.68730920E-02  .30893530E+04
 .12042350E+02  .51675560E+03  .28580310E+07  .27261310E+06 -.66045490E-02  .29513090E+04
 .11679520E+02  .52687490E+03  .28872490E+07  .28122500E+06 -.63568440E-02  .28270860E+04
 .11330060E+02  .53763380E+03  .29170520E+07  .29007470E+06 -.61264470E-02  .27164480E+04
 .10993090E+02  .54904480E+03  .29474760E+07  .29916100E+06 -.59102310E-02  .26190610E+04
 .10667900E+02  .56111360E+03  .29785580E+07  .30847880E+06 -.57054870E-02  .25344580E+04
 .10353910E+02  .57383940E+03  .30103330E+07  .31801900E+06 -.55099540E-02  .24620380E+04
 .10050650E+02  .58721450E+03  .30428400E+07  .32777030E+06 -.53218370E-02  .24010600E+04
 .97577480E+01  .60122530E+03  .30761130E+07  .33771940E+06 -.51398040E-02  .23506570E+04
 .94748930E+01  .61585390E+03  .31101890E+07  .34785270E+06 -.49629550E-02  .23098660E+04
 .92018100E+01  .63107920E+03  .31451000E+07  .35815730E+06 -.47907690E-02  .22776660E+04
 .89382440E+01  .64687850E+03  .31808800E+07  .36862180E+06 -.46230260E-02  .22530170E+04
 .86839480E+01  .66322880E+03  .32175610E+07  .37923710E+06 -.44597200E-02  .22349050E+04
 .86839480E+01  .66322880E+03  .32175610E+07  .37923710E+06 -.44597200E-02  .22349050E+04
 .81690610E+01  .70002240E+03  .32993330E+07  .40246210E+06 -.41253810E-02  .22137670E+04
 .76929450E+01  .73906810E+03  .33856560E+07  .42631600E+06 -.38138110E-02  .22103280E+04
 .72527850E+01  .78023730E+03  .34767940E+07  .45080140E+06 -.35262280E-02  .22186240E+04
 .68456850E+01  .82345140E+03  .35729950E+07  .47594450E+06 -.32627250E-02  .22345760E+04
 .64688020E+01  .86867030E+03  .36745020E+07  .50178420E+06 -.30224080E-02  .22555310E+04
 .61194390E+01  .91588180E+03  .37815550E+07  .52836680E+06 -.28037890E-02  .22797920E+04
 .57950950E+01  .96509270E+03  .38943940E+07  .55574380E+06 -.26051220E-02  .23062350E+04
 .54934830E+01  .10163240E+04  .40132580E+07  .58397240E+06 -.24246340E-02  .23340490E+04
 .52125230E+01  .10696100E+04  .41383940E+07  .61311810E+06 -.22606570E-02  .23625610E+04
 .49503250E+01  .11249980E+04  .42700490E+07  .64325650E+06 -.21116850E-02  .23911290E+04
 .25923940E+04  .98122180E+06  .82988690E+03  .62243580E+04  .28017150E+07  .13508990E+02
 .10000000E+02  .15000000E+02  .20000000E+01  .14000000E+02  .11000000E+02  .81523580E+04
 .82988690E+03  .50122070E+03  .98122180E+06  .14874830E+07 -.14725210E+00  .46702950E+04
 .83798350E+03  .49521690E+03  .95332160E+06  .15421540E+07 -.14195670E+00  .46247370E+04
 .84579080E+03  .48922960E+03  .92575730E+06  .15952640E+07 -.13691480E+00  .45835360E+04
 .85332230E+03  .48326420E+03  .89852750E+06  .16467790E+07 -.13210350E+00  .45461630E+04
 .86059030E+03  .47732530E+03  .87163110E+06  .16966760E+07 -.12750270E+00  .45121690E+04
 .86760620E+03  .47141740E+03  .84506650E+06  .17449410E+07 -.12309480E+00  .44811710E+04
 .87438020E+03  .46554420E+03  .81883180E+06  .17915690E+07 -.11886390E+00  .44528370E+04
 .88092200E+03  .45970890E+03  .79292480E+06  .18365580E+07 -.11479580E+00  .44268840E+04
 .88724020E+03  .45391450E+03  .76734360E+06  .18799090E+07 -.11087760E+00  .44030680E+04
 .89334280E+03  .44816350E+03  .74208560E+06  .19216240E+07 -.10709740E+00  .43811780E+04
 .89334280E+03  .44816350E+03  .74208560E+06  .19216240E+07 -.10709740E+00  .43811780E+04
 .90868280E+03  .43299010E+03  .67600340E+06  .20253200E+07 -.97571630E-01  .43307300E+04
 .92265090E+03  .41817910E+03  .61217040E+06  .21172850E+07 -.88779590E-01  .42902600E+04
 .93534570E+03  .40375560E+03  .55053030E+06  .21973630E+07 -.80568960E-01  .42580120E+04
 .94684420E+03  .38973720E+03  .49102350E+06  .22651940E+07 -.72809330E-01  .42327410E+04
 .95720530E+03  .37613560E+03  .43358830E+06  .23201590E+07 -.65385880E-01  .42134210E+04
 .96647150E+03  .36295720E+03  .37816160E+06  .23613270E+07 -.58193230E-01  .41990540E+04
 .97466980E+03  .35020400E+03  .32467990E+06  .23874080E+07 -.51131060E-01  .41886210E+04
 .98181260E+03  .33787320E+03  .27307930E+06  .23967530E+07 -.44106070E-01  .41811520E+04
 .98789950E+03  .32595900E+03  .22329700E+06  .23873790E+07 -.37040230E-01  .41758930E+04
 .99291890E+03  .31445320E+03  .17527120E+06  .23569080E+07 -.29855810E-01  .41725010E+04
 .99684280E+03  .30334730E+03  .12894110E+06  .23026050E+07 -.22396840E-01  .41713100E+04
 .99960850E+03  .29263490E+03  .84247340E+05  .22223610E+07 -.14341250E-01  .41737880E+04
 .10010900E+04  .28231420E+03  .41131070E+05  .21168300E+07 -.51681730E-02  .41831720E+04
 .10010650E+04  .27239290E+03 -.46687390E+03  .19919500E+07  .58900370E-02  .42053260E+04
 .12049830E-02  .50122070E+03  .98122180E+06  .36654100E-08 -.20049700E-04  .46702950E+04
 .74024760E-01  .50122070E+03  .28017150E+07  .24461660E-07 -.20049700E-04  .32942830E+04
 .13508990E+02  .50122070E+03  .28017150E+07  .25591610E+06 -.75890960E-02  .32942830E+04
 .13092940E+02  .51003180E+03  .28300270E+07  .26411190E+06 -.72748770E-02  .31364150E+04
 .12693710E+02  .51944240E+03  .28588490E+07  .27253520E+06 -.69875420E-02  .29930530E+04
 .12309910E+02  .52947660E+03  .28882160E+07  .28119380E+06 -.67228360E-02  .28639970E+04
 .11940400E+02  .54015370E+03  .29181630E+07  .29009110E+06 -.64769340E-02  .27489730E+04
 .11584210E+02  .55148720E+03  .29487260E+07  .29922630E+06 -.62464480E-02  .26476120E+04
 .11240560E+02  .56348400E+03  .29799420E+07  .30859380E+06 -.60284420E-02  .25594290E+04
 .10908840E+02  .57614400E+03  .30118480E+07  .31818470E+06 -.58204610E-02  .24838060E+04
 .10588520E+02  .58946020E+03  .30444820E+07  .32798710E+06 -.56205450E-02  .24199910E+04
 .10279210E+02  .60341960E+03  .30778800E+07  .33798730E+06 -.54272320E-02  .23671060E+04
 .99805660E+01  .61800450E+03  .31120770E+07  .34817150E+06 -.52395250E-02  .23241700E+04
 .96922910E+01  .63319330E+03  .31471070E+07  .35852620E+06 -.50568380E-02  .22901420E+04
 .94141120E+01  .64896310E+03  .31830050E+07  .36903970E+06 -.48789130E-02  .22639540E+04
 .91457640E+01  .66529040E+03  .32198020E+07  .37970230E+06 -.47057280E-02  .22445610E+04
 .91457640E+01  .66529040E+03  .32198020E+07  .37970230E+06 -.47057280E-02  .22445610E+04
 .86025780E+01  .70205290E+03  .33018190E+07  .40302240E+06 -.43512630E-02  .22213880E+04
 .81004890E+01  .74108640E+03  .33883850E+07  .42696160E+06 -.40210840E-02  .22166250E+04
 .76364920E+01  .78225670E+03  .34797650E+07  .45152280E+06 -.37165160E-02  .22240430E+04
 .72074950E+01  .82548100E+03  .35762090E+07  .47673330E+06 -.34376610E-02  .22393790E+04
 .68104620E+01  .87071700E+03  .36779610E+07  .50263340E+06 -.31835580E-02  .22598680E+04
 .64425150E+01  .91795120E+03  .37852610E+07  .52927080E+06 -.29525920E-02  .22837430E+04
 .61009900E+01  .96718990E+03  .38983490E+07  .55669850E+06 -.27428720E-02  .23098470E+04
 .57834530E+01  .10184540E+04  .40174670E+07  .58497520E+06 -.25524830E-02  .23373480E+04
 .54876930E+01  .10717790E+04  .41428610E+07  .61416730E+06 -.23796240E-02  .23655630E+04
 .52117070E+01  .11272110E+04  .42747790E+07  .64435200E+06 -.22226710E-02  .23938410E+04
