 .25923940E+04  .98122180E+06  .82988690E+03  .62243580E+04  .28017150E+07  .13508990E+02
 .10000000E+02  .18000000E+02  .20000000E+01  .14000000E+02  .11000000E+02  .81523580E+04
 .82988690E+03  .50122070E+03  .98122180E+06  .14874830E+07 -.14725210E+00  .46702950E+04
 .83798350E+03  .49521690E+03  .95332160E+06  .15421540E+07 -.14195670E+00  .46247370E+04
 .84579080E+03  .48922960E+03  .92575730E+06  .15952640E+07 -.13691480E+00  .45835360E+04
 .85332230E+03  .48326420E+03  .89852750E+06  .16467790E+07 -.13210350E+00  .45461630E+04
 .86059030E+03  .47732530E+03  .87163110E+06  .16966760E+07 -.12750270E+00  .45121690E+04
 .86760620E+03  .47141740E+03  .84506650E+06  .17449410E+07 -.12309480E+00  .44811710E+04
 .87438020E+03  .46554420E+03  .81883180E+06  .17915690E+07 -.11886390E+00  .44528370E+04
 .88092200E+03  .45970890E+03  .79292480E+06  .18365580E+07 -.11479580E+00  .44268840E+04
 .88724020E+03  .45391450E+03  .76734360E+06  .18799090E+07 -.11087760E+00  .44030680E+04
 .89334280E+03  .44816350E+03  .74208560E+06  .19216240E+07 -.10709740E+00  .43811780E+04
 .89334280E+03  .44816350E+03  .74208560E+06  .19216240E+07 -.10709740E+00  .43811780E+04
 .90868280E+03  .43299010E+03  .67600340E+06  .20253200E+07 -.97571630E-01  .43307300E+04
 .92265090E+03  .41817910E+03  .61217040E+06  .21172850E+07 -.88779590E-01  .42902600E+04
 .93534570E+03  .40375560E+03  .55053030E+06  .21973630E+07 -.80568960E-01  .42580120E+04
 .94684420E+03  .38973720E+03  .49102350E+06  .22651940E+07 -.72809330E-01  .42327410E+04
 .95720530E+03  .37613560E+03  .43358830E+06  .23201590E+07 -.65385880E-01  .42134210E+04
 .96647150E+03  .36295720E+03  .37816160E+06  .23613270E+07 -.58193230E-01  .41990540E+04
 .97466980E+03  .35020400E+03  .32467990E+06  .23874080E+07 -.51131060E-01  .41886210E+04
 .98181260E+03  .33787320E+03  .27307930E+06  .23967530E+07 -.44106070E-01  .41811520E+04
 .98789950E+03  .32595900E+03  .22329700E+06  .23873790E+07 -.37040230E-01  .41758930E+04
 .99291890E+03  .31445320E+03  .17527120E+06  .23569080E+07 -.29855810E-01  .41725010E+04
 .99684280E+03  .30334730E+03  .12894110E+06  .23026050E+07 -.22396840E-01  .41713100E+04
 .99960850E+03  .29263490E+03  .84247340E+05  .22223610E+07 -.14341250E-01  .41737880E+04
 .10010900E+04  .28231420E+03  .41131070E+05  .21168300E+07 -.51681730E-02  .41831720E+04
 .10010650E+04  .27239290E+03 -.46687390E+03  .19919500E+07  .58900370E-02  .42053260E+04
 .99917540E+03  .26289240E+03 -.40607800E+05  .18614200E+07  .19903930E-01  .42501760E+04
 .99488400E+03  .25385460E+03 -.79357680E+05  .17488470E+07  .38104490E-01  .43339980E+04
 .98749250E+03  .24534830E+03 -.11679070E+06  .16903980E+07  .61285410E-01  .44823040E+04
 .12049830E-02  .50122070E+03  .98122180E+06  .36654100E-08 -.20049700E-04  .46702950E+04
 .74024760E-01  .50122070E+03  .28017150E+07  .24461660E-07 -.20049700E-04  .32942830E+04
 .13508990E+02  .50122070E+03  .28017150E+07  .25591610E+06 -.75890960E-02  .32942830E+04
 .13092940E+02  .51003180E+03  .28300270E+07  .26411190E+06 -.72748770E-02  .31364150E+04
 .12693710E+02  .51944240E+03  .28588490E+07  .27253520E+06 -.69875420E-02  .29930530E+04
 .12309910E+02  .52947660E+03  .28882160E+07  .28119380E+06 -.67228360E-02  .28639970E+04
 .11940400E+02  .54015370E+03  .29181630E+07  .29009110E+06 -.64769340E-02  .27489730E+04
 .11584210E+02  .55148720E+03  .29487260E+07  .29922630E+06 -.62464480E-02  .26476120E+04
 .11240560E+02  .56348400E+03  .29799420E+07  .30859380E+06 -.60284420E-02  .25594290E+04
 .10908840E+02  .57614400E+03  .30118480E+07  .31818470E+06 -.58204610E-02  .24838060E+04
 .10588520E+02  .58946020E+03  .30444820E+07  .32798710E+06 -.56205450E-02  .24199910E+04
 .10279210E+02  .60341960E+03  .30778800E+07  .33798730E+06 -.54272320E-02  .23671060E+04
 .99805660E+01  .61800450E+03  .31120770E+07  .34817150E+06 -.52395250E-02  .23241700E+04
 .96922910E+01  .63319330E+03  .31471070E+07  .35852620E+06 -.50568380E-02  .22901420E+04
 .94141120E+01  .64896310E+03  .31830050E+07  .36903970E+06 -.48789130E-02  .22639540E+04
 .91457640E+01  .66529040E+03  .32198020E+07  .37970230E+06 -.47057280E-02  .22445610E+04
 .91457640E+01  .66529040E+03  .32198020E+07  .37970230E+06 -.47057280E-02  .22445610E+04
 .86025780E+01  .70205290E+03  .33018190E+07  .40302240E+06 -.43512630E-02  .22213880E+04
 .81004890E+01  .74108640E+03  .33883850E+07  .42696160E+06 -.40210840E-02  .22166250E+04
 .76364920E+01  .78225670E+03  .34797650E+07  .45152280E+06 -.37165160E-02  .22240430E+04
 .72074950E+01  .82548100E+03  .35762090E+07  .47673330E+06 -.34376610E-02  .22393790E+04
 .68104620E+01  .87071700E+03  .36779610E+07  .50263340E+06 -.31835580E-02  .22598680E+04
 .64425150E+01  .91795120E+03  .37852610E+07  .52927080E+06 -.29525920E-02  .22837430E+04
 .61009900E+01  .96718990E+03  .38983490E+07  .55669850E+06 -.27428720E-02  .23098470E+04
 .57834530E+01  .10184540E+04  .40174670E+07  .58497520E+06 -.25524830E-02  .23373480E+04
 .54876930E+01  .10717790E+04  .41428610E+07  .61416730E+06 -.23796240E-02  .23655630E+04
 .52117070E+01  .11272110E+04  .42747790E+07  .64435200E+06 -.22226710E-02  .23938410E+04
 .26437960E+04  .10074800E+07  .82238940E+03  .61850200E+04  .28022800E+07  .14958930E+02
 .10000000E+02  .18000000E+02  .20000000E+01  .14000000E+02  .11000000E+02  .81130200E+04
 .82238940E+03  .50680600E+03  .10074800E+07  .14389880E+07 -.15221570E+00  .47141150E+04
 .83075710E+03  .50078890E+03  .97926750E+06  .14950090E+07 -.14667880E+00  .46642420E+04
 .83882260E+03  .49478300E+03  .95139160E+06  .15495150E+07 -.14141740E+00  .46192620E+04
 .84660050E+03  .48879420E+03  .92385150E+06  .16024560E+07 -.13640590E+00  .45785640E+04
 .85410430E+03  .48282790E+03  .89664630E+06  .16537990E+07 -.13162220E+00  .45416330E+04
 .86134610E+03  .47688880E+03  .86977430E+06  .17035230E+07 -.12704630E+00  .45080270E+04
 .86833700E+03  .47098110E+03  .84323410E+06  .17516160E+07 -.12266100E+00  .44773720E+04
 .87508740E+03  .46510850E+03  .81702380E+06  .17980700E+07 -.11845080E+00  .44493420E+04
 .88160650E+03  .45927430E+03  .79114120E+06  .18428860E+07 -.11440140E+00  .44236610E+04
 .88790310E+03  .45348130E+03  .76558430E+06  .18860660E+07 -.11050040E+00  .44000870E+04
 .88790310E+03  .45348130E+03  .76558430E+06  .18860660E+07 -.11050040E+00  .44000870E+04
 .90373180E+03  .43818620E+03  .69871340E+06  .19936800E+07 -.10069520E+00  .43458360E+04
 .91815110E+03  .42324360E+03  .63411080E+06  .20895870E+07 -.91679890E-01  .43023020E+04
 .93126720E+03  .40868120E+03  .57172130E+06  .21736890E+07 -.83293590E-01  .42674820E+04
 .94316380E+03  .39451910E+03  .51148640E+06  .22457010E+07 -.75399750E-01  .42400040E+04
 .95390580E+03  .38077080E+03  .45334480E+06  .23050970E+07 -.67879330E-01  .42187960E+04
 .96354080E+03  .36744430E+03  .39723400E+06  .23510550E+07 -.60624720E-01  .42028680E+04
 .97210140E+03  .35454290E+03  .34309030E+06  .23824080E+07 -.53534430E-01  .41912060E+04
 .97960460E+03  .34206560E+03  .29084990E+06  .23976220E+07 -.46512230E-01  .41828110E+04
 .98605420E+03  .33000710E+03  .24044970E+06  .23948190E+07 -.39474620E-01  .41768340E+04
 .99144260E+03  .31836000E+03  .19182720E+06  .23717600E+07 -.32349670E-01  .41727660E+04
 .99574920E+03  .30711580E+03  .14492150E+06  .23257770E+07 -.25020700E-01  .41706580E+04
 .99892600E+03  .29626680E+03  .99672740E+05  .22543360E+07 -.17229110E-01  .41715000E+04
 .10008730E+04  .28580900E+03  .56021950E+05  .21568520E+07 -.85247260E-02  .41778100E+04
 .10014040E+04  .27574630E+03  .13910300E+05  .20371630E+07  .17684060E-02  .41943750E+04
 .10002150E+04  .26609430E+03 -.26722440E+05  .19060590E+07  .14621670E-01  .42294360E+04
 .99682860E+03  .25688680E+03 -.65940160E+05  .17835770E+07  .31261090E-01  .42966780E+04
 .99059220E+03  .24818230E+03 -.10381360E+06  .17012040E+07  .52747720E-01  .44180390E+04
 .12159690E-02  .50680600E+03  .10074800E+07  .31177080E-08 -.18534200E-04  .47141150E+04
 .66849710E-01  .50680600E+03  .28022800E+07  .20013820E-07 -.18534200E-04  .34030190E+04
 .14958930E+02  .50680600E+03  .28022800E+07  .25544320E+06 -.84807490E-02  .34030190E+04
 .14494230E+02  .51543760E+03  .28309010E+07  .26372740E+06 -.81212670E-02  .32330070E+04
 .14048760E+02  .52467130E+03  .28600210E+07  .27224030E+06 -.77933670E-02  .30786840E+04
 .13620880E+02  .53453260E+03  .28896750E+07  .28099040E+06 -.74920430E-02  .29397230E+04
 .13209240E+02  .54504250E+03  .29199000E+07  .28998140E+06 -.72128120E-02  .28157430E+04
 .12812710E+02  .55621650E+03  .29507330E+07  .29921230E+06 -.69517140E-02  .27062910E+04
 .12430370E+02  .56806340E+03  .29822090E+07  .30867750E+06 -.67053200E-02  .26108190E+04
 .12061490E+02  .58058490E+03  .30143680E+07  .31836760E+06 -.64707490E-02  .25286670E+04
 .11705470E+02  .59377580E+03  .30472470E+07  .32827020E+06 -.62456880E-02  .24590540E+04
 .11361830E+02  .60762400E+03  .30808830E+07  .33837090E+06 -.60283900E-02  .24010730E+04
 .11030170E+02  .62211230E+03  .31153130E+07  .34865490E+06 -.58176430E-02  .23537150E+04
 .10710140E+02  .63721920E+03  .31505720E+07  .35910790E+06 -.56127100E-02  .23158980E+04
 .10401440E+02  .65292100E+03  .31866930E+07  .36971740E+06 -.54132430E-02  .22865060E+04
 .10103760E+02  .66919310E+03  .32237090E+07  .38047290E+06 -.52191820E-02  .22644350E+04
 .10103760E+02  .66919310E+03  .32237090E+07  .38047290E+06 -.52191820E-02  .22644350E+04
 .95015390E+01  .70587430E+03  .33061890E+07  .40397930E+06 -.48222300E-02  .22369870E+04
 .89453210E+01  .74486570E+03  .33932120E+07  .42808530E+06 -.44528190E-02  .22294260E+04
 .84316970E+01  .78602090E+03  .34850440E+07  .45279400E+06 -.41124830E-02  .22349860E+04
 .79571550E+01  .82924910E+03  .35819390E+07  .47813470E+06 -.38013570E-02  .22490220E+04
 .75182470E+01  .87450290E+03  .36841440E+07  .50415060E+06 -.35183200E-02  .22685260E+04
 .71117100E+01  .92176640E+03  .37919000E+07  .53089240E+06 -.32614890E-02  .22915930E+04
 .67345290E+01  .97104470E+03  .39054490E+07  .55841590E+06 -.30286580E-02  .23169880E+04
 .63839610E+01  .10223590E+04  .40250330E+07  .58678250E+06 -.28175990E-02  .23438390E+04
 .60575190E+01  .10757440E+04  .41508980E+07  .61606100E+06 -.26262240E-02  .23714390E+04
 .57529550E+01  .11312480E+04  .42832960E+07  .64633110E+06 -.24526600E-02  .23991240E+04
 .26913600E+04  .10320630E+07  .81524130E+03  .61487070E+04  .28022810E+07  .16419810E+02
 .10000000E+02  .18000000E+02  .20000000E+01  .14000000E+02  .11000000E+02  .80767070E+04
 .81524130E+03  .51198890E+03  .10320630E+07  .13933090E+07 -.15700170E+00  .47582760E+04
 .82387010E+03  .50596370E+03  .10035600E+07  .14505310E+07 -.15122340E+00  .47039420E+04
 .83218390E+03  .49994430E+03  .97539490E+06  .15062910E+07 -.14574330E+00  .46550750E+04
 .84019840E+03  .49393730E+03  .94756630E+06  .15605240E+07 -.14053300E+00  .46109690E+04
 .84792820E+03  .48794850E+03  .92007360E+06  .16131870E+07 -.13556780E+00  .45710350E+04
 .85538620E+03  .48198320E+03  .89291560E+06  .16642480E+07 -.13082580E+00  .45347750E+04
 .86258450E+03  .47604590E+03  .86609090E+06  .17136880E+07 -.12628800E+00  .45017620E+04
 .86953390E+03  .47014080E+03  .83959790E+06  .17614950E+07 -.12193730E+00  .44716310E+04
 .87624460E+03  .46427150E+03  .81343450E+06  .18076640E+07 -.11775870E+00  .44440690E+04
 .88272580E+03  .45844120E+03  .78759880E+06  .18521960E+07 -.11373840E+00  .44188050E+04
 .88272580E+03  .45844120E+03  .78759880E+06  .18521960E+07 -.11373840E+00  .44188050E+04
 .89901880E+03  .44303680E+03  .71999190E+06  .19634260E+07 -.10365740E+00  .43607670E+04
 .91386520E+03  .42797450E+03  .65467060E+06  .20629600E+07 -.94420730E-01  .43142250E+04
 .92737870E+03  .41328520E+03  .59158090E+06  .21507450E+07 -.85859110E-01  .42769100E+04
 .93964950E+03  .39899110E+03  .53066530E+06  .22265620E+07 -.77829760E-01  .42472980E+04
 .95074800E+03  .38510740E+03  .47186310E+06  .22899640E+07 -.70209200E-01  .42242560E+04
 .96072720E+03  .37164370E+03  .41511200E+06  .23402270E+07 -.62887200E-01  .42067890E+04
 .96962400E+03  .35860500E+03  .36034870E+06  .23762960E+07 -.55761100E-01  .41938960E+04
 .97746040E+03  .34599110E+03  .30750930E+06  .23967450E+07 -.48732880E-01  .41845620E+04
 .98424430E+03  .33379820E+03  .25653030E+06  .23997950E+07 -.41714270E-01  .41778730E+04
 .98997160E+03  .32201940E+03  .20734910E+06  .23833240E+07 -.34632660E-01  .41731920E+04
 .99462660E+03  .31064620E+03  .15990420E+06  .23447780E+07 -.27396520E-01  .41703550E+04
 .99817290E+03  .29967020E+03  .11413540E+06  .22814260E+07 -.19801550E-01  .41699770E+04
 .10005300E+04  .28908600E+03  .69983550E+05  .21917990E+07 -.11460640E-01  .41739880E+04
 .10015440E+04  .27889420E+03  .27389980E+05  .20780480E+07 -.17752830E-02  .41863170E+04
 .10009520E+04  .26910580E+03 -.13704850E+05  .19485010E+07  .10129680E-01  .42138650E+04
 .99833590E+03  .25974780E+03 -.53363240E+05  .18200730E+07  .25429420E-01  .42682170E+04
 .99309220E+03  .25086990E+03 -.91653150E+05  .17203970E+07  .45329860E-01  .43682630E+04
 .12266310E-02  .51198890E+03  .10320630E+07  .26934610E-08 -.17260470E-04  .47582760E+04
 .60902040E-01  .51198890E+03  .28022810E+07  .16676650E-07 -.17260470E-04  .35111410E+04
 .16419810E+02  .51198890E+03  .28022810E+07  .25483120E+06 -.93948370E-02  .35111410E+04
 .15905290E+02  .52044690E+03  .28311860E+07  .26319710E+06 -.89874240E-02  .33288620E+04
 .15412530E+02  .52950890E+03  .28605820E+07  .27179330E+06 -.86166920E-02  .31635560E+04
 .14939650E+02  .53920150E+03  .28905030E+07  .28062850E+06 -.82768120E-02  .30147500E+04
 .14485050E+02  .54954720E+03  .29209850E+07  .28970670E+06 -.79625820E-02  .28819270E+04
 .14047450E+02  .56056320E+03  .29520650E+07  .29902680E+06 -.76694200E-02  .27645210E+04
 .13625760E+02  .57225990E+03  .29837810E+07  .30858320E+06 -.73933670E-02  .26618980E+04
 .13219130E+02  .58464110E+03  .30161710E+07  .31836600E+06 -.71310920E-02  .25733380E+04
 .12826870E+02  .59770290E+03  .30492730E+07  .32836220E+06 -.68799070E-02  .24980150E+04
 .12448410E+02  .61143490E+03  .30831260E+07  .33855670E+06 -.66377590E-02  .24349930E+04
 .12083300E+02  .62582010E+03  .31177660E+07  .34893400E+06 -.64032030E-02  .23832350E+04
 .11731130E+02  .64083760E+03  .31532300E+07  .35947890E+06 -.61753360E-02  .23416250E+04
 .11391550E+02  .65646310E+03  .31895510E+07  .37017810E+06 -.59537040E-02  .23090050E+04
 .11064200E+02  .67267130E+03  .32267640E+07  .38102050E+06 -.57381950E-02  .22842190E+04
 .11064200E+02  .67267130E+03  .32267640E+07  .38102050E+06 -.57381950E-02  .22842190E+04
 .10402350E+02  .70925180E+03  .33096550E+07  .40470080E+06 -.52976600E-02  .22524090E+04
 .97915240E+01  .74818100E+03  .33970790E+07  .42896200E+06 -.48880730E-02  .22419730E+04
 .92279000E+01  .78930120E+03  .34893060E+07  .45380700E+06 -.45111700E-02  .22456200E+04
 .87075270E+01  .83251310E+03  .35865950E+07  .47926710E+06 -.41671110E-02  .22583190E+04
 .82265300E+01  .87776450E+03  .36891910E+07  .50538830E+06 -.38546140E-02  .22768160E+04
 .77812440E+01  .92503670E+03  .37973390E+07  .53222390E+06 -.35715080E-02  .22990610E+04
 .73682940E+01  .97433390E+03  .39112810E+07  .55983260E+06 -.33152540E-02  .23237390E+04
 .69846120E+01  .10256770E+04  .40312610E+07  .58827800E+06 -.30832910E-02  .23499380E+04
 .66274280E+01  .10791000E+04  .41575260E+07  .61763140E+06 -.28732280E-02  .23769270E+04
 .62942470E+01  .11346530E+04  .42903300E+07  .64797470E+06 -.26829270E-02  .24040280E+04
 .27357030E+04  .10552310E+07  .80838850E+03  .61148910E+04  .28018010E+07  .17892700E+02
 .10000000E+02  .18000000E+02  .20000000E+01  .14000000E+02  .11000000E+02  .80428910E+04
 .80838850E+03  .51683070E+03  .10552310E+07  .13500830E+07 -.16164230E+00  .48029190E+04
 .81727040E+03  .51080220E+03  .10264570E+07  .14083720E+07 -.15562200E+00  .47439650E+04
 .82582420E+03  .50477390E+03  .99802090E+06  .14652590E+07 -.14992330E+00  .46910870E+04
 .83406720E+03  .49875300E+03  .96992230E+06  .15206680E+07 -.14451480E+00  .46434790E+04
 .84201480E+03  .49274600E+03  .94216040E+06  .15745390E+07 -.13936890E+00  .46004730E+04
 .84968100E+03  .48675870E+03  .91473430E+06  .16268310E+07 -.13446200E+00  .45615020E+04
 .85707860E+03  .48079610E+03  .88764290E+06  .16775170E+07 -.12977300E+00  .45260900E+04
 .86421920E+03  .47486260E+03  .86088460E+06  .17265780E+07 -.12528350E+00  .44938260E+04
 .87111380E+03  .46896230E+03  .83445770E+06  .17740050E+07 -.12097700E+00  .44643610E+04
 .87777180E+03  .46309860E+03  .80836020E+06  .18197950E+07 -.11683880E+00  .44373910E+04
 .87777180E+03  .46309860E+03  .80836020E+06  .18197950E+07 -.11683880E+00  .44373910E+04
 .89450860E+03  .44759530E+03  .74006200E+06  .19343900E+07 -.10648500E+00  .43755620E+04
 .90976210E+03  .43242360E+03  .67406490E+06  .20372900E+07 -.97028700E-01  .43260470E+04
 .92365320E+03  .41761740E+03  .61031660E+06  .21284800E+07 -.88292250E-01  .42862960E+04
 .93627830E+03  .40320110E+03  .54876030E+06  .22077940E+07 -.80126510E-01  .42546120E+04
 .94771330E+03  .38919170E+03  .48933590E+06  .22748590E+07 -.72403420E-01  .42297860E+04
 .95801580E+03  .37560030E+03  .43198180E+06  .23290350E+07 -.65009890E-01  .42108070E+04
 .96722750E+03  .36243310E+03  .37663460E+06  .23693680E+07 -.57841860E-01  .41966830E+04
 .97537460E+03  .34969150E+03  .32323060E+06  .23945370E+07 -.50800140E-01  .41863980E+04
 .98246920E+03  .33737240E+03  .27170610E+06  .24028570E+07 -.43792880E-01  .41789940E+04
 .98851040E+03  .32546980E+03  .22199800E+06  .23923050E+07 -.36743910E-01  .41737330E+04
 .99348660E+03  .31397530E+03  .17404470E+06  .23604480E+07 -.29575720E-01  .41702830E+04
 .99736950E+03  .30288040E+03  .12778550E+06  .23045100E+07 -.22128330E-01  .41689650E+04
 .10000950E+04  .29217830E+03  .83160930E+05  .22224120E+07 -.14072190E-01  .41712290E+04
 .10015340E+04  .28186720E+03  .40112420E+05  .21149590E+07 -.48753140E-02  .41802930E+04
 .10014620E+04  .27195440E+03 -.14191270E+04  .19883910E+07  .62498680E-02  .42019790E+04
 .99950840E+03  .26246110E+03 -.41494840E+05  .18568830E+07  .20405370E-01  .42461590E+04
 .99512460E+03  .25342900E+03 -.80180470E+05  .17447310E+07  .38857170E-01  .43291420E+04
 .12370290E-02  .51683070E+03  .10552310E+07  .23571730E-08 -.16173020E-04  .48029190E+04
 .55888720E-01  .51683070E+03  .28018010E+07  .14108330E-07 -.16173020E-04  .36192510E+04
 .17892700E+02  .51683070E+03  .28018010E+07  .25410470E+06 -.10332270E-01  .36192510E+04
 .17327130E+02  .52512020E+03  .28309730E+07  .26254640E+06 -.98741750E-02  .34244810E+04
 .16786010E+02  .53401500E+03  .28606260E+07  .27121980E+06 -.94582770E-02  .32480760E+04
 .16267140E+02  .54354280E+03  .28907940E+07  .28013440E+06 -.90778460E-02  .30893960E+04
 .15768740E+02  .55372720E+03  .29215150E+07  .28929410E+06 -.87268990E-02  .29477700E+04
 .15289280E+02  .56458670E+03  .29528240E+07  .29869780E+06 -.84001800E-02  .28224900E+04
 .14827550E+02  .57613370E+03  .29847610E+07  .30833980E+06 -.80931620E-02  .27128130E+04
 .14382550E+02  .58837320E+03  .30173640E+07  .31820950E+06 -.78020330E-02  .26179360E+04
 .13953480E+02  .60130340E+03  .30506720E+07  .32829350E+06 -.75237080E-02  .25369760E+04
 .13539700E+02  .61491480E+03  .30847230E+07  .33857610E+06 -.72558130E-02  .24689600E+04
 .13140670E+02  .62919170E+03  .31195550E+07  .34904090E+06 -.69966520E-02  .24128200E+04
 .12755930E+02  .64411340E+03  .31552040E+07  .35967220E+06 -.67451380E-02  .23674090E+04
 .12385080E+02  .65965570E+03  .31917070E+07  .37045580E+06 -.65006990E-02  .23315340E+04
 .12027730E+02  .67579260E+03  .32290970E+07  .38137980E+06 -.62631510E-02  .23039970E+04
 .12027730E+02  .67579260E+03  .32290970E+07  .38137980E+06 -.62631510E-02  .23039970E+04
 .11305590E+02  .71225550E+03  .33123550E+07  .40522350E+06 -.57779150E-02  .22677300E+04
 .10639640E+02  .75110550E+03  .34001340E+07  .42963000E+06 -.53271850E-02  .22543380E+04
 .10025610E+02  .79217360E+03  .34927090E+07  .45460210E+06 -.49128900E-02  .22560150E+04
 .94590850E+01  .83535230E+03  .35903400E+07  .48017260E+06 -.45352160E-02  .22673400E+04
 .89357500E+01  .88058420E+03  .36932750E+07  .50639010E+06 -.41927090E-02  .22848060E+04
 .84515260E+01  .92784790E+03  .38017610E+07  .53331080E+06 -.38828960E-02  .23062150E+04
 .80026630E+01  .97714640E+03  .39160400E+07  .56099550E+06 -.36028860E-02  .23301700E+04
 .75857580E+01  .10285000E+04  .40363580E+07  .58951060E+06 -.33497650E-02  .23557130E+04
 .71977520E+01  .10819440E+04  .41629640E+07  .61892930E+06 -.31208230E-02  .23820940E+04
 .68358910E+01  .11375270E+04  .42961110E+07  .64933540E+06 -.29136430E-02  .24086210E+04
 .27773060E+04  .10771870E+07  .80178850E+03  .60831690E+04  .28009050E+07  .19378570E+02
 .10000000E+02  .18000000E+02  .20000000E+01  .14000000E+02  .11000000E+02  .80111690E+04
 .80178850E+03  .52137980E+03  .10771870E+07  .13090220E+07 -.16616300E+00  .48481670E+04
 .81091660E+03  .51535190E+03  .10481590E+07  .13682580E+07 -.15989940E+00  .47844150E+04
 .81970370E+03  .50931850E+03  .10194680E+07  .14261590E+07 -.15398150E+00  .47273930E+04
 .82816830E+03  .50328770E+03  .99111490E+06  .14826350E+07 -.14837460E+00  .46761830E+04
 .83632690E+03  .49726640E+03  .96309940E+06  .15376140E+07 -.14304870E+00  .46300230E+04
 .84419450E+03  .49126080E+03  .93542080E+06  .15910440E+07 -.13797750E+00  .45882810E+04
 .85178470E+03  .48527640E+03  .90807780E+06  .16428860E+07 -.13313830E+00  .45504210E+04
 .85910990E+03  .47931820E+03  .88106930E+06  .16931160E+07 -.12851090E+00  .45159880E+04
 .86618160E+03  .47339030E+03  .85439360E+06  .17417180E+07 -.12407770E+00  .44845920E+04
 .87300990E+03  .46749670E+03  .82804890E+06  .17886860E+07 -.11982270E+00  .44558970E+04
 .87300990E+03  .46749670E+03  .82804890E+06  .17886860E+07 -.11982270E+00  .44558970E+04
 .89017330E+03  .45190370E+03  .75909760E+06  .19064330E+07 -.10919860E+00  .43902560E+04
 .90581700E+03  .43663130E+03  .69246180E+06  .20124800E+07 -.99524370E-01  .43377870E+04
 .92006880E+03  .42171680E+03  .62809030E+06  .21068410E+07 -.90613590E-01  .42956420E+04
 .93303140E+03  .40718670E+03  .56592750E+06  .21893990E+07 -.82310850E-01  .42619400E+04
 .94478580E+03  .39305990E+03  .50591410E+06  .22598420E+07 -.74483440E-01  .42353760E+04
 .95539440E+03  .37934880E+03  .44798870E+06  .23176080E+07 -.67015120E-01  .42149110E+04
 .96490300E+03  .36606100E+03  .39208830E+06  .23618340E+07 -.59800220E-01  .41995610E+04
 .97334210E+03  .35319900E+03  .33814910E+06  .23912960E+07 -.52738700E-01  .41883160E+04
 .98072750E+03  .34076090E+03  .28610740E+06  .24044040E+07 -.45736150E-01  .41801880E+04
 .98706180E+03  .32874120E+03  .23589990E+06  .23992180E+07 -.38712030E-01  .41743610E+04
 .99233660E+03  .31713230E+03  .18746450E+06  .23734240E+07 -.31595040E-01  .41703700E+04
 .99652970E+03  .30592510E+03  .14074020E+06  .23242800E+07 -.24259340E-01  .41683050E+04
 .99958990E+03  .29511220E+03  .95667260E+05  .22493160E+07 -.16427880E-01  .41692160E+04
 .10014100E+04  .28468980E+03  .52186990E+05  .21482750E+07 -.76274810E-02  .41757290E+04
 .10017950E+04  .27466210E+03  .10240600E+05  .20256320E+07  .28519830E-02  .41927770E+04
 .10004200E+04  .26504540E+03 -.30232150E+05  .18931420E+07  .16031090E-01  .42288270E+04
 .99678670E+03  .25587470E+03 -.69295280E+05  .17721410E+07  .33179610E-01  .42980030E+04
 .12472120E-02  .52137980E+03  .10771870E+07  .20854190E-08 -.15232380E-04  .48481670E+04
 .51603400E-01  .52137980E+03  .28009050E+07  .12089260E-07 -.15232380E-04  .37278700E+04
 .19378570E+02  .52137980E+03  .28009050E+07  .25328230E+06 -.11293930E-01  .37278700E+04
 .18760680E+02  .52950480E+03  .28303270E+07  .26179410E+06 -.10782320E-01  .35203040E+04
 .18170050E+02  .53823620E+03  .28602210E+07  .27053950E+06 -.10318850E-01  .33326020E+04
 .17604210E+02  .54760250E+03  .28906210E+07  .27952800E+06 -.98958140E-02  .31639470E+04
 .17061090E+02  .55762820E+03  .29215640E+07  .28876400E+06 -.95063840E-02  .30134900E+04
 .16538980E+02  .56833300E+03  .29530880E+07  .29824630E+06 -.91445790E-02  .28803650E+04
 .16036480E+02  .57973070E+03  .29852310E+07  .30796870E+06 -.88052540E-02  .27636930E+04
 .15552450E+02  .59182790E+03  .30180310E+07  .31792030E+06 -.84840850E-02  .26625650E+04
 .15085990E+02  .60462430E+03  .30515280E+07  .32808710E+06 -.81775710E-02  .25760260E+04
 .14636340E+02  .61811190E+03  .30857620E+07  .33845270E+06 -.78829990E-02  .25030520E+04
 .14202910E+02  .63227610E+03  .31207700E+07  .34900020E+06 -.75984080E-02  .24425410E+04
 .13785160E+02  .64709670E+03  .31565890E+07  .35971290E+06 -.73225110E-02  .23933190E+04
 .13382640E+02  .66254970E+03  .31932560E+07  .37057610E+06 -.70545990E-02  .23541630E+04
 .12994900E+02  .67860880E+03  .32308060E+07  .38157710E+06 -.67944090E-02  .23238330E+04
 .12994900E+02  .67860880E+03  .32308060E+07  .38157710E+06 -.67944090E-02  .23238330E+04
 .12211810E+02  .71493950E+03  .33143930E+07  .40557510E+06 -.62633240E-02  .22830140E+04
 .11490170E+02  .75369540E+03  .34024880E+07  .43011840E+06 -.57704660E-02  .22665810E+04
 .10825280E+02  .79469670E+03  .34953700E+07  .45520960E+06 -.53179340E-02  .22662250E+04
 .10212250E+02  .83782750E+03  .35933010E+07  .48088300E+06 -.49059390E-02  .22761370E+04
 .96462960E+01  .88302510E+03  .36965310E+07  .50718930E+06 -.45328480E-02  .22925490E+04
 .91229170E+01  .93026550E+03  .38053080E+07  .53418740E+06 -.41958750E-02  .23131080E+04
 .86379710E+01  .97955020E+03  .39198770E+07  .56194060E+06 -.38917540E-02  .23363320E+04
 .81877140E+01  .10308990E+04  .40404830E+07  .59051740E+06 -.36172040E-02  .23612190E+04
 .77687820E+01  .10843470E+04  .41673760E+07  .61999300E+06 -.33691750E-02  .23869940E+04
 .73781600E+01  .11399440E+04  .43008120E+07  .65045330E+06 -.31449580E-02  .24129520E+04
 .28165460E+04  .10980940E+07  .79540690E+03  .60532250E+04  .27996430E+07  .20878330E+02
 .10000000E+02  .18000000E+02  .20000000E+01  .14000000E+02  .11000000E+02  .79812250E+04
 .79540690E+03  .52567400E+03  .10980940E+07  .12698930E+07 -.17058410E+00  .48941340E+04
 .80477550E+03  .51965040E+03  .10688250E+07  .13299640E+07 -.16407540E+00  .48253890E+04
 .81379020E+03  .51361570E+03  .10398930E+07  .13887760E+07 -.15793730E+00  .47640770E+04
 .82247070E+03  .50757830E+03  .10113000E+07  .14462230E+07 -.15213160E+00  .47091510E+04
 .83083450E+03  .50154600E+03  .98304430E+06  .15022200E+07 -.14662540E+00  .46597530E+04
 .83889780E+03  .49552550E+03  .95512640E+06  .15567020E+07 -.14139040E+00  .46151730E+04
 .84667490E+03  .48952260E+03  .92754510E+06  .16096210E+07 -.13640150E+00  .45748130E+04
 .85417900E+03  .48354270E+03  .90029940E+06  .16609440E+07 -.13163710E+00  .45381680E+04
 .86142210E+03  .47759050E+03  .87338790E+06  .17106480E+07 -.12707790E+00  .45048100E+04
 .86841520E+03  .47167000E+03  .84680870E+06  .17587230E+07 -.12270700E+00  .44743660E+04
 .86841520E+03  .47167000E+03  .84680870E+06  .17587230E+07 -.12270700E+00  .44743660E+04
 .88599040E+03  .45599510E+03  .77723740E+06  .18794370E+07 -.11181470E+00  .44048800E+04
 .90200960E+03  .44062970E+03  .70999470E+06  .19884450E+07 -.10192400E+00  .43494610E+04
 .91660780E+03  .42561430E+03  .64503090E+06  .20857800E+07 -.92839380E-01  .43049540E+04
 .92989360E+03  .41097790E+03  .58229140E+06  .21713680E+07 -.84399220E-01  .42692770E+04
 .94195290E+03  .39674080E+03  .52171760E+06  .22449510E+07 -.76466050E-01  .42410160E+04
 .95285280E+03  .38291710E+03  .46324850E+06  .23060370E+07 -.68920340E-01  .42190930E+04
 .96264300E+03  .36951540E+03  .40682140E+06  .23538430E+07 -.61654600E-01  .42025250E+04
 .97135810E+03  .35653940E+03  .35237260E+06  .23872420E+07 -.54567910E-01  .41903130E+04
 .97901750E+03  .34398840E+03  .29983830E+06  .24047310E+07 -.47564200E-01  .41814510E+04
 .98562730E+03  .33185770E+03  .24915500E+06  .24044510E+07 -.40558770E-01  .41750620E+04
 .99118160E+03  .32013990E+03  .20026030E+06  .23841890E+07 -.33481460E-01  .41705730E+04
 .99566330E+03  .30882630E+03  .15309280E+06  .23412830E+07 -.26231140E-01  .41678910E+04
 .99903110E+03  .29790850E+03  .10759260E+06  .22730380E+07 -.18577840E-01  .41677390E+04
 .10011960E+04  .28738150E+03  .63700770E+05  .21783690E+07 -.10101800E-01  .41722350E+04
 .10019890E+04  .27724670E+03  .21358610E+05  .20602600E+07 -.16080480E-03  .41855700E+04
 .10011240E+04  .26751640E+03 -.19493430E+05  .19283370E+07  .12184100E-01  .42150470E+04
 .99815170E+03  .25821970E+03 -.58917950E+05  .18012690E+07  .28170720E-01  .42729430E+04
 .12572180E-02  .52567400E+03  .10980940E+07  .18622020E-08 -.14409630E-04  .48941340E+04
 .47896560E-01  .52567400E+03  .27996430E+07  .10473080E-07 -.14409630E-04  .38374530E+04
 .20878330E+02  .52567400E+03  .27996430E+07  .25237830E+06 -.12280690E-01  .38374530E+04
 .20206790E+02  .53363820E+03  .28293010E+07  .26095500E+06 -.11712640E-01  .36167260E+04
 .19565490E+02  .54220950E+03  .28594220E+07  .26976710E+06 -.11199120E-01  .34174630E+04
 .18951630E+02  .55141710E+03  .28900400E+07  .27882470E+06 -.10731370E-01  .32386640E+04
 .18362870E+02  .56128650E+03  .29211930E+07  .28813220E+06 -.10301640E-01  .30792920E+04
 .17797270E+02  .57183830E+03  .29529170E+07  .29768840E+06 -.99031810E-02  .29383020E+04
 .17253240E+02  .58308730E+03  .29852520E+07  .30748670E+06 -.95301710E-02  .28146540E+04
 .16729500E+02  .59504190E+03  .30182360E+07  .31751570E+06 -.91777460E-02  .27073150E+04
 .16225020E+02  .60770290E+03  .30519090E+07  .32776070E+06 -.88419620E-02  .26152370E+04
 .15738950E+02  .62106400E+03  .30863120E+07  .33820490E+06 -.85197520E-02  .25373330E+04
 .15270600E+02  .63511160E+03  .31214810E+07  .34883050E+06 -.82088760E-02  .24724600E+04
 .14819380E+02  .64982660E+03  .31574570E+07  .35962040E+06 -.79078330E-02  .24194160E+04
 .14384760E+02  .66518510E+03  .31942740E+07  .37055890E+06 -.76157630E-02  .23769490E+04
 .13966250E+02  .68116050E+03  .32319690E+07  .38163300E+06 -.73323090E-02  .23437870E+04
 .13966250E+02  .68116050E+03  .32319690E+07  .38163300E+06 -.73323090E-02  .23437870E+04
 .13121460E+02  .71734600E+03  .33158540E+07  .40577720E+06 -.67542030E-02  .22983120E+04
 .12343560E+02  .75599460E+03  .34042300E+07  .43045010E+06 -.62182080E-02  .22787480E+04
 .11627320E+02  .79691590E+03  .34973830E+07  .45565360E+06 -.57265730E-02  .22762960E+04
 .10967390E+02  .83998600E+03  .35955760E+07  .48142310E+06 -.52795300E-02  .22847540E+04
 .10358520E+02  .88513670E+03  .36990630E+07  .50781180E+06 -.48752610E-02  .23000880E+04
 .97957410E+01  .93234070E+03  .38080910E+07  .53488080E+06 -.45106510E-02  .23197830E+04
 .92745210E+01  .98159840E+03  .39229070E+07  .56269590E+06 -.41820460E-02  .23422690E+04
 .87907570E+01  .10329290E+04  .40437570E+07  .59132740E+06 -.38857760E-02  .23664960E+04
 .83407780E+01  .10863680E+04  .41708940E+07  .62085290E+06 -.36184350E-02  .23916670E+04
 .79212970E+01  .11419640E+04  .43045720E+07  .65135960E+06 -.33770070E-02  .24170630E+04
 .28537300E+04  .11180820E+07  .78921550E+03  .60248030E+04  .27980540E+07  .22392840E+02
 .10000000E+02  .18000000E+02  .20000000E+01  .14000000E+02  .11000000E+02  .79528030E+04
 .78921550E+03  .52974430E+03  .11180820E+07  .12325030E+07 -.17492210E+00  .49409220E+04
 .79882000E+03  .52372840E+03  .10885850E+07  .12933100E+07 -.16816630E+00  .48669750E+04
 .80805750E+03  .51769540E+03  .10594250E+07  .13529380E+07 -.16180640E+00  .48012120E+04
 .81694890E+03  .51165480E+03  .10306030E+07  .14112660E+07 -.15580100E+00  .47424500E+04
 .82551310E+03  .50561450E+03  .10021200E+07  .14681980E+07 -.15011430E+00  .46897210E+04
 .83376710E+03  .49958190E+03  .97397430E+06  .15236540E+07 -.14471520E+00  .46422290E+04
 .84172610E+03  .49356340E+03  .94616630E+06  .15775770E+07 -.13957700E+00  .45993130E+04
 .84940410E+03  .48756470E+03  .91869480E+06  .16299230E+07 -.13467590E+00  .45604140E+04
 .85681380E+03  .48159080E+03  .89155860E+06  .16806650E+07 -.12999150E+00  .45250560E+04
 .86396690E+03  .47564620E+03  .86475610E+06  .17297830E+07 -.12550530E+00  .44928360E+04
 .86396690E+03  .47564620E+03  .86475610E+06  .17297830E+07 -.12550530E+00  .44928360E+04
 .88194120E+03  .45989650E+03  .79459380E+06  .18533030E+07 -.11434660E+00  .44194620E+04
 .89832340E+03  .44444490E+03  .72677220E+06  .19651110E+07 -.10424060E+00  .43610860E+04
 .91325570E+03  .42933520E+03  .66124310E+06  .20652520E+07 -.94982710E-01  .43142370E+04
 .92685220E+03  .41459880E+03  .59795290E+06  .21536860E+07 -.86404790E-01  .42766200E+04
 .93920400E+03  .40025780E+03  .53684370E+06  .22302070E+07 -.78364710E-01  .42467000E+04
 .95038230E+03  .38632750E+03  .47785500E+06  .22943840E+07 -.70739510E-01  .42233450E+04
 .96044110E+03  .37281790E+03  .42092440E+06  .23455090E+07 -.63419620E-01  .42055700E+04
 .96941840E+03  .35973380E+03  .36598840E+06  .23825410E+07 -.56303230E-01  .41923850E+04
 .97733730E+03  .34707530E+03  .31298300E+06  .24040640E+07 -.49293120E-01  .41827780E+04
 .98420720E+03  .33483870E+03  .26184470E+06  .24083000E+07 -.42301130E-01  .41758250E+04
 .99002500E+03  .32301710E+03  .21251060E+06  .23931190E+07 -.35255350E-01  .41708640E+04
 .99477700E+03  .31160190E+03  .16491920E+06  .23559590E+07 -.28071170E-01  .41676550E+04
 .99843030E+03  .30058440E+03  .11901020E+06  .22940180E+07 -.20559640E-01  .41666510E+04
 .10009100E+04  .28995830E+03  .74724340E+05  .22055840E+07 -.12350570E-01  .41695360E+04
 .10020720E+04  .27972280E+03  .32003160E+05  .20923850E+07 -.28615910E-02  .41798710E+04
 .10016620E+04  .26988700E+03 -.92124740E+04  .19621720E+07  .87687620E-02  .42039810E+04
 .99927530E+03  .26047450E+03 -.48984070E+05  .18312040E+07  .23725030E-01  .42525810E+04
 .12670810E-02  .52974430E+03  .11180820E+07  .16762620E-08 -.13683080E-04  .49409220E+04
 .44657120E-01  .52974430E+03  .27980540E+07  .91591620E-08 -.13683080E-04  .39483990E+04
 .22392840E+02  .52974430E+03  .27980540E+07  .25140400E+06 -.13293420E-01  .39483990E+04
 .21666290E+02  .53755080E+03  .28279360E+07  .26004050E+06 -.12665920E-01  .37141000E+04
 .20973120E+02  .54596480E+03  .28582710E+07  .26891450E+06 -.12099790E-01  .35029590E+04
 .20310160E+02  .55501630E+03  .28890960E+07  .27803650E+06 -.11585150E-01  .33137920E+04
 .19674780E+02  .56473140E+03  .29204460E+07  .28741100E+06 -.11113270E-01  .31453670E+04
 .19064820E+02  .57513150E+03  .29523590E+07  .29703680E+06 -.10676550E-01  .29964440E+04
 .18478480E+02  .58623270E+03  .29848730E+07  .30690680E+06 -.10268440E-01  .28658060E+04
 .17914320E+02  .59804440E+03  .30180300E+07  .31700910E+06 -.98835050E-02  .27522720E+04
 .17371170E+02  .61056880E+03  .30518680E+07  .32732830E+06 -.95173350E-02  .26546780E+04
 .16848090E+02  .62380110E+03  .30864270E+07  .33784700E+06 -.91664970E-02  .25718610E+04
 .16344290E+02  .63772910E+03  .31217460E+07  .34854680E+06 -.88284520E-02  .25026290E+04
 .15859100E+02  .65233440E+03  .31578650E+07  .35940990E+06 -.85014760E-02  .24457490E+04
 .15391940E+02  .66759360E+03  .31948200E+07  .37042010E+06 -.81845410E-02  .23999410E+04
 .14942250E+02  .68348030E+03  .32326470E+07  .38156360E+06 -.78771820E-02  .23639050E+04
 .14942250E+02  .68348030E+03  .32326470E+07  .38156360E+06 -.78771820E-02  .23639050E+04
 .14035020E+02  .71950880E+03  .33168000E+07  .40584680E+06 -.72508530E-02  .23136710E+04
 .13200200E+02  .75803810E+03  .34054290E+07  .43064290E+06 -.66706900E-02  .22908820E+04
 .12432110E+02  .79886790E+03  .34988220E+07  .45595260E+06 -.61390660E-02  .22862660E+04
 .11724870E+02  .84186570E+03  .35972440E+07  .48181260E+06 -.56562250E-02  .22932270E+04
 .11072740E+02  .88695790E+03  .37009530E+07  .50827800E+06 -.52201610E-02  .23074560E+04
 .10470300E+02  .93411420E+03  .38101970E+07  .53541230E+06 -.48274180E-02  .23262730E+04
 .99125870E+01  .98333320E+03  .39252230E+07  .56328340E+06 -.44739350E-02  .23480130E+04
 .93951450E+01  .10346340E+04  .40462800E+07  .59196380E+06 -.41556360E-02  .23715790E+04
 .89139800E+01  .10880500E+04  .41736200E+07  .62153260E+06 -.38687440E-02  .23961460E+04
 .84655250E+01  .11436330E+04  .43074990E+07  .65207920E+06 -.36099170E-02  .24209860E+04
 .28891080E+04  .11372610E+07  .78319090E+03  .59976970E+04  .27961710E+07  .23922970E+02
 .10000000E+02  .18000000E+02  .20000000E+01  .14000000E+02  .11000000E+02  .79256970E+04
 .78319090E+03  .53361620E+03  .11372610E+07  .11966920E+07 -.17919090E+00  .49886340E+04
 .79302730E+03  .52761100E+03  .11075460E+07  .12581430E+07 -.17218540E+00  .49092530E+04
 .80248350E+03  .52158280E+03  .10781690E+07  .13184980E+07 -.16560190E+00  .48388690E+04
 .81158180E+03  .51554160E+03  .10491290E+07  .13776260E+07 -.15939560E+00  .47761400E+04
 .82034220E+03  .50949610E+03  .10204280E+07  .14354140E+07 -.15352760E+00  .47199790E+04
 .82878260E+03  .50345420E+03  .99206540E+06  .14917730E+07 -.14796430E+00  .46694990E+04
 .83691930E+03  .49742270E+03  .96404090E+06  .15466320E+07 -.14267660E+00  .46239650E+04
 .84476700E+03  .49140770E+03  .93635380E+06  .15999400E+07 -.13763920E+00  .45827610E+04
 .85233920E+03  .48541470E+03  .90900290E+06  .16516590E+07 -.13282980E+00  .45453670E+04
 .85964780E+03  .47944840E+03  .88198690E+06  .17017650E+07 -.12822890E+00  .45113400E+04
 .85964780E+03  .47944840E+03  .88198690E+06  .17017650E+07 -.12822890E+00  .45113400E+04
 .87801010E+03  .46363010E+03  .81125920E+06  .18279460E+07 -.11680520E+00  .44340270E+04
 .89474450E+03  .44809830E+03  .74288340E+06  .19424140E+07 -.10648500E+00  .43726780E+04
 .91000000E+03  .43290020E+03  .67681300E+06  .20452130E+07 -.97054250E-01  .43234980E+04
 .92389650E+03  .41806950E+03  .61299500E+06  .21363370E+07 -.88338320E-01  .42839690E+04
 .93652980E+03  .40363010E+03  .55137260E+06  .22156210E+07 -.80190360E-01  .42524210E+04
 .94797560E+03  .38959870E+03  .49188560E+06  .22826930E+07 -.72483900E-01  .42276610E+04
 .95829150E+03  .37598650E+03  .43447200E+06  .23369120E+07 -.65107120E-01  .42086910E+04
 .96751910E+03  .36279920E+03  .37906840E+06  .23773180E+07 -.57957170E-01  .41945300E+04
 .97568510E+03  .35003810E+03  .32561090E+06  .24025790E+07 -.50936020E-01  .41841670E+04
 .98280180E+03  .33770020E+03  .27403580E+06  .24109930E+07 -.43952800E-01  .41766460E+04
 .98886910E+03  .32577920E+03  .22428000E+06  .24005080E+07 -.36932460E-01  .41712260E+04
 .99387610E+03  .31426680E+03  .17628160E+06  .23686610E+07 -.29800340E-01  .41675500E+04
 .99779610E+03  .30315400E+03  .12998000E+06  .23126260E+07 -.22402020E-01  .41658510E+04
 .10005680E+04  .29243350E+03  .85315790E+05  .22302310E+07 -.14413680E-01  .41674370E+04
 .10020650E+04  .28210290E+03  .42230440E+05  .21221530E+07 -.53063830E-02  .41753250E+04
 .10020650E+04  .27216810E+03  .66514280E+03  .19944930E+07  .57098990E-02  .41950170E+04
 .10002010E+04  .26264860E+03 -.39440730E+05  .18613240E+07  .19755040E-01  .42358940E+04
 .12768280E-02  .53361620E+03  .11372610E+07  .15194800E-08 -.13036140E-04  .49886340E+04
 .41800830E-01  .53361620E+03  .27961710E+07  .80764820E-08 -.13036140E-04  .40610660E+04
 .23922970E+02  .53361620E+03  .27961710E+07  .25036850E+06 -.14332980E-01  .40610660E+04
 .23139990E+02  .54126750E+03  .28262650E+07  .25905990E+06 -.13642950E-01  .38127470E+04
 .22393680E+02  .54952670E+03  .28568040E+07  .26799100E+06 -.13021580E-01  .35893690E+04
 .21680500E+02  .55842410E+03  .28878240E+07  .27717280E+06 -.12457810E-01  .33895620E+04
 .20997510E+02  .56798670E+03  .29193600E+07  .28661010E+06 -.11941870E-01  .32118970E+04
 .20342280E+02  .57823660E+03  .29514510E+07  .29630160E+06 -.11465230E-01  .30549310E+04
 .19712810E+02  .58919070E+03  .29841360E+07  .30623950E+06 -.11020580E-01  .29172550E+04
 .19107490E+02  .60085940E+03  .30174540E+07  .31641140E+06 -.10601850E-01  .27975140E+04
 .18525010E+02  .61324640E+03  .30514460E+07  .32680110E+06 -.10204150E-01  .26944110E+04
 .17964300E+02  .62634810E+03  .30861510E+07  .33739050E+06 -.98236580E-02  .26066890E+04
 .17424490E+02  .64015350E+03  .31216100E+07  .34816090E+06 -.94575310E-02  .25330970E+04
 .16904830E+02  .65464540E+03  .31578610E+07  .35909370E+06 -.91038070E-02  .24723630E+04
 .16404660E+02  .66980120E+03  .31949420E+07  .37017210E+06 -.87612770E-02  .24231830E+04
 .15923370E+02  .68559470E+03  .32328910E+07  .38138190E+06 -.84293550E-02  .23842310E+04
 .15923370E+02  .68559470E+03  .32328910E+07  .38138190E+06 -.84293550E-02  .23842310E+04
 .14952880E+02  .72145530E+03  .33172870E+07  .40579780E+06 -.77535710E-02  .23291320E+04
 .14060490E+02  .75985440E+03  .34061410E+07  .43071130E+06 -.71281870E-02  .23030200E+04
 .13240000E+02  .80058200E+03  .34997450E+07  .45612190E+06 -.65556630E-02  .22961680E+04
 .12485010E+02  .84349710E+03  .35983680E+07  .48206730E+06 -.60362520E-02  .23015860E+04
 .11789260E+02  .88852070E+03  .37022690E+07  .50860440E+06 -.55677530E-02  .23146840E+04
 .11146860E+02  .93561890E+03  .38116960E+07  .53579890E+06 -.51463600E-02  .23326070E+04
 .10552430E+02  .98478880E+03  .39269000E+07  .56372090E+06 -.47675870E-02  .23535940E+04
 .10001120E+02  .10360480E+04  .40481290E+07  .59244490E+06 -.44269340E-02  .23764950E+04
 .94886050E+01  .10894320E+04  .41756370E+07  .62205160E+06 -.41202330E-02  .24004600E+04
 .90110490E+01  .11449900E+04  .43096800E+07  .65263190E+06 -.38438070E-02  .24247460E+04
 .29228850E+04  .11557190E+07  .77731340E+03  .59717390E+04  .27940190E+07  .25469520E+02
 .10000000E+02  .18000000E+02  .20000000E+01  .14000000E+02  .11000000E+02  .78997390E+04
 .77731340E+03  .53731070E+03  .11557190E+07  .11623230E+07 -.18340200E+00  .50373660E+04
 .78737850E+03  .53131900E+03  .11257970E+07  .12243340E+07 -.17614400E+00  .49523050E+04
 .79704990E+03  .52529830E+03  .10962120E+07  .12853360E+07 -.16933500E+00  .48771120E+04
 .80635150E+03  .51925920E+03  .10669640E+07  .13451850E+07 -.16292630E+00  .48102740E+04
 .81530440E+03  .51321110E+03  .10380550E+07  .14037580E+07 -.15687600E+00  .47505740E+04
 .82392760E+03  .50716230E+03  .10094840E+07  .14609520E+07 -.15114780E+00  .46970220E+04
 .83223830E+03  .50112020E+03  .98125260E+06  .15166860E+07 -.14571050E+00  .46488050E+04
 .84025210E+03  .49509120E+03  .95335880E+06  .15708960E+07 -.14053660E+00  .46052460E+04
 .84798290E+03  .48908130E+03  .92580200E+06  .16235370E+07 -.13560240E+00  .45657740E+04
 .85544370E+03  .48309550E+03  .89858120E+06  .16745790E+07 -.13088710E+00  .45299070E+04
 .85544370E+03  .48309550E+03  .89858120E+06  .16745790E+07 -.13088710E+00  .45299070E+04
 .87418410E+03  .46721440E+03  .82731100E+06  .18032940E+07 -.11919960E+00  .44485970E+04
 .89126110E+03  .45160780E+03  .75840310E+06  .19202960E+07 -.10866610E+00  .43842520E+04
 .90683040E+03  .43632650E+03  .69181230E+06  .20256270E+07 -.99062870E-01  .43327430E+04
 .92101740E+03  .42140660E+03  .62748710E+06  .21193020E+07 -.90208730E-01  .42913240E+04
 .93392290E+03  .40687370E+03  .56537100E+06  .22012000E+07 -.81952070E-01  .42581760E+04
 .94562630E+03  .39274620E+03  .50540470E+06  .22709970E+07 -.74162840E-01  .42320350E+04
 .95618930E+03  .37903590E+03  .44752630E+06  .23281160E+07 -.66726850E-01  .42118820E+04
 .96565690E+03  .36575010E+03  .39167270E+06  .23716710E+07 -.59540030E-01  .41967450E+04
 .97405880E+03  .35289070E+03  .33777990E+06  .24004130E+07 -.52503710E-01  .41856180E+04
 .98141080E+03  .34045560E+03  .28578420E+06  .24127130E+07 -.45525010E-01  .41775200E+04
 .98771530E+03  .32843910E+03  .23562230E+06  .24065900E+07 -.38525290E-01  .41716480E+04
 .99296400E+03  .31683330E+03  .18723200E+06  .23796760E+07 -.31434900E-01  .41675440E+04
 .99713520E+03  .30562900E+03  .14055230E+06  .23291720E+07 -.24127370E-01  .41652640E+04
 .10001780E+04  .29481830E+03  .95523590E+05  .22525870E+07 -.16322060E-01  .41657940E+04
 .10019830E+04  .28439720E+03  .52087290E+05  .21497220E+07 -.75387060E-02  .41716740E+04
 .10023550E+04  .27436910E+03  .10184790E+05  .20252320E+07  .29479400E-02  .41876990E+04
 .10009620E+04  .26474960E+03 -.30243850E+05  .18912060E+07  .16188290E-01  .42221160E+04
 .12864820E-02  .53731070E+03  .11557190E+07  .13858680E-08 -.12455870E-04  .50373660E+04
 .39262620E-01  .53731070E+03  .27940190E+07  .71737240E-08 -.12455870E-04  .41757770E+04
 .25469520E+02  .53731070E+03  .27940190E+07  .24927910E+06 -.15400250E-01  .41757770E+04
 .24628650E+02  .54480930E+03  .28243150E+07  .25802050E+06 -.14644520E-01  .39129600E+04
 .23827910E+02  .55291560E+03  .28550490E+07  .26700400E+06 -.13965190E-01  .36769500E+04
 .23063360E+02  .56166090E+03  .28862540E+07  .27624120E+06 -.13350000E-01  .34661900E+04
 .22331720E+02  .57107250E+03  .29179670E+07  .28573730E+06 -.12788050E-01  .32790560E+04
 .21630280E+02  .58117330E+03  .29502270E+07  .29549080E+06 -.12269800E-01  .31139000E+04
 .20956840E+02  .59198090E+03  .29830720E+07  .30549330E+06 -.11787120E-01  .29691020E+04
 .20309590E+02  .60350670E+03  .30165420E+07  .31573130E+06 -.11333270E-01  .28431190E+04
 .19687070E+02  .61575540E+03  .30506780E+07  .32618800E+06 -.10902860E-01  .27344970E+04
 .19088110E+02  .62872490E+03  .30855200E+07  .33684490E+06 -.10491660E-01  .26418660E+04
 .18511710E+02  .64240550E+03  .31211080E+07  .34768250E+06 -.10096510E-01  .25639050E+04
 .17957040E+02  .65678090E+03  .31574820E+07  .35868170E+06 -.97151960E-02  .24992990E+04
 .17423370E+02  .67182940E+03  .31946800E+07  .36982530E+06 -.93463170E-02  .24467150E+04
 .16910040E+02  .68752520E+03  .32327390E+07  .38109830E+06 -.89891520E-02  .24048040E+04
 .16910040E+02  .68752520E+03  .32327390E+07  .38109830E+06 -.89891520E-02  .24048040E+04
 .15875460E+02  .72320820E+03  .33173560E+07  .40564100E+06 -.82626490E-02  .23447290E+04
 .14924810E+02  .76146700E+03  .34064120E+07  .43066680E+06 -.75909670E-02  .23151930E+04
 .14051330E+02  .80208260E+03  .35002030E+07  .45617370E+06 -.69766110E-02  .23060310E+04
 .13248110E+02  .84490560E+03  .35990000E+07  .48220000E+06 -.64198340E-02  .23098580E+04
 .12508360E+02  .88985110E+03  .37030650E+07  .50880450E+06 -.59182390E-02  .23217960E+04
 .11825700E+02  .93688180E+03  .38126480E+07  .53605480E+06 -.54676550E-02  .23388100E+04
 .11194280E+02  .98599300E+03  .39280000E+07  .56402330E+06 -.50631600E-02  .23590350E+04
 .10608890E+02  .10372020E+04  .40493700E+07  .59278600E+06 -.46998090E-02  .23812670E+04
 .10064870E+02  .10905430E+04  .41770130E+07  .62242560E+06 -.43730290E-02  .24046290E+04
 .95580640E+01  .11460660E+04  .43111880E+07  .65303410E+06 -.40787880E-02  .24283650E+04
 .29552370E+04  .11735330E+07  .77156620E+03  .59467870E+04  .27916180E+07  .27033330E+02
 .10000000E+02  .18000000E+02  .20000000E+01  .14000000E+02  .11000000E+02  .78747870E+04
 .77156620E+03  .54084570E+03  .11735330E+07  .11292790E+07 -.18756520E+00  .50872160E+04
 .78185720E+03  .53487020E+03  .11434130E+07  .11917720E+07 -.18005190E+00  .49962060E+04
 .79174100E+03  .52885960E+03  .11136290E+07  .12533450E+07 -.17301500E+00  .49160050E+04
 .80124270E+03  .52282500E+03  .10841810E+07  .13138430E+07 -.16640220E+00  .48449070E+04
 .81038510E+03  .51677650E+03  .10550730E+07  .13731330E+07 -.16016830E+00  .47815520E+04
 .81918790E+03  .51072310E+03  .10263030E+07  .14311000E+07 -.15427450E+00  .47248390E+04
 .82766950E+03  .50467250E+03  .99787140E+06  .14876490E+07 -.14868690E+00  .46738700E+04
 .83584610E+03  .49863180E+03  .96977900E+06  .15427080E+07 -.14337650E+00  .46278990E+04
 .84373240E+03  .49260710E+03  .94202440E+06  .15962220E+07 -.13831760E+00  .45863060E+04
 .85134190E+03  .48660380E+03  .91460660E+06  .16481520E+07 -.13348790E+00  .45485630E+04
 .85134190E+03  .48660380E+03  .91460660E+06  .16481520E+07 -.13348790E+00  .45485630E+04
 .87045200E+03  .47066500E+03  .84281430E+06  .17792820E+07 -.12153730E+00  .44631930E+04
 .88786320E+03  .45498850E+03  .77339390E+06  .18987080E+07 -.11079140E+00  .43958220E+04
 .90373790E+03  .43962870E+03  .70630190E+06  .20064570E+07 -.10101600E+00  .43419820E+04
 .91820710E+03  .42462410E+03  .64148760E+06  .21025640E+07 -.92023460E-01  .42986860E+04
 .93137620E+03  .41000240E+03  .57889550E+06  .21869430E+07 -.83657360E-01  .42639620E+04
 .94332890E+03  .39578290E+03  .51846670E+06  .22593170E+07 -.75784080E-01  .42364620E+04
 .95413020E+03  .38197900E+03  .46013980E+06  .23191680E+07 -.68286880E-01  .42151400E+04
 .96382850E+03  .36859850E+03  .40385190E+06  .23656780E+07 -.61060350E-01  .41990270E+04
 .97245690E+03  .35564470E+03  .34953890E+06  .23976740E+07 -.54005190E-01  .41871270E+04
 .98003390E+03  .34311610E+03  .29713720E+06  .24136040E+07 -.47027100E-01  .41784440E+04
 .98656480E+03  .33100770E+03  .24658310E+06  .24115540E+07 -.40043970E-01  .41721220E+04
 .99204350E+03  .31931180E+03  .19781420E+06  .23892370E+07 -.32987650E-01  .41676180E+04
 .99645240E+03  .30801950E+03  .15076940E+06  .23439180E+07 -.25753320E-01  .41648410E+04
 .99974880E+03  .29712220E+03  .10538860E+06  .22728950E+07 -.18100090E-01  .41645030E+04
 .10018400E+04  .28661460E+03  .61613250E+05  .21752530E+07 -.95928390E-02  .41687240E+04
 .10025510E+04  .27649800E+03  .19384730E+05  .20543790E+07  .43529590E-03  .41816860E+04
 .10015850E+04  .26678470E+03 -.21356300E+05  .19205600E+07  .12964770E-01  .42106640E+04
 .12960650E-02  .54084570E+03  .11735330E+07  .12709270E-08 -.11932050E-04  .50872160E+04
 .36991380E-01  .54084570E+03  .27916180E+07  .64130670E-08 -.11932050E-04  .42928310E+04
 .27033330E+02  .54084570E+03  .27916180E+07  .24814200E+06 -.16496120E-01  .42928310E+04
 .26133060E+02  .54819350E+03  .28221080E+07  .25692840E+06 -.15671410E-01  .40150120E+04
 .25276550E+02  .55614880E+03  .28530270E+07  .26595950E+06 -.14931340E-01  .37659460E+04
 .24459430E+02  .56474350E+03  .28844090E+07  .27524790E+06 -.14262370E-01  .35438820E+04
 .23678060E+02  .57400550E+03  .29162910E+07  .28479920E+06 -.13652410E-01  .33470120E+04
 .22929450E+02  .58395830E+03  .29487100E+07  .29461130E+06 -.13090830E-01  .31734800E+04
 .22211160E+02  .59461990E+03  .29817070E+07  .30467500E+06 -.12568600E-01  .30214490E+04
 .21521180E+02  .60600290E+03  .30153210E+07  .31497590E+06 -.12078280E-01  .28891630E+04
 .20857900E+02  .61811280E+03  .30495930E+07  .32549650E+06 -.11613940E-01  .27749920E+04
 .20220020E+02  .63094860E+03  .30845640E+07  .33621770E+06 -.11170940E-01  .26774380E+04
 .19606430E+02  .64450210E+03  .31202730E+07  .34711940E+06 -.10745790E-01  .25950940E+04
 .19016200E+02  .65875820E+03  .31567610E+07  .35818220E+06 -.10336020E-01  .25265940E+04
 .18448540E+02  .67369600E+03  .31940660E+07  .36938800E+06 -.99400090E-02  .24705720E+04
 .17902680E+02  .68929030E+03  .32322270E+07  .38072150E+06 -.95569000E-02  .24256580E+04
 .17902680E+02  .68929030E+03  .32322270E+07  .38072150E+06 -.95569000E-02  .24256580E+04
 .16803150E+02  .72478640E+03  .33170440E+07  .40538580E+06 -.87783790E-02  .23604980E+04
 .15793500E+02  .76289540E+03  .34062800E+07  .43051920E+06 -.80592960E-02  .23274330E+04
 .14866430E+02  .80338980E+03  .35002340E+07  .45611820E+06 -.74021530E-02  .23158820E+04
 .14014490E+02  .84611200E+03  .35991830E+07  .48222150E+06 -.68071920E-02  .23180670E+04
 .13230320E+02  .89097090E+03  .37033870E+07  .50888930E+06 -.62718140E-02  .23288150E+04
 .12507050E+02  .93792550E+03  .38131000E+07  .53619160E+06 -.57914790E-02  .23449020E+04
 .11838380E+02  .98696940E+03  .39285720E+07  .56420230E+06 -.53608100E-02  .23643550E+04
 .11218680E+02  .10381190E+04  .40500570E+07  .59299960E+06 -.49744010E-02  .23859150E+04
 .10642950E+02  .10914080E+04  .41778070E+07  .62266740E+06 -.46272540E-02  .24086740E+04
 .10106750E+02  .11468860E+04  .43120820E+07  .65329950E+06 -.43149700E-02  .24318630E+04
 .29863100E+04  .11907690E+07  .76593480E+03  .59227200E+04  .27889870E+07  .28615190E+02
 .10000000E+02  .18000000E+02  .20000000E+01  .14000000E+02  .11000000E+02  .78507200E+04
 .76593480E+03  .54423630E+03  .11907690E+07  .10974590E+07 -.19168900E+00  .51382810E+04
 .77644930E+03  .53827950E+03  .11604580E+07  .11603630E+07 -.18391710E+00  .50410350E+04
 .78654300E+03  .53228130E+03  .11304830E+07  .12224360E+07 -.17664990E+00  .49556090E+04
 .79624240E+03  .52625350E+03  .11008430E+07  .12835170E+07 -.16983110E+00  .48800890E+04
 .80557150E+03  .52020680E+03  .10715430E+07  .13434600E+07 -.16341230E+00  .48129550E+04
 .81455130E+03  .51415090E+03  .10425800E+07  .14021390E+07 -.15735170E+00  .47529860E+04
 .82320090E+03  .50809400E+03  .10139580E+07  .14594480E+07 -.15161340E+00  .46991890E+04
 .83153740E+03  .50204340E+03  .98567380E+06  .15153050E+07 -.14616590E+00  .46507500E+04
 .83957640E+03  .49600570E+03  .95772840E+06  .15696430E+07 -.14098210E+00  .46069890E+04
 .84733190E+03  .48998690E+03  .93012080E+06  .16224170E+07 -.13603820E+00  .45673330E+04
 .84733190E+03  .48998690E+03  .93012080E+06  .16224170E+07 -.13603820E+00  .45673330E+04
 .86680410E+03  .47399510E+03  .85782480E+06  .17558550E+07 -.12382490E+00  .44778330E+04
 .88454210E+03  .45825330E+03  .78790970E+06  .18776040E+07 -.11286710E+00  .44074020E+04
 .90071470E+03  .44281920E+03  .72033340E+06  .19876710E+07 -.10291990E+00  .43512200E+04
 .91545870E+03  .42773420E+03  .65504640E+06  .20861040E+07 -.93788850E-01  .43060570E+04
 .92888410E+03  .41302750E+03  .59199420E+06  .21728470E+07 -.85312670E-01  .42697760E+04
 .94107840E+03  .39872010E+03  .53111830E+06  .22476690E+07 -.77354170E-01  .42409380E+04
 .95211020E+03  .38482620E+03  .47235750E+06  .23101040E+07 -.69794030E-01  .42184600E+04
 .96203120E+03  .37135490E+03  .41564920E+06  .23593970E+07 -.62525300E-01  .42013750E+04
 .97087740E+03  .35831010E+03  .36092970E+06  .23944520E+07 -.55448070E-01  .41886950E+04
 .97867040E+03  .34569140E+03  .30813490E+06  .24137860E+07 -.48466980E-01  .41794170E+04
 .98541800E+03  .33349420E+03  .25720120E+06  .24155510E+07 -.41496880E-01  .41726440E+04
 .99111660E+03  .32171140E+03  .20806590E+06  .23975380E+07 -.34468830E-01  .41677550E+04
 .99575150E+03  .31033400E+03  .16066750E+06  .23570860E+07 -.27293960E-01  .41645420E+04
 .99928750E+03  .29935320E+03  .11494590E+06  .22913720E+07 -.19767280E-01  .41634840E+04
 .10016450E+04  .28876270E+03  .70842020E+05  .21989040E+07 -.11496130E-01  .41663260E+04
 .10026690E+04  .27856170E+03  .28297590E+05  .20819570E+07 -.18663570E-02  .41767160E+04
 .10020920E+04  .26875970E+03 -.12746420E+05  .19491920E+07  .10034690E-01  .42010890E+04
 .13055940E-02  .54423630E+03  .11907690E+07  .11712170E-08 -.11456460E-04  .51382810E+04
 .34946470E-01  .54423630E+03  .27889870E+07  .57661340E-08 -.11456460E-04  .44125040E+04
 .28615190E+02  .54423630E+03  .27889870E+07  .24696230E+06 -.17621440E-01  .44125040E+04
 .27653980E+02  .55143520E+03  .28196630E+07  .25578850E+06 -.16724420E-01  .41191530E+04
 .26740310E+02  .55924110E+03  .28507590E+07  .26486250E+06 -.15920770E-01  .38565810E+04
 .25869390E+02  .56768650E+03  .28823100E+07  .27419790E+06 -.15195620E-01  .36228330E+04
 .25037190E+02  .57680000E+03  .29143520E+07  .28380080E+06 -.14535600E-01  .34159250E+04
 .24240410E+02  .58660560E+03  .29469240E+07  .29366850E+06 -.13928920E-01  .32338010E+04
 .23476340E+02  .59712190E+03  .29800650E+07  .30379040E+06 -.13365560E-01  .30743950E+04
 .22742810E+02  .60836200E+03  .30138150E+07  .31415120E+06 -.12837370E-01  .29357210E+04
 .22038020E+02  .62033250E+03  .30482150E+07  .32473270E+06 -.12337840E-01  .28159550E+04
 .21360530E+02  .63303360E+03  .30833060E+07  .33551530E+06 -.11861930E-01  .27134510E+04
 .20709120E+02  .64645810E+03  .31191290E+07  .34647840E+06 -.11405780E-01  .26267030E+04
 .20082770E+02  .66059220E+03  .31557230E+07  .35760180E+06 -.10966640E-01  .25542820E+04
 .19480570E+02  .67541610E+03  .31931280E+07  .36886730E+06 -.10542700E-01  .24947880E+04
 .18901720E+02  .69090520E+03  .32313820E+07  .38025880E+06 -.10132930E-01  .24468280E+04
 .18901720E+02  .69090520E+03  .32313820E+07  .38025880E+06 -.10132930E-01  .24468280E+04
 .17736310E+02  .72620570E+03  .33163810E+07  .40503980E+06 -.93010540E-02  .23764690E+04
 .16666900E+02  .76415630E+03  .34057770E+07  .43027660E+06 -.85334400E-02  .23397660E+04
 .15685610E+02  .80452090E+03  .34998750E+07  .45596390E+06 -.78325290E-02  .23257440E+04
 .14784410E+02  .84713400E+03  .35989520E+07  .48214050E+06 -.71985410E-02  .23262330E+04
 .13955400E+02  .89189830E+03  .37032730E+07  .50886830E+06 -.66286730E-02  .23357590E+04
 .13191160E+02  .93876900E+03  .38130920E+07  .53621880E+06 -.61180040E-02  .23509010E+04
 .12484940E+02  .98773750E+03  .39286610E+07  .56426820E+06 -.56606890E-02  .23695730E+04
 .11830700E+02  .10388190E+04  .40502330E+07  .59309610E+06 -.52508420E-02  .23904550E+04
 .11223060E+02  .10920480E+04  .41780640E+07  .62278830E+06 -.48830260E-02  .24126100E+04
 .10657280E+02  .11474730E+04  .43124130E+07  .65343930E+06 -.45524570E-02  .24352540E+04
