 .29863100E+04  .11907690E+07  .76593480E+03  .59227200E+04  .27889870E+07  .28615190E+02
 .10000000E+02  .21000000E+02  .20000000E+01  .14000000E+02  .10000000E+02  .77307200E+04
 .76593480E+03  .54423630E+03  .11907690E+07  .10974590E+07 -.19168900E+00  .51382810E+04
 .77644930E+03  .53827950E+03  .11604580E+07  .11603630E+07 -.18391710E+00  .50410350E+04
 .78654300E+03  .53228130E+03  .11304830E+07  .12224360E+07 -.17664990E+00  .49556090E+04
 .79624240E+03  .52625350E+03  .11008430E+07  .12835170E+07 -.16983110E+00  .48800890E+04
 .80557150E+03  .52020680E+03  .10715430E+07  .13434600E+07 -.16341230E+00  .48129550E+04
 .81455130E+03  .51415090E+03  .10425800E+07  .14021390E+07 -.15735170E+00  .47529860E+04
 .82320090E+03  .50809400E+03  .10139580E+07  .14594480E+07 -.15161340E+00  .46991890E+04
 .83153740E+03  .50204340E+03  .98567380E+06  .15153050E+07 -.14616590E+00  .46507500E+04
 .83957640E+03  .49600570E+03  .95772840E+06  .15696430E+07 -.14098210E+00  .46069890E+04
 .84733190E+03  .48998690E+03  .93012080E+06  .16224170E+07 -.13603820E+00  .45673330E+04
 .84733190E+03  .48998690E+03  .93012080E+06  .16224170E+07 -.13603820E+00  .45673330E+04
 .86680410E+03  .47399510E+03  .85782480E+06  .17558550E+07 -.12382490E+00  .44778330E+04
 .88454210E+03  .45825330E+03  .78790970E+06  .18776040E+07 -.11286710E+00  .44074020E+04
 .90071470E+03  .44281920E+03  .72033340E+06  .19876710E+07 -.10291990E+00  .43512200E+04
 .91545870E+03  .42773420E+03  .65504640E+06  .20861040E+07 -.93788850E-01  .43060570E+04
 .92888410E+03  .41302750E+03  .59199420E+06  .21728470E+07 -.85312670E-01  .42697760E+04
 .94107840E+03  .39872010E+03  .53111830E+06  .22476690E+07 -.77354170E-01  .42409380E+04
 .95211020E+03  .38482620E+03  .47235750E+06  .23101040E+07 -.69794030E-01  .42184600E+04
 .96203120E+03  .37135490E+03  .41564920E+06  .23593970E+07 -.62525300E-01  .42013750E+04
 .97087740E+03  .35831010E+03  .36092970E+06  .23944520E+07 -.55448070E-01  .41886950E+04
 .97867040E+03  .34569140E+03  .30813490E+06  .24137860E+07 -.48466980E-01  .41794170E+04
 .98541800E+03  .33349420E+03  .25720120E+06  .24155510E+07 -.41496880E-01  .41726440E+04
 .99111660E+03  .32171140E+03  .20806590E+06  .23975380E+07 -.34468830E-01  .41677550E+04
 .99575150E+03  .31033400E+03  .16066750E+06  .23570860E+07 -.27293960E-01  .41645420E+04
 .99928750E+03  .29935320E+03  .11494590E+06  .22913720E+07 -.19767280E-01  .41634840E+04
 .10016450E+04  .28876270E+03  .70842020E+05  .21989040E+07 -.11496130E-01  .41663260E+04
 .10026690E+04  .27856170E+03  .28297590E+05  .20819570E+07 -.18663570E-02  .41767160E+04
 .10020920E+04  .26875970E+03 -.12746420E+05  .19491920E+07  .10034690E-01  .42010890E+04
 .99948270E+03  .25938100E+03 -.52351450E+05  .18181640E+07  .25455660E-01  .42504030E+04
 .99421200E+03  .25047230E+03 -.90584160E+05  .17176980E+07  .45715410E-01  .43430020E+04
 .98549420E+03  .24210990E+03 -.12752040E+06  .16929260E+07  .71387980E-01  .45080040E+04
 .13055940E-02  .54423630E+03  .11907690E+07  .11712170E-08 -.11456460E-04  .51382810E+04
 .34946470E-01  .54423630E+03  .27889870E+07  .57661340E-08 -.11456460E-04  .44125040E+04
 .28615190E+02  .54423630E+03  .27889870E+07  .24696230E+06 -.17621440E-01  .44125040E+04
 .27653980E+02  .55143520E+03  .28196630E+07  .25578850E+06 -.16724420E-01  .41191530E+04
 .26740310E+02  .55924110E+03  .28507590E+07  .26486250E+06 -.15920770E-01  .38565810E+04
 .25869390E+02  .56768650E+03  .28823100E+07  .27419790E+06 -.15195620E-01  .36228330E+04
 .25037190E+02  .57680000E+03  .29143520E+07  .28380080E+06 -.14535600E-01  .34159250E+04
 .24240410E+02  .58660560E+03  .29469240E+07  .29366850E+06 -.13928920E-01  .32338010E+04
 .23476340E+02  .59712190E+03  .29800650E+07  .30379040E+06 -.13365560E-01  .30743950E+04
 .22742810E+02  .60836200E+03  .30138150E+07  .31415120E+06 -.12837370E-01  .29357210E+04
 .22038020E+02  .62033250E+03  .30482150E+07  .32473270E+06 -.12337840E-01  .28159550E+04
 .21360530E+02  .63303360E+03  .30833060E+07  .33551530E+06 -.11861930E-01  .27134510E+04
 .20709120E+02  .64645810E+03  .31191290E+07  .34647840E+06 -.11405780E-01  .26267030E+04
 .20082770E+02  .66059220E+03  .31557230E+07  .35760180E+06 -.10966640E-01  .25542820E+04
 .19480570E+02  .67541610E+03  .31931280E+07  .36886730E+06 -.10542700E-01  .24947880E+04
 .18901720E+02  .69090520E+03  .32313820E+07  .38025880E+06 -.10132930E-01  .24468280E+04
 .18901720E+02  .69090520E+03  .32313820E+07  .38025880E+06 -.10132930E-01  .24468280E+04
 .17736310E+02  .72620570E+03  .33163810E+07  .40503980E+06 -.93010540E-02  .23764690E+04
 .16666900E+02  .76415630E+03  .34057770E+07  .43027660E+06 -.85334400E-02  .23397660E+04
 .15685610E+02  .80452090E+03  .34998750E+07  .45596390E+06 -.78325290E-02  .23257440E+04
 .14784410E+02  .84713400E+03  .35989520E+07  .48214050E+06 -.71985410E-02  .23262330E+04
 .13955400E+02  .89189830E+03  .37032730E+07  .50886830E+06 -.66286730E-02  .23357590E+04
 .13191160E+02  .93876900E+03  .38130920E+07  .53621880E+06 -.61180040E-02  .23509010E+04
 .12484940E+02  .98773750E+03  .39286610E+07  .56426820E+06 -.56606890E-02  .23695730E+04
 .11830700E+02  .10388190E+04  .40502330E+07  .59309610E+06 -.52508420E-02  .23904550E+04
 .11223060E+02  .10920480E+04  .41780640E+07  .62278830E+06 -.48830260E-02  .24126100E+04
 .30372400E+04  .12192850E+07  .75646140E+03  .58830190E+04  .27839500E+07  .31387330E+02
 .10000000E+02  .21000000E+02  .20000000E+01  .14000000E+02  .10000000E+02  .76910190E+04
 .75646140E+03  .54977980E+03  .12192850E+07  .10452150E+07 -.19872730E+00  .52294690E+04
 .76735700E+03  .54386100E+03  .11886630E+07  .11086770E+07 -.19050170E+00  .51207290E+04
 .77780790E+03  .53788930E+03  .11583740E+07  .11714620E+07 -.18283130E+00  .50257430E+04
 .78784330E+03  .53187820E+03  .11284200E+07  .12333990E+07 -.17565240E+00  .49421820E+04
 .79748910E+03  .52583960E+03  .10988040E+07  .12943280E+07 -.16891090E+00  .48682160E+04
 .80676860E+03  .51978390E+03  .10695260E+07  .13541040E+07 -.16256010E+00  .48023910E+04
 .81570240E+03  .51372020E+03  .10405880E+07  .14126030E+07 -.15655960E+00  .47435340E+04
 .82430910E+03  .50765690E+03  .10119900E+07  .14697210E+07 -.15087460E+00  .46906900E+04
 .83260570E+03  .50160110E+03  .98373030E+06  .15253780E+07 -.14547460E+00  .46430720E+04
 .84060710E+03  .49555930E+03  .95580990E+06  .15795100E+07 -.14033330E+00  .46000240E+04
 .84060710E+03  .49555930E+03  .95580990E+06  .15795100E+07 -.14033330E+00  .46000240E+04
 .86068840E+03  .47948660E+03  .88268380E+06  .17166970E+07 -.12766760E+00  .45032310E+04
 .87897440E+03  .46364150E+03  .81195250E+06  .18422440E+07 -.11634540E+00  .44274270E+04
 .89564590E+03  .44808840E+03  .74357670E+06  .19561010E+07 -.10610250E+00  .43671700E+04
 .91084880E+03  .43287320E+03  .67750910E+06  .20583260E+07 -.96732120E-01  .43187950E+04
 .92470070E+03  .41802850E+03  .61369620E+06  .21489120E+07 -.88064780E-01  .42798650E+04
 .93729610E+03  .40357760E+03  .55208080E+06  .22276910E+07 -.79956990E-01  .42487600E+04
 .94870950E+03  .38953680E+03  .49260240E+06  .22942820E+07 -.72284820E-01  .42243210E+04
 .95899780E+03  .37591640E+03  .43519870E+06  .23480310E+07 -.64938370E-01  .42055690E+04
 .96820230E+03  .36272220E+03  .37980620E+06  .23879570E+07 -.57816460E-01  .41915330E+04
 .97634910E+03  .34995490E+03  .32636070E+06  .24127030E+07 -.50822560E-01  .41812080E+04
 .98345090E+03  .33761140E+03  .27479850E+06  .24205300E+07 -.43867450E-01  .41736450E+04
 .98950770E+03  .32568500E+03  .22505640E+06  .24093400E+07 -.36878060E-01  .41681150E+04
 .99450920E+03  .31416710E+03  .17707260E+06  .23766160E+07 -.29781890E-01  .41642460E+04
 .99842960E+03  .30304880E+03  .13078630E+06  .23194710E+07 -.22425920E-01  .41622010E+04
 .10012080E+04  .29232220E+03  .86138340E+05  .22356920E+07 -.14485580E-01  .41631770E+04
 .10027200E+04  .28198390E+03  .43070250E+05  .21259710E+07 -.54269380E-02  .41700330E+04
 .10027410E+04  .27203920E+03  .15235090E+04  .19965160E+07  .55548150E-02  .41880080E+04
 .10009000E+04  .26250570E+03 -.38562030E+05  .18616520E+07  .19613240E-01  .42260930E+04
 .99663330E+03  .25342110E+03 -.77250590E+05  .17462090E+07  .38127190E-01  .42995430E+04
 .98918710E+03  .24485020E+03 -.11461400E+06  .16890510E+07  .62084370E-01  .44333470E+04
 .13219450E-02  .54977980E+03  .12192850E+07  .10276000E-08 -.10730990E-04  .52294690E+04
 .31859990E-01  .54977980E+03  .27839500E+07  .48573740E-08 -.10731000E-04  .46257650E+04
 .31387330E+02  .54977980E+03  .27839500E+07  .24483960E+06 -.19633260E-01  .46257650E+04
 .30317250E+02  .55672630E+03  .28149300E+07  .25372150E+06 -.18603560E-01  .43042870E+04
 .29301690E+02  .56427790E+03  .28463150E+07  .26285840E+06 -.17683470E-01  .40173020E+04
 .28334980E+02  .57246870E+03  .28781410E+07  .27226610E+06 -.16855720E-01  .37624390E+04
 .27412420E+02  .58132830E+03  .29104440E+07  .28195090E+06 -.16104490E-01  .35374390E+04
 .26530110E+02  .59088170E+03  .29432630E+07  .29190770E+06 -.15415730E-01  .33399110E+04
 .25684910E+02  .60114840E+03  .29766360E+07  .30212330E+06 -.14777650E-01  .31673780E+04
 .24874250E+02  .61214230E+03  .30106050E+07  .31258070E+06 -.14180740E-01  .30174250E+04
 .24096040E+02  .62387140E+03  .30452100E+07  .32326080E+06 -.13617520E-01  .28878470E+04
 .23348570E+02  .63633750E+03  .30804920E+07  .33414290E+06 -.13082120E-01  .27767080E+04
 .22630410E+02  .64953560E+03  .31164930E+07  .34520570E+06 -.12570060E-01  .26822930E+04
 .21940350E+02  .66345400E+03  .31532540E+07  .35642790E+06 -.12078100E-01  .26030410E+04
 .21277330E+02  .67807480E+03  .31908130E+07  .36779030E+06 -.11604030E-01  .25374740E+04
 .20640390E+02  .69337470E+03  .32292110E+07  .37927640E+06 -.11146500E-01  .24841550E+04
 .20640390E+02  .69337470E+03  .32292110E+07  .37927640E+06 -.11146500E-01  .24841550E+04
 .19359160E+02  .72831920E+03  .33144840E+07  .40424820E+06 -.10219380E-01  .24045630E+04
 .18184820E+02  .76597660E+03  .34041160E+07  .42965440E+06 -.93653590E-02  .23613250E+04
 .17108460E+02  .80609890E+03  .34984170E+07  .45548600E+06 -.85866160E-02  .23428380E+04
 .16121010E+02  .84850600E+03  .35976710E+07  .48178170E+06 -.78832900E-02  .23402670E+04
 .15213570E+02  .89308980E+03  .37021450E+07  .50860550E+06 -.72522190E-02  .23476040E+04
 .14377810E+02  .93979860E+03  .38120970E+07  .53603210E+06 -.66878130E-02  .23610710E+04
 .13606100E+02  .98862010E+03  .39277810E+07  .56414040E+06 -.61833870E-02  .23783720E+04
 .12891670E+02  .10395680E+04  .40494510E+07  .59301320E+06 -.57321900E-02  .23980730E+04
 .12228500E+02  .10926740E+04  .41773640E+07  .62273840E+06 -.53279820E-02  .24191830E+04
 .30852690E+04  .12464810E+07  .74724070E+03  .58452350E+04  .27783330E+07  .34219750E+02
 .10000000E+02  .21000000E+02  .20000000E+01  .14000000E+02  .10000000E+02  .76532350E+04
 .74724070E+03  .55498690E+03  .12464810E+07  .99595460E+06 -.20570110E+00  .53250890E+04
 .75851350E+03  .54911270E+03  .12155660E+07  .10598080E+07 -.19701130E+00  .52038140E+04
 .76931730E+03  .54317380E+03  .11849810E+07  .11231350E+07 -.18892930E+00  .50984950E+04
 .77968370E+03  .53718530E+03  .11547310E+07  .11857600E+07 -.18138380E+00  .50063120E+04
 .78964110E+03  .53116020E+03  .11248170E+07  .12475110E+07 -.17431420E+00  .49250740E+04
 .79921480E+03  .52510990E+03  .10952420E+07  .13082290E+07 -.16766890E+00  .48530550E+04
 .80842710E+03  .51904470E+03  .10660050E+07  .13677720E+07 -.16140310E+00  .47888760E+04
 .81729830E+03  .51297350E+03  .10371090E+07  .14260200E+07 -.15547810E+00  .47314250E+04
 .82584640E+03  .50690430E+03  .10085520E+07  .14828720E+07 -.14986040E+00  .46797910E+04
 .83408780E+03  .50084410E+03  .98033510E+06  .15382500E+07 -.14452070E+00  .46332210E+04
 .83408780E+03  .50084410E+03  .98033510E+06  .15382500E+07 -.14452070E+00  .46332210E+04
 .85476200E+03  .48470190E+03  .90642120E+06  .16789210E+07 -.13140190E+00  .45288940E+04
 .87357980E+03  .46876440E+03  .83491430E+06  .18080320E+07 -.11971590E+00  .44475790E+04
 .89073400E+03  .45310240E+03  .76577810E+06  .19254540E+07 -.10917760E+00  .43831820E+04
 .90637950E+03  .43776670E+03  .69896720E+06  .20312380E+07 -.99567410E-01  .43315840E+04
 .92064170E+03  .42279330E+03  .63442990E+06  .21254130E+07 -.90707320E-01  .42900330E+04
 .93362160E+03  .40820810E+03  .57210980E+06  .22078690E+07 -.82447590E-01  .42567070E+04
 .94539950E+03  .39402900E+03  .51194720E+06  .22782980E+07 -.74659540E-01  .42303430E+04
 .95603740E+03  .38026820E+03  .45388020E+06  .23361360E+07 -.67230090E-01  .42099390E+04
 .96558130E+03  .36693260E+03  .39784540E+06  .23805080E+07 -.60056400E-01  .41945370E+04
 .97406230E+03  .35402460E+03  .34377900E+06  .24101750E+07 -.53041150E-01  .41831400E+04
 .98149690E+03  .34154190E+03  .29161680E+06  .24235040E+07 -.46092450E-01  .41747670E+04
 .98788940E+03  .32947890E+03  .24129540E+06  .24185010E+07 -.39132050E-01  .41686040E+04
 .99323270E+03  .31782750E+03  .19275250E+06  .23927790E+07 -.32093650E-01  .41641520E+04
 .99750810E+03  .30657840E+03  .14592710E+06  .23435010E+07 -.24862930E-01  .41613440E+04
 .10006690E+04  .29572300E+03  .10075940E+06  .22680170E+07 -.17177250E-01  .41609330E+04
 .10026160E+04  .28525610E+03  .57190760E+05  .21657920E+07 -.85731070E-02  .41651200E+04
 .10031600E+04  .27517900E+03  .15163050E+05  .20409830E+07  .16598360E-02  .41781870E+04
 .10019850E+04  .26550440E+03 -.25383030E+05  .19050810E+07  .14569410E-01  .42075560E+04
 .99858740E+03  .25626190E+03 -.64509830E+05  .17793960E+07  .31519220E-01  .42659360E+04
 .99226250E+03  .24750600E+03 -.10228590E+06  .16979030E+07  .53758920E-01  .43746390E+04
 .13382570E-02  .55498690E+03  .12464810E+07  .91156780E-09 -.10103250E-04  .53250890E+04
 .29222890E-01  .55498690E+03  .27783330E+07  .41450380E-08 -.10103250E-04  .48489340E+04
 .34219750E+02  .55498690E+03  .27783330E+07  .24261590E+06 -.21739130E-01  .48489340E+04
 .33035820E+02  .56168550E+03  .28095970E+07  .25153640E+06 -.20566620E-01  .44973960E+04
 .31913910E+02  .56898690E+03  .28412530E+07  .26072330E+06 -.19521440E-01  .41844700E+04
 .30847420E+02  .57692600E+03  .28733360E+07  .27019430E+06 -.18583740E-01  .39071840E+04
 .29830870E+02  .58553410E+03  .29058810E+07  .27995370E+06 -.17734890E-01  .36630090E+04
 .28859760E+02  .59483700E+03  .29389280E+07  .28999240E+06 -.16958360E-01  .34492360E+04
 .27930440E+02  .60485490E+03  .29725160E+07  .30029380E+06 -.16240440E-01  .32629530E+04
 .27039940E+02  .61560240E+03  .30066860E+07  .31083980E+06 -.15570280E-01  .31012800E+04
 .26185840E+02  .62708890E+03  .30414780E+07  .32161070E+06 -.14939320E-01  .29615970E+04
 .25366130E+02  .63931730E+03  .30769340E+07  .33258510E+06 -.14340830E-01  .28416340E+04
 .24579160E+02  .65228470E+03  .31130950E+07  .34374040E+06 -.13769610E-01  .27394230E+04
 .23823500E+02  .66598140E+03  .31500030E+07  .35505460E+06 -.13221900E-01  .26532290E+04
 .23097920E+02  .68039130E+03  .31876980E+07  .36650750E+06 -.12695060E-01  .25814710E+04
 .22401290E+02  .69549290E+03  .32262200E+07  .37808190E+06 -.12187430E-01  .25226560E+04
 .22401290E+02  .69549290E+03  .32262200E+07  .37808190E+06 -.12187430E-01  .25226560E+04
 .21001230E+02  .73005910E+03  .33117240E+07  .40323240E+06 -.11160760E-01  .24334840E+04
 .19719410E+02  .76740030E+03  .34015450E+07  .42879790E+06 -.10216730E-01  .23833630E+04
 .18545840E+02  .80725780E+03  .34960000E+07  .45476510E+06 -.93570310E-02  .23601350E+04
 .17470350E+02  .84943790E+03  .35953800E+07  .48117190E+06 -.85816590E-02  .23543200E+04
 .16483000E+02  .89382110E+03  .36999540E+07  .50808380E+06 -.78870780E-02  .23593550E+04
 .15574460E+02  .94034830E+03  .38099820E+07  .53557830E+06 -.72670160E-02  .23710830E+04
 .14736240E+02  .98900260E+03  .39257220E+07  .56373730E+06 -.67139080E-02  .23869760E+04
 .13960760E+02  .10397960E+04  .40474290E+07  .59264590E+06 -.62200880E-02  .24054790E+04
 .13241330E+02  .10927590E+04  .41753600E+07  .62239460E+06 -.57784600E-02  .24255350E+04
 .31308200E+04  .12725460E+07  .73822810E+03  .58090390E+04  .27721840E+07  .37116650E+02
 .10000000E+02  .21000000E+02  .20000000E+01  .14000000E+02  .10000000E+02  .76170390E+04
 .73822810E+03  .55990120E+03  .12725460E+07  .94935330E+06 -.21263650E+00  .54256970E+04
 .74987590E+03  .55407780E+03  .12413550E+07  .10134570E+07 -.20347090E+00  .52907160E+04
 .76102920E+03  .54817770E+03  .12104910E+07  .10771760E+07 -.19496850E+00  .51741950E+04
 .77172320E+03  .54221720E+03  .11799600E+07  .11403370E+07 -.18704910E+00  .50727400E+04
 .78198840E+03  .53621070E+03  .11497640E+07  .12027610E+07 -.17964570E+00  .49837390E+04
 .79185210E+03  .53017080E+03  .11199050E+07  .12642780E+07 -.17270120E+00  .49051520E+04
 .80133860E+03  .52410870E+03  .10903850E+07  .13247320E+07 -.16616630E+00  .48353630E+04
 .81046950E+03  .51803410E+03  .10612050E+07  .13839840E+07 -.15999840E+00  .47730800E+04
 .81926450E+03  .51195580E+03  .10323650E+07  .14419170E+07 -.15416080E+00  .47172510E+04
 .82774110E+03  .50588130E+03  .10038660E+07  .14984360E+07 -.14862110E+00  .46670180E+04
 .82774110E+03  .50588130E+03  .10038660E+07  .14984360E+07 -.14862110E+00  .46670180E+04
 .84899490E+03  .48968000E+03  .92920040E+06  .16423490E+07 -.13504740E+00  .45548960E+04
 .86833130E+03  .47365960E+03  .85695270E+06  .17748190E+07 -.12299730E+00  .44679150E+04
 .88595480E+03  .45789760E+03  .78708950E+06  .18956140E+07 -.11216360E+00  .43992930E+04
 .90202950E+03  .44244980E+03  .71956770E+06  .20047610E+07 -.10231300E+00  .43444450E+04
 .91668840E+03  .42735590E+03  .65433690E+06  .21023130E+07 -.93258640E-01  .43002840E+04
 .93003910E+03  .41264410E+03  .59134180E+06  .21882130E+07 -.84844600E-01  .42647680E+04
 .94216710E+03  .39833450E+03  .53052350E+06  .22622170E+07 -.76937380E-01  .42365140E+04
 .95313980E+03  .38444050E+03  .47182070E+06  .23238400E+07 -.69420460E-01  .42144750E+04
 .96300750E+03  .37097070E+03  .41517010E+06  .23723060E+07 -.62189060E-01  .41977000E+04
 .97180580E+03  .35792850E+03  .36050810E+06  .24064830E+07 -.55145090E-01  .41852090E+04
 .97955570E+03  .34531300E+03  .30777030E+06  .24248480E+07 -.48195010E-01  .41760050E+04
 .98626480E+03  .33311940E+03  .25689300E+06  .24255020E+07 -.41255920E-01  .41692070E+04
 .99192970E+03  .32134010E+03  .20781370E+06  .24061710E+07 -.34261440E-01  .41642090E+04
 .99653630E+03  .30996610E+03  .16047070E+06  .23641220E+07 -.27123470E-01  .41607780E+04
 .10000490E+04  .29898820E+03  .11480410E+06  .22964800E+07 -.19634120E-01  .41593180E+04
 .10023890E+04  .28839930E+03  .70754840E+05  .22017860E+07 -.11393920E-01  .41614720E+04
 .10033990E+04  .27819830E+03  .28264890E+05  .20824870E+07 -.17743820E-02  .41707300E+04
 .10028060E+04  .26839330E+03 -.12724430E+05  .19476000E+07  .10167850E-01  .41932620E+04
 .10001680E+04  .25900740E+03 -.52274030E+05  .18152830E+07  .25736020E-01  .42396800E+04
 .99483330E+03  .25008560E+03 -.90449800E+05  .17154290E+07  .46323880E-01  .43280940E+04
 .13545950E-02  .55990120E+03  .12725460E+07  .81627090E-09 -.95539220E-05  .54256970E+04
 .26942090E-01  .55990120E+03  .27721840E+07  .35762630E-08 -.95539220E-05  .50833260E+04
 .37116650E+02  .55990120E+03  .27721840E+07  .24029520E+06 -.23942540E-01  .50833260E+04
 .35813700E+02  .56635670E+03  .28037160E+07  .24923900E+06 -.22617590E-01  .46993950E+04
 .34580750E+02  .57341150E+03  .28356270E+07  .25846660E+06 -.21438900E-01  .43588780E+04
 .33410230E+02  .58110200E+03  .28679500E+07  .26799550E+06 -.20383850E-01  .40578090E+04
 .32295860E+02  .58946050E+03  .29007230E+07  .27782450E+06 -.19430690E-01  .37933320E+04
 .31232450E+02  .59851400E+03  .29339830E+07  .28793860E+06 -.18560280E-01  .35623960E+04
 .30215850E+02  .60828360E+03  .29677700E+07  .29831840E+06 -.17757050E-01  .33616370E+04
 .29242640E+02  .61878450E+03  .30021240E+07  .30894530E+06 -.17008820E-01  .31876920E+04
 .28310020E+02  .63002710E+03  .30370870E+07  .31979980E+06 -.16305890E-01  .30375110E+04
 .27415680E+02  .64201560E+03  .30727010E+07  .33085980E+06 -.15640500E-01  .29084580E+04
 .26557700E+02  .65474850E+03  .31090070E+07  .34210120E+06 -.15006700E-01  .27982710E+04
 .25734420E+02  .66821810E+03  .31460470E+07  .35350100E+06 -.14400140E-01  .27049980E+04
 .24944430E+02  .68241030E+03  .31838610E+07  .36503840E+06 -.13817750E-01  .26269190E+04
 .24186420E+02  .69730550E+03  .32224900E+07  .37669540E+06 -.13257520E-01  .25624670E+04
 .24186420E+02  .69730550E+03  .32224900E+07  .37669540E+06 -.13257520E-01  .25624670E+04
 .22664300E+02  .73147300E+03  .33081870E+07  .40201400E+06 -.12126740E-01  .24633630E+04
 .21272290E+02  .76847620E+03  .33981570E+07  .42772980E+06 -.11088920E-01  .24059980E+04
 .19999200E+02  .80804790E+03  .34927240E+07  .45382510E+06 -.10145020E-01  .23777350E+04
 .18833730E+02  .84998140E+03  .35921830E+07  .48033620E+06 -.92947560E-02  .23684720E+04
 .17764860E+02  .89414560E+03  .36968080E+07  .50732950E+06 -.85342280E-02  .23710820E+04
 .16782210E+02  .94047300E+03  .38068640E+07  .53488500E+06 -.78564650E-02  .23809970E+04
 .15876340E+02  .98894220E+03  .39226070E+07  .56308740E+06 -.72529930E-02  .23954440E+04
 .15038860E+02  .10395620E+04  .40442960E+07  .59202430E+06 -.67151800E-02  .24127250E+04
 .14262390E+02  .10923630E+04  .41721900E+07  .62178810E+06 -.62350230E-02  .24317180E+04
 .31742370E+04  .12976380E+07  .72938670E+03  .57741720E+04  .27655420E+07  .40082340E+02
 .10000000E+02  .21000000E+02  .20000000E+01  .14000000E+02  .10000000E+02  .75821720E+04
 .72938670E+03  .56455800E+03  .12976380E+07  .90513410E+06 -.21955520E+00  .55318910E+04
 .74140780E+03  .55879160E+03  .12661840E+07  .96937030E+06 -.20990120E+00  .53818830E+04
 .75290910E+03  .55293570E+03  .12350550E+07  .10333520E+07 -.20096910E+00  .52531910E+04
 .76392810E+03  .54700840E+03  .12042560E+07  .10969120E+07 -.19266850E+00  .51417400E+04
 .77449830E+03  .54102540E+03  .11737910E+07  .11598730E+07 -.18492510E+00  .50444290E+04
 .78464900E+03  .53500050E+03  .11436620E+07  .12220570E+07 -.17767620E+00  .49588570E+04
 .79440630E+03  .52894570E+03  .11138710E+07  .12832960E+07 -.17086800E+00  .48831390E+04
 .80379350E+03  .52287190E+03  .10844210E+07  .13434340E+07 -.16445380E+00  .48157750E+04
 .81283170E+03  .51678830E+03  .10553100E+07  .14023400E+07 -.15839350E+00  .47555590E+04
 .82153960E+03  .51070340E+03  .10265400E+07  .14599020E+07 -.15265190E+00  .47015080E+04
 .82153960E+03  .51070340E+03  .10265400E+07  .14599020E+07 -.15265190E+00  .47015080E+04
 .84336220E+03  .49445230E+03  .95115480E+06  .16068330E+07 -.13862010E+00  .45813070E+04
 .86320620E+03  .47835770E+03  .87819660E+06  .17424780E+07 -.12620510E+00  .44884890E+04
 .88128790E+03  .46250380E+03  .80763540E+06  .18664780E+07 -.11507560E+00  .44155430E+04
 .89778070E+03  .44695140E+03  .73943040E+06  .19788210E+07 -.10498370E+00  .43573990E+04
 .91282500E+03  .43174400E+03  .67353280E+06  .20795730E+07 -.95733690E-01  .43106250E+04
 .92653470E+03  .41691250E+03  .60988840E+06  .21687210E+07 -.87163120E-01  .42729410E+04
 .93900100E+03  .40247890E+03  .54843910E+06  .22460780E+07 -.79133780E-01  .42428240E+04
 .95029590E+03  .38845830E+03  .48912400E+06  .23112330E+07 -.71525520E-01  .42191690E+04
 .96047440E+03  .37486040E+03  .43188050E+06  .23634970E+07 -.64231370E-01  .42010210E+04
 .96957600E+03  .36168990E+03  .37664460E+06  .24018400E+07 -.57152290E-01  .41874160E+04
 .97762600E+03  .34894710E+03  .32335210E+06  .24248450E+07 -.50193760E-01  .41773560E+04
 .98463590E+03  .33662810E+03  .27193930E+06  .24307070E+07 -.43269240E-01  .41699120E+04
 .99060500E+03  .32472600E+03  .22234280E+06  .24172510E+07 -.36309110E-01  .41643860E+04
 .99552330E+03  .31323190E+03  .17450100E+06  .23818640E+07 -.29240920E-01  .41604180E+04
 .99936410E+03  .30213630E+03  .12835340E+06  .23215930E+07 -.21902970E-01  .41581460E+04
 .10020640E+04  .29143130E+03  .83840630E+05  .22343150E+07 -.13955300E-01  .41587390E+04
 .10034930E+04  .28111320E+03  .40904630E+05  .21210640E+07 -.48409680E-02  .41650200E+04
 .10034160E+04  .27118640E+03 -.51287380E+03  .19886970E+07  .62861270E-02  .41821370E+04
 .10014460E+04  .26166850E+03 -.40471710E+05  .18525400E+07  .20644560E-01  .42189850E+04
 .99698830E+03  .25259640E+03 -.79035670E+05  .17389220E+07  .39685230E-01  .42909220E+04
 .13710150E-02  .56455800E+03  .12976380E+07  .73689730E-09 -.90685430E-05  .55318910E+04
 .24948640E-01  .56455800E+03  .27655420E+07  .31149110E-08 -.90685430E-05  .53302630E+04
 .40082340E+02  .56455800E+03  .27655420E+07  .23787150E+06 -.26246590E-01  .53302630E+04
 .38654960E+02  .57077500E+03  .27973290E+07  .24682920E+06 -.24760790E-01  .49110110E+04
 .37306030E+02  .57758750E+03  .28294800E+07  .25609490E+06 -.23440620E-01  .45411330E+04
 .36026990E+02  .58503240E+03  .28620310E+07  .26568090E+06 -.22260730E-01  .42149360E+04
 .34810680E+02  .59314340E+03  .28950160E+07  .27557680E+06 -.21196140E-01  .39290470E+04
 .33651280E+02  .60194860E+03  .29284760E+07  .28576060E+06 -.20225210E-01  .36799990E+04
 .32544030E+02  .61147000E+03  .29624480E+07  .29621120E+06 -.19330760E-01  .34639510E+04
 .31485060E+02  .62172390E+03  .29969740E+07  .30691140E+06 -.18499320E-01  .32770760E+04
 .30471140E+02  .63272130E+03  .30320950E+07  .31784260E+06 -.17719920E-01  .31159030E+04
 .29499620E+02  .64446770E+03  .30678530E+07  .32898180E+06 -.16983650E-01  .29774170E+04
 .28568300E+02  .65696280E+03  .31042890E+07  .34030330E+06 -.16283660E-01  .28590200E+04
 .27675270E+02  .67020070E+03  .31414460E+07  .35178320E+06 -.15614980E-01  .27584950E+04
 .26818900E+02  .68416930E+03  .31793650E+07  .36339960E+06 -.14974100E-01  .26739490E+04
 .25997700E+02  .69885070E+03  .32180870E+07  .37513410E+06 -.14358610E-01  .26037120E+04
 .25997700E+02  .69885070E+03  .32180870E+07  .37513410E+06 -.14358610E-01  .26037120E+04
 .24350100E+02  .73260060E+03  .33039430E+07  .40061060E+06 -.13118890E-01  .24943200E+04
 .22845010E+02  .76924520E+03  .33940270E+07  .42646880E+06 -.11983330E-01  .24293400E+04
 .21469940E+02  .80851130E+03  .34886670E+07  .45268560E+06 -.10951810E-01  .23957300E+04
 .20212430E+02  .85017990E+03  .35881650E+07  .47929510E+06 -.10023680E-01  .23827990E+04
 .19060290E+02  .89410760E+03  .36928000E+07  .50636420E+06 -.91946400E-02  .23828450E+04
 .18002060E+02  .94021850E+03  .38028380E+07  .53397490E+06 -.84570060E-02  .23908690E+04
 .17027330E+02  .98848600E+03  .39185390E+07  .56221440E+06 -.78013740E-02  .24038230E+04
 .16126830E+02  .10389160E+04  .40401610E+07  .59117290E+06 -.72181010E-02  .24198580E+04
 .15292450E+02  .10915380E+04  .41679670E+07  .62094460E+06 -.66982190E-02  .24377740E+04
 .32157990E+04  .13218840E+07  .72068450E+03  .57404300E+04  .27584430E+07  .43121280E+02
 .10000000E+02  .21000000E+02  .20000000E+01  .14000000E+02  .10000000E+02  .75484300E+04
 .72068450E+03  .56898650E+03  .13218840E+07  .86305810E+06 -.22647620E+00  .56443250E+04
 .73307890E+03  .56328270E+03  .12901800E+07  .92732910E+06 -.21632010E+00  .54778000E+04
 .74492690E+03  .55747640E+03  .12587980E+07  .99146180E+06 -.20694820E+00  .53358530E+04
 .75626980E+03  .55158730E+03  .12277440E+07  .10553020E+07 -.19825870E+00  .52136000E+04
 .76714310E+03  .54563240E+03  .11970210E+07  .11186760E+07 -.19016900E+00  .51073720E+04
 .77757860E+03  .53962680E+03  .11666340E+07  .11814050E+07 -.18261040E+00  .50143540E+04
 .78760430E+03  .53358350E+03  .11365840E+07  .12433090E+07 -.17552420E+00  .49323540E+04
 .79724520E+03  .52751420E+03  .11068730E+07  .13042240E+07 -.16885990E+00  .48596360E+04
 .80652370E+03  .52142910E+03  .10775030E+07  .13640000E+07 -.16257380E+00  .47948180E+04
 .81545980E+03  .51533720E+03  .10484730E+07  .14225100E+07 -.15662770E+00  .47367810E+04
 .81545980E+03  .51533720E+03  .10484730E+07  .14225100E+07 -.15662770E+00  .47367810E+04
 .83784280E+03  .49904510E+03  .97239540E+06  .15722480E+07 -.14213390E+00  .46081910E+04
 .85818540E+03  .48288410E+03  .89875290E+06  .17109000E+07 -.12935220E+00  .45093510E+04
 .87671610E+03  .46694530E+03  .82751900E+06  .18379570E+07 -.11792600E+00  .44319680E+04
 .89361770E+03  .45129500E+03  .75865490E+06  .19533520E+07 -.10759200E+00  .43704690E+04
 .90903800E+03  .43598050E+03  .69211370E+06  .20571530E+07 -.98144780E-01  .43210650E+04
 .92309690E+03  .42103550E+03  .62784230E+06  .21493820E+07 -.89415600E-01  .42812250E+04
 .93589140E+03  .40648380E+03  .56578340E+06  .22299050E+07 -.81261400E-01  .42492680E+04
 .94749790E+03  .39234210E+03  .50587660E+06  .22983780E+07 -.73558390E-01  .42240130E+04
 .95797600E+03  .37862150E+03  .44805970E+06  .23541900E+07 -.66197090E-01  .42044930E+04
 .96736910E+03  .36532780E+03  .39226880E+06  .23964060E+07 -.59077340E-01  .41897600E+04
 .97570640E+03  .35246250E+03  .33843990E+06  .24237140E+07 -.52103960E-01  .41788210E+04
 .98300310E+03  .34002270E+03  .28650880E+06  .24344000E+07 -.45187820E-01  .41707130E+04
 .98926190E+03  .32800210E+03  .23641210E+06  .24263800E+07 -.38254920E-01  .41646650E+04
 .99447560E+03  .31639210E+03  .18808760E+06  .23971570E+07 -.31240340E-01  .41602120E+04
 .99862400E+03  .30518330E+03  .14147440E+06  .23437950E+07 -.24019260E-01  .41572920E+04
 .10016570E+04  .29436680E+03  .96513020E+05  .22637230E+07 -.16307070E-01  .41566770E+04
 .10034670E+04  .28393700E+03  .53145050E+05  .21568230E+07 -.76107530E-02  .41606140E+04
 .10038540E+04  .27389560E+03  .11312510E+05  .20280770E+07  .28280830E-02  .41734100E+04
 .10024760E+04  .26425500E+03 -.29043640E+05  .18902590E+07  .16132840E-01  .42025490E+04
 .99879830E+03  .25504530E+03 -.67985500E+05  .17665040E+07  .33750400E-01  .42610430E+04
 .13875700E-02  .56898650E+03  .13218840E+07  .66997690E-09 -.86360470E-05  .56443250E+04
 .23190400E-01  .56898650E+03  .27584430E+07  .27356190E-08 -.86360470E-05  .55910900E+04
 .43121280E+02  .56898650E+03  .27584430E+07  .23533030E+06 -.28654600E-01  .55910900E+04
 .41563830E+02  .57496980E+03  .27904710E+07  .24430440E+06 -.27001380E-01  .51327710E+04
 .40093690E+02  .58154460E+03  .28228510E+07  .25361430E+06 -.25532250E-01  .47316600E+04
 .38701290E+02  .58874750E+03  .28556160E+07  .26326180E+06 -.24219730E-01  .43790780E+04
 .37378680E+02  .59661320E+03  .28888030E+07  .27322360E+06 -.23035870E-01  .40707430E+04
 .36119320E+02  .60517110E+03  .29224500E+07  .28347130E+06 -.21957070E-01  .38026350E+04
 .34917870E+02  .61444430E+03  .29565960E+07  .29398480E+06 -.20964940E-01  .35704240E+04
 .33769910E+02  .62445040E+03  .29912810E+07  .30475060E+06 -.20044790E-01  .33698600E+04
 .32671750E+02  .63520140E+03  .30265480E+07  .31575170E+06 -.19184200E-01  .31971010E+04
 .31620360E+02  .64670380E+03  .30624380E+07  .32696390E+06 -.18372860E-01  .30487520E+04
 .30613210E+02  .65895840E+03  .30989930E+07  .33836020E+06 -.17602900E-01  .29218490E+04
 .29648170E+02  .67196050E+03  .31362550E+07  .34991480E+06 -.16868660E-01  .28138650E+04
 .28723330E+02  .68570000E+03  .31742660E+07  .36160510E+06 -.16166150E-01  .27226860E+04
 .27837020E+02  .70016110E+03  .32130670E+07  .37341220E+06 -.15492580E-01  .26465100E+04
 .27837020E+02  .70016110E+03  .32130670E+07  .37341220E+06 -.15492580E-01  .26465100E+04
 .26060320E+02  .73347600E+03  .32990540E+07  .39903760E+06 -.14138820E-01  .25264720E+04
 .24439060E+02  .76974260E+03  .33892190E+07  .42503070E+06 -.12901340E-01  .24534960E+04
 .22959410E+02  .80868410E+03  .34838990E+07  .45136320E+06 -.11778650E-01  .24142100E+04
 .21607640E+02  .85007010E+03  .35834010E+07  .47806600E+06 -.10769550E-01  .23973730E+04
 .20370360E+02  .89374510E+03  .36880080E+07  .50520610E+06 -.98692790E-02  .23947040E+04
 .19234990E+02  .93962400E+03  .37979880E+07  .53286710E+06 -.90694790E-02  .24007470E+04
 .18190080E+02  .98767440E+03  .39136040E+07  .56113860E+06 -.83597770E-02  .24121580E+04
 .17225470E+02  .10378990E+04  .40351170E+07  .59011280E+06 -.77294730E-02  .24269190E+04
 .16332230E+02  .10903250E+04  .41627880E+07  .61988600E+06 -.71685860E-02  .24437410E+04
 .32557410E+04  .13453930E+07  .71209420E+03  .57076440E+04  .27509160E+07  .46238260E+02
 .10000000E+02  .21000000E+02  .20000000E+01  .14000000E+02  .10000000E+02  .75156440E+04
 .71209420E+03  .57321040E+03  .13453930E+07  .82291580E+06 -.23341710E+00  .57637180E+04
 .72486240E+03  .56757510E+03  .13134500E+07  .88714290E+06 -.22274320E+00  .55789950E+04
 .73705740E+03  .56182370E+03  .12818260E+07  .95133200E+06 -.21292080E+00  .54225780E+04
 .74872330E+03  .55597760E+03  .12505280E+07  .10153460E+07 -.20383420E+00  .52886280E+04
 .75989880E+03  .55005530E+03  .12195580E+07  .10790220E+07 -.19539170E+00  .51728130E+04
 .77061780E+03  .54407310E+03  .11889230E+07  .11421820E+07 -.18751770E+00  .50718390E+04
 .78091020E+03  .53804520E+03  .11586230E+07  .12046420E+07 -.18014880E+00  .49831640E+04
 .79080290E+03  .53198410E+03  .11286620E+07  .12662270E+07 -.17323030E+00  .49047920E+04
 .80031950E+03  .52590080E+03  .10990410E+07  .13267760E+07 -.16671490E+00  .48351370E+04
 .80948170E+03  .51980520E+03  .10697610E+07  .13861430E+07 -.16056150E+00  .47729280E+04
 .80948170E+03  .51980520E+03  .10697610E+07  .13861430E+07 -.16056150E+00  .47729280E+04
 .83241820E+03  .50348030E+03  .99301550E+06  .15384860E+07 -.14560050E+00  .46356150E+04
 .85325200E+03  .48726000E+03  .91871200E+06  .16799870E+07 -.13244970E+00  .45305500E+04
 .87222430E+03  .47124310E+03  .84682730E+06  .18099710E+07 -.12072550E+00  .44486060E+04
 .88952700E+03  .45550090E+03  .77732530E+06  .19282930E+07 -.11014830E+00  .43836810E+04
 .90531520E+03  .44008490E+03  .71016070E+06  .20350130E+07 -.10050230E+00  .43316180E+04
 .91971540E+03  .42503160E+03  .64528170E+06  .21301800E+07 -.91612500E-01  .42896220E+04
 .93282940E+03  .41036700E+03  .58263180E+06  .22137090E+07 -.83330880E-01  .42558400E+04
 .94473860E+03  .39610930E+03  .52215120E+06  .22853160E+07 -.75529960E-01  .42290020E+04
 .95550680E+03  .38227080E+03  .46377800E+06  .23444630E+07 -.68097630E-01  .42081150E+04
 .96518130E+03  .36885850E+03  .40744870E+06  .23903040E+07 -.60932330E-01  .41922400E+04
 .97379500E+03  .35587500E+03  .35309900E+06  .24216220E+07 -.53938310E-01  .41804000E+04
 .98136680E+03  .34331840E+03  .30066480E+06  .24368010E+07 -.47024730E-01  .41716100E+04
 .98790250E+03  .33118300E+03  .25008240E+06  .24338400E+07 -.40113260E-01  .41650350E+04
 .99339780E+03  .31946080E+03  .20128920E+06  .24103460E+07 -.33140910E-01  .41601250E+04
 .99783720E+03  .30814240E+03  .15422400E+06  .23634570E+07 -.26010330E-01  .41566690E+04
 .10011820E+04  .29721830E+03  .10882680E+06  .22903270E+07 -.18487620E-01  .41551110E+04
 .10033430E+04  .28668160E+03  .65039120E+05  .21899150E+07 -.10138370E-01  .41571950E+04
 .10041480E+04  .27653120E+03  .22803020E+05  .20655850E+07 -.28218410E-03  .41665210E+04
 .10033010E+04  .26677560E+03 -.17939950E+05  .19278160E+07  .12107440E-01  .41894090E+04
 .10003200E+04  .25743880E+03 -.57250570E+05  .17968340E+07  .28432480E-01  .42368890E+04
 .14043080E-02  .57321040E+03  .13453930E+07  .61295060E-09 -.82478000E-05  .57637180E+04
 .21627110E-01  .57321040E+03  .27509160E+07  .24201660E-08 -.82478000E-05  .58672270E+04
 .46238260E+02  .57321040E+03  .27509160E+07  .23265360E+06 -.31170930E-01  .58672270E+04
 .44544760E+02  .57896550E+03  .27831740E+07  .24166280E+06 -.29346030E-01  .53650350E+04
 .42947760E+02  .58530770E+03  .28157710E+07  .25103310E+06 -.27720660E-01  .49307430E+04
 .41436840E+02  .59227280E+03  .28487400E+07  .26075030E+06 -.26266940E-01  .45506650E+04
 .40003220E+02  .59989580E+03  .28821180E+07  .27077730E+06 -.24954960E-01  .42189780E+04
 .38639700E+02  .60820730E+03  .29159420E+07  .28108230E+06 -.23760050E-01  .39308940E+04
 .37340270E+02  .61723230E+03  .29502510E+07  .29165020E+06 -.22663150E-01  .36815920E+04
 .36099900E+02  .62698990E+03  .29850850E+07  .30247370E+06 -.21648390E-01  .34664930E+04
 .34914380E+02  .63749330E+03  .30204870E+07  .31353790E+06 -.20701600E-01  .32814510E+04
 .33780270E+02  .64874980E+03  .30564990E+07  .32481750E+06 -.19810810E-01  .31227220E+04
 .32694700E+02  .66076120E+03  .30931610E+07  .33628310E+06 -.18966910E-01  .29869510E+04
 .31655230E+02  .67352400E+03  .31305180E+07  .34790750E+06 -.18163480E-01  .28712560E+04
 .30659720E+02  .68702980E+03  .31686100E+07  .35966710E+06 -.17396030E-01  .27732530E+04
 .29706260E+02  .70126480E+03  .32074790E+07  .37154230E+06 -.16661390E-01  .26909740E+04
 .29706260E+02  .70126480E+03  .32074790E+07  .37154230E+06 -.16661390E-01  .26909740E+04
 .27796620E+02  .73412850E+03  .32935710E+07  .39730790E+06 -.15188150E-01  .25599290E+04
 .26055930E+02  .76999860E+03  .33837900E+07  .42342910E+06 -.13844380E-01  .24785710E+04
 .24468920E+02  .80859730E+03  .34784800E+07  .44987200E+06 -.12626800E-01  .24332620E+04
 .23020530E+02  .84968400E+03  .35779530E+07  .47666380E+06 -.11533450E-01  .24122640E+04
 .21696120E+02  .89309080E+03  .36824970E+07  .50387080E+06 -.10559120E-01  .24067140E+04
 .20481940E+02  .93872300E+03  .37923830E+07  .53157780E+06 -.96947290E-02  .24106770E+04
 .19365440E+02  .98654180E+03  .39078780E+07  .55987660E+06 -.89289270E-02  .24204880E+04
 .18335530E+02  .10365470E+04  .40292410E+07  .58886160E+06 -.82499200E-02  .24339410E+04
 .17382440E+02  .10887630E+04  .41567370E+07  .61863080E+06 -.76466590E-02  .24496520E+04
 .32942610E+04  .13682580E+07  .70359170E+03  .56756750E+04  .27429840E+07  .49438490E+02
 .10000000E+02  .21000000E+02  .20000000E+01  .14000000E+02  .10000000E+02  .74836750E+04
 .70359170E+03  .57725010E+03  .13682580E+07  .78452150E+06 -.24039420E+00  .58908750E+04
 .71673520E+03  .57168900E+03  .13360870E+07  .84864230E+06 -.22918450E+00  .56860450E+04
 .72927760E+03  .56599760E+03  .13042310E+07  .91280910E+06 -.21889990E+00  .55138000E+04
 .74126680E+03  .56019920E+03  .12726970E+07  .97690560E+06 -.20940780E+00  .53671590E+04
 .75274410E+03  .55431380E+03  .12414900E+07  .10407830E+07 -.20060560E+00  .52410110E+04
 .76374590E+03  .54835910E+03  .12106150E+07  .11042690E+07 -.19241070E+00  .51315180E+04
 .77430420E+03  .54235020E+03  .11800750E+07  .11671810E+07 -.18475410E+00  .50357380E+04
 .78444730E+03  .53630080E+03  .11498730E+07  .12293370E+07 -.17757700E+00  .49513770E+04
 .79420080E+03  .53022280E+03  .11200100E+07  .12905620E+07 -.17082850E+00  .48766270E+04
 .80358730E+03  .52412660E+03  .10904880E+07  .13507010E+07 -.16446450E+00  .48100440E+04
 .80358730E+03  .52412660E+03  .10904880E+07  .13507010E+07 -.16446450E+00  .48100440E+04
 .82707230E+03  .50777630E+03  .10130950E+07  .15054530E+07 -.14903030E+00  .46636420E+04
 .84839170E+03  .49150370E+03  .93815100E+06  .16496570E+07 -.13550730E+00  .45521370E+04
 .86779930E+03  .47541460E+03  .86563490E+06  .17824470E+07 -.12348340E+00  .44654950E+04
 .88549660E+03  .45958620E+03  .79551360E+06  .19035860E+07 -.11266150E+00  .43970600E+04
 .90164640E+03  .44407380E+03  .72774330E+06  .20131130E+07 -.10281530E+00  .43422970E+04
 .91638090E+03  .42891710E+03  .66227360E+06  .21110960E+07 -.93762730E-01  .42981380E+04
 .92980730E+03  .41414420E+03  .59904890E+06  .21974950E+07 -.85351230E-01  .42625420E+04
 .94201170E+03  .39977480E+03  .53801020E+06  .22720790E+07 -.77449470E-01  .42341330E+04
 .95306180E+03  .38582260E+03  .47909560E+06  .23343780E+07 -.69942580E-01  .42118820E+04
 .96300900E+03  .37229580E+03  .42224210E+06  .23836270E+07 -.62727380E-01  .41948570E+04
 .97188980E+03  .35919780E+03  .36738540E+06  .24187050E+07 -.55707490E-01  .41820940E+04
 .97972640E+03  .34652790E+03  .31446130E+06  .24380870E+07 -.48791010E-01  .41726020E+04
 .98652810E+03  .33428120E+03  .26340590E+06  .24398560E+07 -.41895860E-01  .41654920E+04
 .99229300E+03  .32245000E+03  .21415620E+06  .24217130E+07 -.34957530E-01  .41601370E+04
 .99700950E+03  .31102510E+03  .16665060E+06  .23808940E+07 -.27897550E-01  .41562170E+04
 .10006470E+04  .29999670E+03  .12082890E+06  .23144100E+07 -.20527060E-01  .41539150E+04
 .10031330E+04  .28935690E+03  .76632160E+05  .22205080E+07 -.12466530E-01  .41545300E+04
 .10043230E+04  .27910220E+03  .34002540E+05  .21011570E+07 -.31049610E-02  .41610540E+04
 .10039540E+04  .26923800E+03 -.71180150E+04  .19647790E+07  .84908490E-02  .41788450E+04
 .10015970E+04  .25978270E+03 -.46789260E+05  .18289360E+07  .23652380E-01  .42172610E+04
 .14212790E-02  .57725010E+03  .13682580E+07  .56389340E-09 -.78969390E-05  .58908750E+04
 .20227160E-01  .57725010E+03  .27429840E+07  .21551790E-08 -.78969390E-05  .61603230E+04
 .49438490E+02  .57725010E+03  .27429840E+07  .22982650E+06 -.33802090E-01  .61603230E+04
 .47602530E+02  .58278230E+03  .27754620E+07  .23890770E+06 -.31803480E-01  .56081080E+04
 .45872570E+02  .58889810E+03  .28082660E+07  .24836260E+06 -.30014190E-01  .51386070E+04
 .44237500E+02  .59562980E+03  .28414300E+07  .25815960E+06 -.28409360E-01  .47301080E+04
 .42687840E+02  .60301290E+03  .28749890E+07  .26825010E+06 -.26958990E-01  .43743080E+04
 .41215660E+02  .61107930E+03  .29089800E+07  .27860430E+06 -.25638650E-01  .40653760E+04
 .39814240E+02  .61985600E+03  .29434430E+07  .28921710E+06 -.24429180E-01  .37980200E+04
 .38477850E+02  .62936430E+03  .29784180E+07  .30008990E+06 -.23313440E-01  .35674500E+04
 .37201690E+02  .63961870E+03  .30139460E+07  .31121030E+06 -.22275160E-01  .33693320E+04
 .35981850E+02  .65062750E+03  .30500690E+07  .32255150E+06 -.21300290E-01  .31996120E+04
 .34815070E+02  .66239340E+03  .30868300E+07  .33408160E+06 -.20378290E-01  .30545370E+04
 .33698630E+02  .67491380E+03  .31242710E+07  .34577110E+06 -.19501870E-01  .29308270E+04
 .32630110E+02  .68818160E+03  .31624350E+07  .35759550E+06 -.18666000E-01  .28257810E+04
 .31607350E+02  .70218510E+03  .32013610E+07  .36953460E+06 -.17867110E-01  .27372190E+04
 .31607350E+02  .70218510E+03  .32013610E+07  .36953460E+06 -.17867110E-01  .27372190E+04
 .29560690E+02  .73458280E+03  .32875360E+07  .39543210E+06 -.16268630E-01  .25947990E+04
 .27697140E+02  .77003880E+03  .33777840E+07  .42167490E+06 -.14813920E-01  .25046670E+04
 .25999820E+02  .80827700E+03  .34724560E+07  .44822350E+06 -.13497560E-01  .24529760E+04
 .24452310E+02  .84904790E+03  .35718710E+07  .47510050E+06 -.12316570E-01  .24275410E+04
 .23038650E+02  .89217160E+03  .36763220E+07  .50237080E+06 -.11265190E-01  .24189290E+04
 .21743860E+02  .93754320E+03  .37860820E+07  .53012030E+06 -.10333630E-01  .24207030E+04
 .20554280E+02  .98511690E+03  .39014200E+07  .55844260E+06 -.95095760E-02  .24288490E+04
 .19457780E+02  .10348890E+04  .40225980E+07  .58743400E+06 -.87800850E-02  .24409590E+04
 .18443770E+02  .10868800E+04  .41498820E+07  .61719430E+06 -.81329890E-02  .24555350E+04
 .33315310E+04  .13905590E+07  .69515510E+03  .56444000E+04  .27346630E+07  .52727910E+02
 .10000000E+02  .21000000E+02  .20000000E+01  .14000000E+02  .10000000E+02  .74524000E+04
 .69515510E+03  .58112290E+03  .13905590E+07  .74770880E+06 -.24742400E+00  .60267080E+04
 .70867620E+03  .57564140E+03  .13581680E+07  .81167550E+06 -.23565750E+00  .57995930E+04
 .72156740E+03  .57001510E+03  .13260890E+07  .87575510E+06 -.22489740E+00  .56099950E+04
 .73388060E+03  .56426910E+03  .12943290E+07  .93985510E+06 -.21499070E+00  .54495540E+04
 .74566020E+03  .55842490E+03  .12628930E+07  .10038440E+07 -.20582200E+00  .53122510E+04
 .75694480E+03  .55250150E+03  .12317870E+07  .10675620E+07 -.19730030E+00  .51936170E+04
 .76776850E+03  .54651540E+03  .12010140E+07  .11308280E+07 -.18935090E+00  .50902560E+04
 .77816160E+03  .54048120E+03  .11705780E+07  .11934590E+07 -.18191070E+00  .49995410E+04
 .78815090E+03  .53441160E+03  .11404810E+07  .12552710E+07 -.17492520E+00  .49194110E+04
 .79776080E+03  .52831780E+03  .11107240E+07  .13160970E+07 -.16834700E+00  .48482290E+04
 .79776080E+03  .52831780E+03  .11107240E+07  .13160970E+07 -.16834700E+00  .48482290E+04
 .82179060E+03  .51194940E+03  .10327040E+07  .14730690E+07 -.15243270E+00  .46923380E+04
 .84359110E+03  .49563070E+03  .95713700E+06  .16198340E+07 -.13853350E+00  .45741610E+04
 .86342920E+03  .47947520E+03  .88400670E+06  .17553200E+07 -.12620780E+00  .44826700E+04
 .88151610E+03  .46356540E+03  .81328210E+06  .18791790E+07 -.11513960E+00  .44106330E+04
 .89802200E+03  .44796140E+03  .74492180E+06  .19914150E+07 -.10509130E+00  .43531210E+04
 .91308500E+03  .43270560E+03  .67887630E+06  .20921090E+07 -.95874090E-01  .43067790E+04
 .92681790E+03  .41782860E+03  .61509110E+06  .21812580E+07 -.87330270E-01  .42693720E+04
 .93931100E+03  .40335160E+03  .55350770E+06  .22586830E+07 -.79324870E-01  .42394030E+04
 .95063630E+03  .38928950E+03  .49406490E+06  .23239770E+07 -.71740160E-01  .42157930E+04
 .96084880E+03  .37565160E+03  .43669970E+06  .23764490E+07 -.64471110E-01  .41976100E+04
 .96998860E+03  .36244270E+03  .38134790E+06  .24150660E+07 -.57420630E-01  .41839050E+04
 .97808130E+03  .34966260E+03  .32794540E+06  .24383980E+07 -.50496090E-01  .41736880E+04
 .98513940E+03  .33730740E+03  .27642790E+06  .24446100E+07 -.43612500E-01  .41660320E+04
 .99116370E+03  .32537000E+03  .22673230E+06  .24314880E+07 -.36702060E-01  .41602370E+04
 .99614550E+03  .31384130E+03  .17879650E+06  .23963720E+07 -.29697780E-01  .41558970E+04
 .10000610E+04  .30271160E+03  .13255990E+06  .23362300E+07 -.22449370E-01  .41529960E+04
 .10028520E+04  .29197180E+03  .87963520E+05  .22487740E+07 -.14629150E-01  .41524440E+04
 .10043940E+04  .28161690E+03  .44949170E+05  .21347880E+07 -.56884910E-02  .41566980E+04
 .10044610E+04  .27164910E+03  .34591180E+04  .20008550E+07  .52188370E-02  .41703120E+04
 .10026690E+04  .26208240E+03 -.36565580E+05  .18620910E+07  .19339520E-01  .42012410E+04
 .14385280E-02  .58112290E+03  .13905590E+07  .52133210E-09 -.75779290E-05  .60267080E+04
 .18965290E-01  .58112290E+03  .27346630E+07  .19306310E-08 -.75779290E-05  .64725410E+04
 .52727910E+02  .58112290E+03  .27346630E+07  .22684420E+06 -.36557570E-01  .64725410E+04
 .50742470E+02  .58643770E+03  .27673520E+07  .23604980E+06 -.34385020E-01  .58624380E+04
 .48872820E+02  .59233290E+03  .28003540E+07  .24561770E+06 -.32422790E-01  .53555580E+04
 .47107490E+02  .59883630E+03  .28337040E+07  .25550330E+06 -.30654930E-01  .49178770E+04
 .45436360E+02  .60598250E+03  .28674360E+07  .26565280E+06 -.29054130E-01  .45373390E+04
 .43850730E+02  .61380510E+03  .29015870E+07  .27604590E+06 -.27597790E-01  .42067290E+04
 .42343060E+02  .62233340E+03  .29361950E+07  .28669310E+06 -.26267140E-01  .39203180E+04
 .40906810E+02  .63159140E+03  .29713020E+07  .29760620E+06 -.25043550E-01  .36732630E+04
 .39536530E+02  .64159530E+03  .30069480E+07  .30877570E+06 -.23908150E-01  .34611730E+04
 .38227760E+02  .65235470E+03  .30431750E+07  .32017280E+06 -.22844360E-01  .32797540E+04
 .36976860E+02  .66387270E+03  .30800250E+07  .33176230E+06 -.21839910E-01  .31248550E+04
 .35780750E+02  .67614780E+03  .31175420E+07  .34351260E+06 -.20886490E-01  .29927660E+04
 .34636730E+02  .68917390E+03  .31557680E+07  .35539760E+06 -.19978520E-01  .28804180E+04
 .33542380E+02  .70294090E+03  .31947440E+07  .36739640E+06 -.19112030E-01  .27853710E+04
 .33542380E+02  .70294090E+03  .31947440E+07  .36739640E+06 -.19112030E-01  .27853710E+04
 .31354390E+02  .73485870E+03  .32809790E+07  .39341800E+06 -.17382140E-01  .26311970E+04
 .29364310E+02  .76988370E+03  .33712340E+07  .41977630E+06 -.15811590E-01  .25318930E+04
 .27553560E+02  .80774400E+03  .34658650E+07  .44642590E+06 -.14392340E-01  .24734420E+04
 .25904260E+02  .84818300E+03  .35651960E+07  .47338470E+06 -.13120140E-01  .24432750E+04
 .24399100E+02  .89100910E+03  .36695240E+07  .50071540E+06 -.11988570E-01  .24314020E+04
 .23021790E+02  .93610640E+03  .37791290E+07  .52850430E+06 -.10987150E-01  .24308640E+04
 .21757510E+02  .98342210E+03  .38942780E+07  .55684670E+06 -.10102540E-01  .24372760E+04
 .20593070E+02  .10329470E+04  .40152380E+07  .58584080E+06 -.93206680E-02  .24480000E+04
 .19516970E+02  .10847020E+04  .41422750E+07  .61558780E+06 -.86281710E-02  .24614170E+04
 .33676970E+04  .14123660E+07  .68676440E+03  .56137040E+04  .27259590E+07  .56113400E+02
 .10000000E+02  .21000000E+02  .20000000E+01  .14000000E+02  .10000000E+02  .74217040E+04
 .68676440E+03  .58484320E+03  .14123660E+07  .71232780E+06 -.25452360E+00  .61722590E+04
 .70066630E+03  .57944700E+03  .13797660E+07  .77610460E+06 -.24217530E+00  .59203560E+04
 .71390840E+03  .57389100E+03  .13474710E+07  .84004530E+06 -.23092460E+00  .57116840E+04
 .72654700E+03  .56820200E+03  .13154920E+07  .90408190E+06 -.22059330E+00  .55362100E+04
 .73862960E+03  .56240330E+03  .12838350E+07  .96810420E+06 -.21105080E+00  .53868420E+04
 .75019750E+03  .55651510E+03  .12525050E+07  .10319660E+07 -.20219650E+00  .52583810E+04
 .76128690E+03  .55055540E+03  .12215060E+07  .10954970E+07 -.19394930E+00  .51469150E+04
 .77192990E+03  .54453960E+03  .11908440E+07  .11585120E+07 -.18624130E+00  .50494410E+04
 .78215500E+03  .53848140E+03  .11605190E+07  .12208230E+07 -.17901450E+00  .49636160E+04
 .79198750E+03  .53239290E+03  .11305340E+07  .12822530E+07 -.17221860E+00  .48875910E+04
 .79198750E+03  .53239290E+03  .11305340E+07  .12822530E+07 -.17221860E+00  .48875910E+04
 .81656000E+03  .51601340E+03  .10519030E+07  .14412600E+07 -.15581650E+00  .47217760E+04
 .83883830E+03  .49965470E+03  .97572900E+06  .15904500E+07 -.14153640E+00  .45966710E+04
 .85910320E+03  .48343800E+03  .90199940E+06  .17285290E+07 -.12890610E+00  .45001730E+04
 .87757570E+03  .46745180E+03  .83068610E+06  .18550200E+07 -.11758960E+00  .44244290E+04
 .89443320E+03  .45176020E+03  .76174910E+06  .19698800E+07 -.10733750E+00  .43641050E+04
 .90982030E+03  .43640940E+03  .69514090E+06  .20731940E+07 -.97953390E-01  .43155560E+04
 .92385450E+03  .42143190E+03  .63080760E+06  .21649910E+07 -.89274850E-01  .42763330E+04
 .93663100E+03  .40685080E+03  .56869150E+06  .22451400E+07 -.81163100E-01  .42448120E+04
 .94822560E+03  .39268230E+03  .50873180E+06  .23132910E+07 -.73497490E-01  .42198480E+04
 .95869720E+03  .37893670E+03  .45086570E+06  .23688240E+07 -.66170980E-01  .42005000E+04
 .96808910E+03  .36561970E+03  .39502930E+06  .24107890E+07 -.59085580E-01  .41858350E+04
 .97643030E+03  .35273220E+03  .34115830E+06  .24378480E+07 -.52148150E-01  .41748720E+04
 .98373650E+03  .34027120E+03  .28918830E+06  .24482490E+07 -.45271590E-01  .41666540E+04
 .99001120E+03  .32823000E+03  .23905600E+06  .24398580E+07 -.38384110E-01  .41604170E+04
 .99524820E+03  .31659990E+03  .19069880E+06  .24101150E+07 -.31424470E-01  .41556830E+04
 .99942930E+03  .30537120E+03  .14405590E+06  .23560120E+07 -.24273850E-01  .41522870E+04
 .10025070E+04  .29453420E+03  .99067840E+05  .22748820E+07 -.16653450E-01  .41508050E+04
 .10043780E+04  .28408230E+03  .55676400E+05  .21665120E+07 -.80717070E-02  .41532180E+04
 .10048430E+04  .27401530E+03  .13823920E+05  .20358490E+07  .22381690E-02  .41633950E+04
 .10035630E+04  .26434330E+03 -.26547920E+05  .18957590E+07  .15431760E-01  .41881160E+04
 .14561040E-02  .58484320E+03  .14123660E+07  .48412220E-09 -.72862450E-05  .61722590E+04
 .17821060E-01  .58484320E+03  .27259590E+07  .17388510E-08 -.72862450E-05  .68069620E+04
 .56113400E+02  .58484320E+03  .27259590E+07  .22371600E+06 -.39449990E-01  .68069620E+04
 .53970680E+02  .58994570E+03  .27588500E+07  .23310770E+06 -.37104440E-01  .61288800E+04
 .51953910E+02  .59562660E+03  .27920430E+07  .24281620E+06 -.34958070E-01  .55821480E+04
 .50051620E+02  .60190660E+03  .28255710E+07  .25279440E+06 -.33012640E-01  .51146070E+04
 .48253130E+02  .60881900E+03  .28594690E+07  .26299400E+06 -.31247330E-01  .47087880E+04
 .46548910E+02  .61639890E+03  .28937720E+07  .27341320E+06 -.29643030E-01  .43556830E+04
 .44930440E+02  .62467880E+03  .29285180E+07  .28408280E+06 -.28181710E-01  .40491750E+04
 .43390270E+02  .63368520E+03  .29637490E+07  .29502650E+06 -.26842830E-01  .37845390E+04
 .41922170E+02  .64343700E+03  .29995050E+07  .30623780E+06 -.25604280E-01  .35574790E+04
 .40521090E+02  .65394480E+03  .30358280E+07  .31768490E+06 -.24446460E-01  .33635460E+04
 .39182930E+02  .66521250E+03  .30727610E+07  .32932900E+06 -.23354970E-01  .31982120E+04
 .37904270E+02  .67723930E+03  .31103460E+07  .34113560E+06 -.22320350E-01  .30573050E+04
 .36682110E+02  .69002000E+03  .31486260E+07  .35307710E+06 -.21336390E-01  .29373460E+04
 .35513740E+02  .70354580E+03  .31876420E+07  .36513180E+06 -.20398720E-01  .28355820E+04
 .35513740E+02  .70354580E+03  .31876420E+07  .36513180E+06 -.20398720E-01  .28355820E+04
 .33179810E+02  .73497050E+03  .32739210E+07  .39126990E+06 -.18530850E-01  .26692470E+04
 .31059300E+02  .76954770E+03  .33641620E+07  .41773730E+06 -.16839220E-01  .25603640E+04
 .29131800E+02  .80701280E+03  .34587280E+07  .44448380E+06 -.15312770E-01  .24947580E+04
 .27377860E+02  .84710370E+03  .35579500E+07  .47152130E+06 -.13945600E-01  .24595420E+04
 .25778760E+02  .88961740E+03  .36621290E+07  .49890980E+06 -.12730530E-01  .24441870E+04
 .24316890E+02  .93442710E+03  .37715490E+07  .52673540E+06 -.11656360E-01  .24412030E+04
 .22976170E+02  .98147190E+03  .38864810E+07  .55509490E+06 -.10708770E-01  .24457990E+04
 .21742340E+02  .10307380E+04  .40071920E+07  .58408830E+06 -.98724700E-02  .24550900E+04
 .20602910E+02  .10822430E+04  .41339480E+07  .61381820E+06 -.91328940E-02  .24673200E+04
 .34028880E+04  .14337440E+07  .67840110E+03  .55834690E+04  .27168680E+07  .59602950E+02
 .10000000E+02  .21000000E+02  .20000000E+01  .14000000E+02  .10000000E+02  .73914690E+04
 .67840110E+03  .58842400E+03  .14337440E+07  .67824280E+06 -.26171130E+00  .63287330E+04
 .69268780E+03  .58311870E+03  .14009400E+07  .74180380E+06 -.24875110E+00  .60491470E+04
 .70628360E+03  .57763790E+03  .13684380E+07  .80556510E+06 -.23699210E+00  .58194510E+04
 .71924940E+03  .57201050E+03  .13362470E+07  .86948270E+06 -.22622530E+00  .56275660E+04
 .73163650E+03  .56626150E+03  .13043750E+07  .93346960E+06 -.21630150E+00  .54651230E+04
 .74348880E+03  .56041250E+03  .12728270E+07  .99739810E+06 -.20710860E+00  .53260760E+04
 .75484470E+03  .55448270E+03  .12416100E+07  .10611090E+07 -.19855830E+00  .52059280E+04
 .76573790E+03  .54848860E+03  .12107270E+07  .11244220E+07 -.19057780E+00  .51012500E+04
 .77619890E+03  .54244490E+03  .11801800E+07  .11871490E+07 -.18310550E+00  .50093860E+04
 .78625420E+03  .53636460E+03  .11499730E+07  .12491040E+07 -.17608780E+00  .49282470E+04
 .78625420E+03  .53636460E+03  .11499730E+07  .12491040E+07 -.17608780E+00  .49282470E+04
 .81136820E+03  .51998070E+03  .10707460E+07  .14099620E+07 -.15918940E+00  .47520270E+04
 .83412230E+03  .50358770E+03  .99397950E+06  .15614430E+07 -.14452310E+00  .46197220E+04
 .85481130E+03  .48731480E+03  .91966400E+06  .17020170E+07 -.13158490E+00  .45180430E+04
 .87366620E+03  .47125650E+03  .84777430E+06  .18310620E+07 -.12001800E+00  .44384780E+04
 .89087210E+03  .45548150E+03  .77827280E+06  .19484710E+07 -.10955990E+00  .43752730E+04
 .90657930E+03  .44003920E+03  .71111320E+06  .20543260E+07 -.10000680E+00  .43244800E+04
 .92091090E+03  .42496470E+03  .64624260E+06  .21486820E+07 -.91191090E-01  .42834330E+04
 .93396640E+03  .41028270E+03  .58360410E+06  .22314530E+07 -.82970330E-01  .42503590E+04
 .94582560E+03  .39601070E+03  .52313730E+06  .23023420E+07 -.75220850E-01  .42240440E+04
 .95655070E+03  .38216030E+03  .46477980E+06  .23607950E+07 -.67833520E-01  .42035270E+04
 .96618880E+03  .36873790E+03  .40846780E+06  .24059420E+07 -.60709210E-01  .41878870E+04
 .97477200E+03  .35574560E+03  .35413690E+06  .24365300E+07 -.53754370E-01  .41761550E+04
 .98231910E+03  .34318100E+03  .30172280E+06  .24508960E+07 -.46880420E-01  .41673570E+04
 .98883630E+03  .33103820E+03  .25116150E+06  .24469790E+07 -.40011700E-01  .41606740E+04
 .99431990E+03  .31930880E+03  .20239060E+06  .24223140E+07 -.33088470E-01  .41555590E+04
 .99875570E+03  .30798310E+03  .15534870E+06  .23739570E+07 -.26016260E-01  .41517390E+04
 .10021060E+04  .29705110E+03  .10997600E+06  .22989930E+07 -.18561670E-01  .41495140E+04
 .10042840E+04  .28650510E+03  .66214090E+05  .21963880E+07 -.10286310E-01  .41504310E+04
 .10051170E+04  .27634250E+03  .24005340E+05  .20696340E+07 -.49536410E-03  .41577710E+04
 .10043040E+04  .26657000E+03 -.16708130E+05  .19295380E+07  .11874850E-01  .41773270E+04
 .14740540E-02  .58842400E+03  .14337440E+07  .45136300E-09 -.70181500E-05  .63287330E+04
 .16777690E-01  .58842400E+03  .27168680E+07  .15738490E-08 -.70181500E-05  .71680710E+04
 .59602950E+02  .58842400E+03  .27168680E+07  .22046600E+06 -.42494590E-01  .71680710E+04
 .57294270E+02  .59331820E+03  .27499540E+07  .23010720E+06 -.39977740E-01  .64090140E+04
 .55122120E+02  .59879010E+03  .27833300E+07  .23997680E+06 -.37633140E-01  .58193600E+04
 .53075530E+02  .60485120E+03  .28170290E+07  .25004400E+06 -.35492580E-01  .53211980E+04
 .51143320E+02  .61153280E+03  .28510850E+07  .26027940E+06 -.33546470E-01  .48895470E+04
 .49314960E+02  .61887130E+03  .28855330E+07  .27070900E+06 -.31780800E-01  .45131070E+04
 .47580810E+02  .62690230E+03  .29204110E+07  .28138750E+06 -.30178350E-01  .41854020E+04
 .45932370E+02  .63565570E+03  .29557600E+07  .29235150E+06 -.28716070E-01  .39020000E+04
 .44362490E+02  .64515320E+03  .29916190E+07  .30359650E+06 -.27367900E-01  .36588620E+04
 .42865470E+02  .65540690E+03  .30280310E+07  .31508750E+06 -.26110580E-01  .34514830E+04
 .41436730E+02  .66642160E+03  .30650390E+07  .32678120E+06 -.24927220E-01  .32749920E+04
 .40072440E+02  .67819670E+03  .31026840E+07  .33863980E+06 -.23806960E-01  .31247440E+04
 .38769300E+02  .69072820E+03  .31410110E+07  .35063380E+06 -.22742900E-01  .29967990E+04
 .37524280E+02  .70400830E+03  .31800600E+07  .36274070E+06 -.21730240E-01  .28880450E+04
 .37524280E+02  .70400830E+03  .31800600E+07  .36274070E+06 -.21730240E-01  .28880450E+04
 .35039480E+02  .73492650E+03  .32663630E+07  .38898760E+06 -.19717360E-01  .27091040E+04
 .32784350E+02  .76903940E+03  .33565700E+07  .41555830E+06 -.17899020E-01  .25902140E+04
 .30736520E+02  .80609140E+03  .34510500E+07  .44239710E+06 -.16260750E-01  .25170360E+04
 .28874880E+02  .84581750E+03  .35501390E+07  .46951040E+06 -.14794640E-01  .24764230E+04
 .27179240E+02  .88800380E+03  .36541440E+07  .49695430E+06 -.13492560E-01  .24573450E+04
 .25630580E+02  .93251210E+03  .37633530E+07  .52481450E+06 -.12342570E-01  .24517600E+04
 .24211550E+02  .97927290E+03  .38780370E+07  .55318850E+06 -.11329370E-01  .24544510E+04
 .22906720E+02  .10282670E+04  .39984670E+07  .58217790E+06 -.10436450E-01  .24622550E+04
 .21702630E+02  .10795090E+04  .41249110E+07  .61188710E+06 -.96479760E-02  .24732650E+04
