 .34028880E+04  .14337440E+07  .67840110E+03  .55834690E+04  .27168680E+07  .59602950E+02
 .10000000E+02  .23000000E+02  .20000000E+01  .14000000E+02  .11000000E+02  .75114690E+04
 .67840110E+03  .58842400E+03  .14337440E+07  .67824280E+06 -.26171130E+00  .63287330E+04
 .69268780E+03  .58311870E+03  .14009400E+07  .74180380E+06 -.24875110E+00  .60491470E+04
 .70628360E+03  .57763790E+03  .13684380E+07  .80556510E+06 -.23699210E+00  .58194510E+04
 .71924940E+03  .57201050E+03  .13362470E+07  .86948270E+06 -.22622530E+00  .56275660E+04
 .73163650E+03  .56626150E+03  .13043750E+07  .93346960E+06 -.21630150E+00  .54651230E+04
 .74348880E+03  .56041250E+03  .12728270E+07  .99739810E+06 -.20710860E+00  .53260760E+04
 .75484470E+03  .55448270E+03  .12416100E+07  .10611090E+07 -.19855830E+00  .52059280E+04
 .76573790E+03  .54848860E+03  .12107270E+07  .11244220E+07 -.19057780E+00  .51012500E+04
 .77619890E+03  .54244490E+03  .11801800E+07  .11871490E+07 -.18310550E+00  .50093860E+04
 .78625420E+03  .53636460E+03  .11499730E+07  .12491040E+07 -.17608780E+00  .49282470E+04
 .78625420E+03  .53636460E+03  .11499730E+07  .12491040E+07 -.17608780E+00  .49282470E+04
 .81136820E+03  .51998070E+03  .10707460E+07  .14099620E+07 -.15918940E+00  .47520270E+04
 .83412230E+03  .50358770E+03  .99397950E+06  .15614430E+07 -.14452310E+00  .46197220E+04
 .85481130E+03  .48731480E+03  .91966400E+06  .17020170E+07 -.13158490E+00  .45180430E+04
 .87366620E+03  .47125650E+03  .84777430E+06  .18310620E+07 -.12001800E+00  .44384780E+04
 .89087210E+03  .45548150E+03  .77827280E+06  .19484710E+07 -.10955990E+00  .43752730E+04
 .90657930E+03  .44003920E+03  .71111320E+06  .20543260E+07 -.10000680E+00  .43244800E+04
 .92091090E+03  .42496470E+03  .64624260E+06  .21486820E+07 -.91191090E-01  .42834330E+04
 .93396640E+03  .41028270E+03  .58360410E+06  .22314530E+07 -.82970330E-01  .42503590E+04
 .94582560E+03  .39601070E+03  .52313730E+06  .23023420E+07 -.75220850E-01  .42240440E+04
 .95655070E+03  .38216030E+03  .46477980E+06  .23607950E+07 -.67833520E-01  .42035270E+04
 .96618880E+03  .36873790E+03  .40846780E+06  .24059420E+07 -.60709210E-01  .41878870E+04
 .97477200E+03  .35574560E+03  .35413690E+06  .24365300E+07 -.53754370E-01  .41761550E+04
 .98231910E+03  .34318100E+03  .30172280E+06  .24508960E+07 -.46880420E-01  .41673570E+04
 .98883630E+03  .33103820E+03  .25116150E+06  .24469790E+07 -.40011700E-01  .41606740E+04
 .99431990E+03  .31930880E+03  .20239060E+06  .24223140E+07 -.33088470E-01  .41555590E+04
 .99875570E+03  .30798310E+03  .15534870E+06  .23739570E+07 -.26016260E-01  .41517390E+04
 .10021060E+04  .29705110E+03  .10997600E+06  .22989930E+07 -.18561670E-01  .41495140E+04
 .10042840E+04  .28650510E+03  .66214090E+05  .21963880E+07 -.10286310E-01  .41504310E+04
 .10051170E+04  .27634250E+03  .24005340E+05  .20696340E+07 -.49536410E-03  .41577710E+04
 .10043040E+04  .26657000E+03 -.16708130E+05  .19295380E+07  .11874850E-01  .41773270E+04
 .10013520E+04  .25720860E+03 -.55986180E+05  .17969920E+07  .28303390E-01  .42194290E+04
 .99553040E+03  .24830210E+03 -.93893390E+05  .17064600E+07  .50355100E-01  .43026280E+04
 .14740540E-02  .58842400E+03  .14337440E+07  .45136300E-09 -.70181500E-05  .63287330E+04
 .16777690E-01  .58842400E+03  .27168680E+07  .15738490E-08 -.70181500E-05  .71680710E+04
 .59602950E+02  .58842400E+03  .27168680E+07  .22046600E+06 -.42494590E-01  .71680710E+04
 .57294270E+02  .59331820E+03  .27499540E+07  .23010720E+06 -.39977740E-01  .64090140E+04
 .55122120E+02  .59879010E+03  .27833300E+07  .23997680E+06 -.37633140E-01  .58193600E+04
 .53075530E+02  .60485120E+03  .28170290E+07  .25004400E+06 -.35492580E-01  .53211980E+04
 .51143320E+02  .61153280E+03  .28510850E+07  .26027940E+06 -.33546470E-01  .48895470E+04
 .49314960E+02  .61887130E+03  .28855330E+07  .27070900E+06 -.31780800E-01  .45131070E+04
 .47580810E+02  .62690230E+03  .29204110E+07  .28138750E+06 -.30178350E-01  .41854020E+04
 .45932370E+02  .63565570E+03  .29557600E+07  .29235150E+06 -.28716070E-01  .39020000E+04
 .44362490E+02  .64515320E+03  .29916190E+07  .30359650E+06 -.27367900E-01  .36588620E+04
 .42865470E+02  .65540690E+03  .30280310E+07  .31508750E+06 -.26110580E-01  .34514830E+04
 .41436730E+02  .66642160E+03  .30650390E+07  .32678120E+06 -.24927220E-01  .32749920E+04
 .40072440E+02  .67819670E+03  .31026840E+07  .33863980E+06 -.23806960E-01  .31247440E+04
 .38769300E+02  .69072820E+03  .31410110E+07  .35063380E+06 -.22742900E-01  .29967990E+04
 .37524280E+02  .70400830E+03  .31800600E+07  .36274070E+06 -.21730240E-01  .28880450E+04
 .37524280E+02  .70400830E+03  .31800600E+07  .36274070E+06 -.21730240E-01  .28880450E+04
 .35039480E+02  .73492650E+03  .32663630E+07  .38898760E+06 -.19717360E-01  .27091040E+04
 .32784350E+02  .76903940E+03  .33565700E+07  .41555830E+06 -.17899020E-01  .25902140E+04
 .30736520E+02  .80609140E+03  .34510500E+07  .44239710E+06 -.16260750E-01  .25170360E+04
 .28874880E+02  .84581750E+03  .35501390E+07  .46951040E+06 -.14794640E-01  .24764230E+04
 .27179240E+02  .88800380E+03  .36541440E+07  .49695430E+06 -.13492560E-01  .24573450E+04
 .25630580E+02  .93251210E+03  .37633530E+07  .52481450E+06 -.12342570E-01  .24517600E+04
 .24211550E+02  .97927290E+03  .38780370E+07  .55318850E+06 -.11329370E-01  .24544510E+04
 .22906720E+02  .10282670E+04  .39984670E+07  .58217790E+06 -.10436450E-01  .24622550E+04
 .21702630E+02  .10795090E+04  .41249110E+07  .61188710E+06 -.96479760E-02  .24732650E+04
 .20587600E+02  .11330360E+04  .42576410E+07  .64242550E+06 -.89498120E-02  .24862280E+04
 .34372210E+04  .14547470E+07  .67004730E+03  .55535760E+04  .27073720E+07  .63205960E+02
 .10000000E+02  .23000000E+02  .20000000E+01  .14000000E+02  .11000000E+02  .74815760E+04
 .67004730E+03  .59187600E+03  .14547470E+07  .64533000E+06 -.26900770E+00  .64975490E+04
 .68472380E+03  .58666730E+03  .14217460E+07  .70865700E+06 -.25539930E+00  .61868970E+04
 .69867660E+03  .58126690E+03  .13890430E+07  .77220810E+06 -.24311100E+00  .59339510E+04
 .71197220E+03  .57570570E+03  .13566470E+07  .83596150E+06 -.23189600E+00  .57241070E+04
 .72466570E+03  .57001070E+03  .13245670E+07  .89985410E+06 -.22158260E+00  .55474670E+04
 .73680400E+03  .56420480E+03  .12928080E+07  .96377950E+06 -.21204510E+00  .53970000E+04
 .74842740E+03  .55830850E+03  .12613780E+07  .10275940E+07 -.20318660E+00  .52675330E+04
 .75957200E+03  .55233940E+03  .12302790E+07  .10911250E+07 -.19492900E+00  .51551610E+04
 .77026950E+03  .54631340E+03  .11995170E+07  .11541860E+07 -.18720660E+00  .50568750E+04
 .78054820E+03  .54024400E+03  .11690930E+07  .12165870E+07 -.17996310E+00  .49703230E+04
 .78054820E+03  .54024400E+03  .11690930E+07  .12165870E+07 -.17996310E+00  .49703230E+04
 .80620390E+03  .52386220E+03  .10892830E+07  .13791170E+07 -.16255930E+00  .47831730E+04
 .82943280E+03  .50744060E+03  .10119360E+07  .15327560E+07 -.14750040E+00  .46433680E+04
 .85054420E+03  .49111630E+03  .93704620E+06  .16757320E+07 -.13425060E+00  .45363210E+04
 .86977930E+03  .47499010E+03  .86459120E+06  .18072580E+07 -.12243050E+00  .44528130E+04
 .88733090E+03  .45913530E+03  .79453560E+06  .19271510E+07 -.11176430E+00  .43866460E+04
 .90335560E+03  .44360490E+03  .72683440E+06  .20354780E+07 -.10203990E+00  .43335660E+04
 .91798130E+03  .42843640E+03  .66143600E+06  .21323170E+07 -.93084560E-01  .42906750E+04
 .93131210E+03  .41365640E+03  .59828400E+06  .22176210E+07 -.84752100E-01  .42560490E+04
 .94343170E+03  .39928370E+03  .53731870E+06  .22911440E+07 -.76915880E-01  .42283850E+04
 .95440610E+03  .38533090E+03  .47847790E+06  .23523950E+07 -.69464530E-01  .42066930E+04
 .96428530E+03  .37180560E+03  .42169800E+06  .24005750E+07 -.62297600E-01  .41900630E+04
 .97310490E+03  .35871060E+03  .36691470E+06  .24345190E+07 -.55321120E-01  .41775410E+04
 .98088670E+03  .34604450E+03  .31406340E+06  .24526490E+07 -.48445510E-01  .41681440E+04
 .98763960E+03  .33380190E+03  .26308020E+06  .24529790E+07 -.41591680E-01  .41610040E+04
 .99336220E+03  .32197500E+03  .21390200E+06  .24331290E+07 -.34698680E-01  .41555140E+04
 .99804360E+03  .31055410E+03  .16646730E+06  .23902400E+07 -.27689540E-01  .41513170E+04
 .10016540E+04  .29952910E+03  .12071600E+06  .23212610E+07 -.20372110E-01  .41484930E+04
 .10041210E+04  .28889120E+03  .76589260E+05  .22244880E+07 -.12358360E-01  .41481970E+04
 .10052960E+04  .27863600E+03  .34029510E+05  .21021340E+07 -.30186090E-02  .41531910E+04
 .10049120E+04  .26876720E+03 -.70208370E+04  .19631230E+07  .86217040E-02  .41684370E+04
 .10025240E+04  .25930110E+03 -.46620760E+05  .18258880E+07  .23971410E-01  .42027600E+04
 .99745250E+03  .25027460E+03 -.84833110E+05  .17215720E+07  .44667900E-01  .42722160E+04
 .14924320E-02  .59187600E+03  .14547470E+07  .42233800E-09 -.67705370E-05  .64975490E+04
 .15821290E-01  .59187600E+03  .27073720E+07  .14308740E-08 -.67705370E-05  .75622130E+04
 .63205960E+02  .59187600E+03  .27073720E+07  .21712910E+06 -.45707850E-01  .75622130E+04
 .60721640E+02  .59656460E+03  .27406460E+07  .22707670E+06 -.43022350E-01  .67054510E+04
 .58384950E+02  .60183200E+03  .27741980E+07  .23711690E+06 -.40462450E-01  .60687780E+04
 .56186020E+02  .60767810E+03  .28080620E+07  .24725980E+06 -.38106100E-01  .55389200E+04
 .54113120E+02  .61413130E+03  .28422700E+07  .25751110E+06 -.35960640E-01  .50807500E+04
 .52154620E+02  .62122920E+03  .28768570E+07  .26793250E+06 -.34018680E-01  .46800470E+04
 .50299530E+02  .62901060E+03  .29118600E+07  .27860510E+06 -.32263570E-01  .43299670E+04
 .48538100E+02  .63750930E+03  .29473190E+07  .28957800E+06 -.30669000E-01  .40265160E+04
 .46862190E+02  .64674980E+03  .29832750E+07  .30084820E+06 -.29204170E-01  .37660700E+04
 .45265330E+02  .65674620E+03  .30197690E+07  .31237650E+06 -.27841500E-01  .35441840E+04
 .43742410E+02  .66750440E+03  .30568450E+07  .32411450E+06 -.26561130E-01  .33556910E+04
 .42289180E+02  .67902420E+03  .30945440E+07  .33602070E+06 -.25350530E-01  .31954700E+04
 .40901990E+02  .69130220E+03  .31329100E+07  .34806320E+06 -.24201990E-01  .30590840E+04
 .39577500E+02  .70433170E+03  .31719840E+07  .36021840E+06 -.23110290E-01  .29430090E+04
 .39577500E+02  .70433170E+03  .31719840E+07  .36021840E+06 -.23110290E-01  .29430090E+04
 .36936470E+02  .73472980E+03  .32582940E+07  .38656680E+06 -.20944790E-01  .27509520E+04
 .34542190E+02  .76836080E+03  .33484480E+07  .41323430E+06 -.18993640E-01  .26216010E+04
 .32370160E+02  .80498120E+03  .34428200E+07  .44016140E+06 -.17238620E-01  .25404030E+04
 .30397500E+02  .84432480E+03  .35417530E+07  .46734760E+06 -.15669330E-01  .24940160E+04
 .28602460E+02  .88616780E+03  .36455580E+07  .49484480E+06 -.14276470E-01  .24709420E+04
 .26964590E+02  .93036020E+03  .37545270E+07  .52273730E+06 -.13047350E-01  .24625830E+04
 .25465190E+02  .97682350E+03  .38689350E+07  .55112340E+06 -.11965690E-01  .24632630E+04
 .24087630E+02  .10255320E+04  .39890540E+07  .58010610E+06 -.11013770E-01  .24695190E+04
 .22817390E+02  .10764980E+04  .41151540E+07  .60979110E+06 -.10174420E-01  .24792690E+04
 .21641890E+02  .11297560E+04  .42475060E+07  .64028880E+06 -.94322620E-02  .24911770E+04
 .34707970E+04  .14754270E+07  .66168580E+03  .55238970E+04  .26974440E+07  .66933310E+02
 .10000000E+02  .23000000E+02  .20000000E+01  .14000000E+02  .11000000E+02  .74518970E+04
 .66168580E+03  .59520910E+03  .14754270E+07  .61347690E+06 -.27643610E+00  .66803910E+04
 .67675810E+03  .59010270E+03  .14422370E+07  .67655680E+06 -.26213540E+00  .63346800E+04
 .69107210E+03  .58478780E+03  .14093390E+07  .73987510E+06 -.24929270E+00  .60559260E+04
 .70470060E+03  .57929770E+03  .13767440E+07  .80342840E+06 -.23761500E+00  .58263780E+04
 .71770290E+03  .57366090E+03  .13444600E+07  .86717710E+06 -.22690290E+00  .56342920E+04
 .73012900E+03  .56790200E+03  .13124960E+07  .93103760E+06 -.21701420E+00  .54714770E+04
 .74202190E+03  .56204270E+03  .12808570E+07  .99488410E+06 -.20784230E+00  .53319900E+04
 .75341920E+03  .55610210E+03  .12495490E+07  .10585570E+07 -.19930280E+00  .52113830E+04
 .76435430E+03  .55009660E+03  .12185750E+07  .11218760E+07 -.19132610E+00  .51062560E+04
 .77485710E+03  .54404090E+03  .11879390E+07  .11846480E+07 -.18385240E+00  .50139630E+04
 .77485710E+03  .54404090E+03  .11879390E+07  .11846480E+07 -.18385240E+00  .50139630E+04
 .80105590E+03  .52766780E+03  .11075590E+07  .13486700E+07 -.16593340E+00  .48153020E+04
 .82475980E+03  .51122290E+03  .10296420E+07  .15043360E+07 -.15047510E+00  .46676690E+04
 .84629270E+03  .49485190E+03  .95418810E+06  .16496220E+07 -.13690900E+00  .45550530E+04
 .86590680E+03  .47866180E+03  .88117740E+06  .17835630E+07 -.12483280E+00  .44674650E+04
 .88380250E+03  .46273070E+03  .81057660E+06  .19058820E+07 -.11395600E+00  .43982500E+04
 .90014250E+03  .44711520E+03  .74234240E+06  .20166230E+07 -.10405790E+00  .43428280E+04
 .91505980E+03  .43185550E+03  .67642430E+06  .21158780E+07 -.94960370E-01  .42980700E+04
 .92866310E+03  .41698020E+03  .61276650E+06  .22036380E+07 -.86513520E-01  .42618850E+04
 .94103990E+03  .40250920E+03  .55130990E+06  .22797050E+07 -.78587720E-01  .42328700E+04
 .95225970E+03  .38845640E+03  .49199280E+06  .23436450E+07 -.71069240E-01  .42100000E+04
 .96237590E+03  .37483030E+03  .43475170E+06  .23947300E+07 -.63856220E-01  .41923670E+04
 .97142710E+03  .36163460E+03  .37952220E+06  .24318760E+07 -.56854110E-01  .41790330E+04
 .97943820E+03  .34886870E+03  .32623980E+06  .24535900E+07 -.49972680E-01  .41690160E+04
 .98642080E+03  .33652810E+03  .27484030E+06  .24579630E+07 -.43130080E-01  .41614080E+04
 .99237590E+03  .32460520E+03  .22526050E+06  .24426940E+07 -.36262470E-01  .41555420E+04
 .99729520E+03  .31309060E+03  .17743830E+06  .24050170E+07 -.29304430E-01  .41509990E+04
 .10011550E+04  .30197410E+03  .13131340E+06  .23418240E+07 -.22100090E-01  .41476840E+04
 .10038960E+04  .29124620E+03  .86826680E+05  .22508910E+07 -.14309510E-01  .41464040E+04
 .10053910E+04  .28090090E+03  .43920410E+05  .21333100E+07 -.53624180E-02  .41494570E+04
 .10054030E+04  .27093930E+03  .25372420E+04  .19962860E+07  .56315820E-02  .41610960E+04
 .10035330E+04  .26137360E+03 -.37381140E+05  .18559630E+07  .19998520E-01  .41888670E+04
 .99915190E+03  .25223430E+03 -.75896120E+05  .17404690E+07  .39397820E-01  .42466060E+04
 .15112910E-02  .59520910E+03  .14754270E+07  .39647210E-09 -.65408190E-05  .66803910E+04
 .14940240E-01  .59520910E+03  .26974440E+07  .13061000E-08 -.65408190E-05  .79979400E+04
 .66933310E+02  .59520910E+03  .26974440E+07  .21374400E+06 -.49105770E-01  .79979400E+04
 .64262700E+02  .59969270E+03  .27308980E+07  .22404380E+06 -.46256130E-01  .70221150E+04
 .61751370E+02  .60475850E+03  .27646200E+07  .23425040E+06 -.43461460E-01  .63327260E+04
 .59391240E+02  .61039260E+03  .27986420E+07  .24444580E+06 -.40865890E-01  .57694800E+04
 .57170070E+02  .61661920E+03  .28329950E+07  .25468740E+06 -.38500430E-01  .52838190E+04
 .55074870E+02  .62347690E+03  .28677150E+07  .26507930E+06 -.36365730E-01  .48577770E+04
 .53093110E+02  .63100770E+03  .29028370E+07  .27572970E+06 -.34445240E-01  .44840340E+04
 .51213570E+02  .63924910E+03  .29384010E+07  .28669930E+06 -.32708570E-01  .41591380E+04
 .49426990E+02  .64822920E+03  .29744470E+07  .29798530E+06 -.31119360E-01  .38800210E+04
 .47726070E+02  .65796450E+03  .30110170E+07  .30954370E+06 -.29644980E-01  .36424160E+04
 .46105060E+02  .66846190E+03  .30481530E+07  .32132050E+06 -.28262070E-01  .34409320E+04
 .44559280E+02  .67972190E+03  .30858990E+07  .33326950E+06 -.26956110E-01  .32699790E+04
 .43084700E+02  .69174150E+03  .31242960E+07  .34535640E+06 -.25718410E-01  .31245960E+04
 .41677650E+02  .70451470E+03  .31633880E+07  .35755620E+06 -.24543300E-01  .30007950E+04
 .41677650E+02  .70451470E+03  .31633880E+07  .35755620E+06 -.24543300E-01  .30007950E+04
 .38874540E+02  .73437820E+03  .32496880E+07  .38399840E+06 -.22216950E-01  .27950250E+04
 .36336170E+02  .76750920E+03  .33397700E+07  .41075660E+06 -.20126350E-01  .26547150E+04
 .34035690E+02  .80367790E+03  .34340120E+07  .43776730E+06 -.18249200E-01  .25650130E+04
 .31948360E+02  .84261980E+03  .35327630E+07  .46502370E+06 -.16572130E-01  .25124340E+04
 .30050800E+02  .88410220E+03  .36363420E+07  .49257220E+06 -.15084440E-01  .24850560E+04
 .28321050E+02  .92796310E+03  .37450430E+07  .52049510E+06 -.13772610E-01  .24737220E+04
 .26739020E+02  .97411430E+03  .38591450E+07  .54889100E+06 -.12619410E-01  .24722710E+04
 .25286810E+02  .10225240E+04  .39789200E+07  .57786410E+06 -.11605860E-01  .24769060E+04
 .23948770E+02  .10731990E+04  .41046410E+07  .60752140E+06 -.10713460E-01  .24853540E+04
 .22711400E+02  .11261730E+04  .42365800E+07  .63797440E+06 -.99254950E-02  .24961770E+04
 .35037120E+04  .14958320E+07  .65329930E+03  .54943000E+04  .26870430E+07  .70797460E+02
 .10000000E+02  .23000000E+02  .20000000E+01  .14000000E+02  .11000000E+02  .74223000E+04
 .65329930E+03  .59843160E+03  .14958320E+07  .58258060E+06 -.28402390E+00  .68792920E+04
 .66877470E+03  .59343350E+03  .14624580E+07  .64540310E+06 -.26897700E+00  .64937540E+04
 .68345480E+03  .58820940E+03  .14293710E+07  .70847230E+06 -.25554950E+00  .61862270E+04
 .69741980E+03  .58279500E+03  .13965820E+07  .77179780E+06 -.24339180E+00  .59349940E+04
 .71073390E+03  .57722080E+03  .13641010E+07  .83536150E+06 -.23227060E+00  .57260630E+04
 .72345040E+03  .57151300E+03  .13319360E+07  .89910330E+06 -.22202400E+00  .55498740E+04
 .73561470E+03  .56569450E+03  .13000940E+07  .96291860E+06 -.21253340E+00  .53995910E+04
 .74726650E+03  .55978550E+03  .12685800E+07  .10266640E+07 -.20370740E+00  .52701540E+04
 .75844100E+03  .55380360E+03  .12373990E+07  .10901650E+07 -.19547170E+00  .51577220E+04
 .76916930E+03  .54776450E+03  .12065550E+07  .11532350E+07 -.18776370E+00  .50593250E+04
 .76916930E+03  .54776450E+03  .12065550E+07  .11532350E+07 -.18776370E+00  .50593250E+04
 .79591360E+03  .53140660E+03  .11256150E+07  .13185720E+07 -.16931910E+00  .48485110E+04
 .82009360E+03  .51494370E+03  .10471380E+07  .14761320E+07 -.15345360E+00  .46926920E+04
 .84204830E+03  .49853050E+03  .97112900E+06  .16236400E+07 -.13956610E+00  .45742870E+04
 .86204080E+03  .48228030E+03  .89757080E+06  .17599320E+07 -.12723030E+00  .44824740E+04
 .88027950E+03  .46627620E+03  .82643260E+06  .18846260E+07 -.11614020E+00  .44101090E+04
 .89693350E+03  .45057850E+03  .75767260E+06  .19977300E+07 -.10606570E+00  .43522870E+04
 .91214080E+03  .43523020E+03  .69124150E+06  .20993450E+07 -.96823350E-01  .43056290E+04
 .92601440E+03  .42026170E+03  .62708460E+06  .21894940E+07 -.88259350E-01  .42678720E+04
 .93864590E+03  .40569480E+03  .56514290E+06  .22680260E+07 -.80241090E-01  .42375040E+04
 .95010820E+03  .39154400E+03  .50535530E+06  .23345610E+07 -.72652480E-01  .42134500E+04
 .96045790E+03  .37781900E+03  .44765840E+06  .23884370E+07 -.65390040E-01  .41948010E+04
 .96973680E+03  .36452430E+03  .39198810E+06  .24286480E+07 -.58358520E-01  .41806350E+04
 .97797250E+03  .35166020E+03  .33827960E+06  .24537860E+07 -.51467270E-01  .41699760E+04
 .98517970E+03  .33922300E+03  .28646860E+06  .24620210E+07 -.44632280E-01  .41618860E+04
 .99136160E+03  .32720540E+03  .23649170E+06  .24511230E+07 -.37786120E-01  .41556390E+04
 .99651210E+03  .31559840E+03  .18828650E+06  .24184230E+07 -.30869910E-01  .41507660E+04
 .10006130E+04  .30439180E+03  .14179220E+06  .23608140E+07 -.23758520E-01  .41470420E+04
 .10036160E+04  .29357540E+03  .96949470E+05  .22756820E+07 -.16157970E-01  .41449660E+04
 .10054110E+04  .28314200E+03  .53700430E+05  .21631500E+07 -.75527750E-02  .41464130E+04
 .10057910E+04  .27309050E+03  .11987780E+05  .20288590E+07  .28692540E-02  .41550290E+04
 .10043980E+04  .26342940E+03 -.28246220E+05  .18868180E+07  .16344880E-01  .41772720E+04
 .10006530E+04  .25418350E+03 -.67061770E+05  .17623790E+07  .34516500E-01  .42250220E+04
 .15306920E-02  .59843160E+03  .14958320E+07  .37330080E-09 -.63268290E-05  .68792920E+04
 .14124800E-01  .59843160E+03  .26870430E+07  .11964160E-08 -.63268290E-05  .84861110E+04
 .70797460E+02  .59843160E+03  .26870430E+07  .21034540E+06 -.52702160E-01  .84861110E+04
 .67929000E+02  .60270900E+03  .27206720E+07  .22102970E+06 -.49696330E-01  .73644430E+04
 .65231990E+02  .60757450E+03  .27545570E+07  .23138550E+06 -.46646500E-01  .66143680E+04
 .62700970E+02  .61299820E+03  .27887310E+07  .24160130E+06 -.43786160E-01  .60150810E+04
 .60323200E+02  .61899930E+03  .28232240E+07  .25180330E+06 -.41178190E-01  .55005080E+04
 .58084100E+02  .62561680E+03  .28580700E+07  .26214220E+06 -.38832720E-01  .50478210E+04
 .55969340E+02  .63289530E+03  .28933050E+07  .27275280E+06 -.36732820E-01  .46489880E+04
 .53966090E+02  .64087650E+03  .29289680E+07  .28370560E+06 -.34843150E-01  .43011230E+04
 .52063780E+02  .64959200E+03  .29650970E+07  .29499720E+06 -.33120960E-01  .40018240E+04
 .50254140E+02  .65906120E+03  .30017360E+07  .30657780E+06 -.31527880E-01  .37471220E+04
 .48530770E+02  .66929250E+03  .30389260E+07  .31838710E+06 -.30036430E-01  .35314880E+04
 .46888480E+02  .68028720E+03  .30767110E+07  .33037400E+06 -.28629710E-01  .33488950E+04
 .45322850E+02  .69204250E+03  .31151330E+07  .34250110E+06 -.27297840E-01  .31938330E+04
 .43829850E+02  .70455330E+03  .31542340E+07  .35474160E+06 -.26034600E-01  .30618080E+04
 .43829850E+02  .70455330E+03  .31542340E+07  .35474160E+06 -.26034600E-01  .30618080E+04
 .40858220E+02  .73386610E+03  .32405050E+07  .38127000E+06 -.23538420E-01  .28416100E+04
 .38170280E+02  .76647720E+03  .33304940E+07  .40811230E+06 -.21301040E-01  .26897870E+04
 .35736690E+02  .80217270E+03  .34245830E+07  .43520200E+06 -.19295870E-01  .25910490E+04
 .33530670E+02  .84069180E+03  .35231280E+07  .46252560E+06 -.17506060E-01  .25318100E+04
 .31527120E+02  .88179440E+03  .36264530E+07  .49012350E+06 -.15919130E-01  .24997790E+04
 .29702530E+02  .92530660E+03  .37348550E+07  .51807480E+06 -.14520670E-01  .24852390E+04
 .28035340E+02  .97112970E+03  .38486190E+07  .54647830E+06 -.13292510E-01  .24815140E+04
 .26506320E+02  .10192250E+04  .39680170E+07  .57543910E+06 -.12214440E-01  .24844440E+04
 .25098670E+02  .10695940E+04  .40933230E+07  .60506540E+06 -.11266550E-01  .24915370E+04
 .23797870E+02  .11222680E+04  .42248120E+07  .63546940E+06 -.10430780E-01  .25012410E+04
 .35360530E+04  .15160060E+07  .64486990E+03  .54646490E+04  .26761230E+07  .74812450E+02
 .10000000E+02  .23000000E+02  .20000000E+01  .14000000E+02  .11000000E+02  .73926490E+04
 .64486990E+03  .60155110E+03  .15160060E+07  .55254680E+06 -.29180360E+00  .70967490E+04
 .66075720E+03  .59666740E+03  .14824550E+07  .61510220E+06 -.27594500E+00  .66656160E+04
 .67580940E+03  .59153950E+03  .14491840E+07  .67791030E+06 -.26189560E+00  .63258400E+04
 .69011540E+03  .58620580E+03  .14162070E+07  .74098710E+06 -.24923700E+00  .60506560E+04
 .70374480E+03  .58069860E+03  .13835320E+07  .80433260E+06 -.23769470E+00  .58233080E+04
 .71675450E+03  .57504580E+03  .13511710E+07  .86790980E+06 -.22708260E+00  .56326020E+04
 .72919290E+03  .56927180E+03  .13191300E+07  .93163670E+06 -.21726780E+00  .54706640E+04
 .74110150E+03  .56339790E+03  .12874140E+07  .99538790E+06 -.20815050E+00  .53317380E+04
 .75251730E+03  .55744280E+03  .12560310E+07  .10590030E+07 -.19965160E+00  .52114890E+04
 .76347280E+03  .55142300E+03  .12249820E+07  .11222990E+07 -.19170480E+00  .51065850E+04
 .76347280E+03  .55142300E+03  .12249820E+07  .11222990E+07 -.19170480E+00  .51065850E+04
 .79076640E+03  .53508700E+03  .11434910E+07  .12887750E+07 -.17272380E+00  .48829090E+04
 .81542450E+03  .51861150E+03  .10644630E+07  .14480960E+07 -.15644250E+00  .47185080E+04
 .83780210E+03  .50216030E+03  .98790600E+06  .15977360E+07 -.14222770E+00  .45940740E+04
 .85817330E+03  .48585370E+03  .91380740E+06  .17363210E+07 -.12962820E+00  .44978760E+04
 .87675510E+03  .46977970E+03  .84213830E+06  .18633450E+07 -.11832160E+00  .44222560E+04
 .89372240E+03  .45400240E+03  .77285860E+06  .19787680E+07 -.10806810E+00  .43619610E+04
 .90921860E+03  .43856790E+03  .70592030E+06  .20826940E+07 -.98678120E-01  .43133660E+04
 .92336110E+03  .42350850E+03  .64126940E+06  .21751760E+07 -.89994130E-01  .42740190E+04
 .93624540E+03  .40884750E+03  .57884790E+06  .22561050E+07 -.81880520E-01  .42422910E+04
 .94794790E+03  .39460060E+03  .51859450E+06  .23251530E+07 -.74218770E-01  .42170480E+04
 .95852830E+03  .38077830E+03  .46044640E+06  .23817200E+07 -.66903700E-01  .41973710E+04
 .96803150E+03  .36738620E+03  .40433950E+06  .24248750E+07 -.59839170E-01  .41823530E+04
 .97648800E+03  .35442540E+03  .35020900E+06  .24532950E+07 -.52934210E-01  .41710280E+04
 .98391540E+03  .34189260E+03  .29799050E+06  .24652260E+07 -.46103240E-01  .41624390E+04
 .99031910E+03  .32978140E+03  .24762010E+06  .24585130E+07 -.39275120E-01  .41558060E+04
 .99569530E+03  .31808310E+03  .19903540E+06  .24305730E+07 -.32393580E-01  .41506090E+04
 .10000300E+04  .30678730E+03  .15217510E+06  .23783480E+07 -.25358440E-01  .41465320E+04
 .10032830E+04  .29588380E+03  .10697960E+06  .22989450E+07 -.17919200E-01  .41438130E+04
 .10053630E+04  .28536410E+03  .63390770E+05  .21916600E+07 -.96117260E-02  .41439330E+04
 .10060870E+04  .27522500E+03  .21351350E+05  .20607170E+07  .30424450E-03  .41500130E+04
 .10051340E+04  .26547200E+03 -.19196020E+05  .19181370E+07  .12974240E-01  .41675850E+04
 .10019770E+04  .25612490E+03 -.58310510E+05  .17866850E+07  .29994410E-01  .42068220E+04
 .15507000E-02  .60155110E+03  .15160060E+07  .35244710E-09 -.61267680E-05  .70967490E+04
 .13366760E-01  .60155110E+03  .26761230E+07  .10992820E-08 -.61267670E-05  .90396950E+04
 .74812450E+02  .60155110E+03  .26761230E+07  .20695650E+06 -.56507610E-01  .90396950E+04
 .71733860E+02  .60561930E+03  .27099210E+07  .21804580E+06 -.53358500E-01  .77395210E+04
 .68839190E+02  .61028380E+03  .27439640E+07  .22852410E+06 -.50034370E-01  .69177740E+04
 .66126660E+02  .61549760E+03  .27782830E+07  .23872210E+06 -.46882760E-01  .62784400E+04
 .63583100E+02  .62127350E+03  .28129100E+07  .24885140E+06 -.44008270E-01  .57329070E+04
 .61192140E+02  .62765000E+03  .28478770E+07  .25911240E+06 -.41432460E-01  .52519710E+04
 .58937410E+02  .63467440E+03  .28832190E+07  .26966450E+06 -.39137610E-01  .48264510E+04
 .56804240E+02  .64239180E+03  .29189730E+07  .28058580E+06 -.37082700E-01  .44539470E+04
 .54780600E+02  .65083780E+03  .29551800E+07  .29187130E+06 -.35217880E-01  .41327910E+04
 .52857140E+02  .66003500E+03  .29918810E+07  .30346530E+06 -.33498320E-01  .38594290E+04
 .51026690E+02  .66999380E+03  .30291190E+07  .31530030E+06 -.31891750E-01  .36282970E+04
 .49283530E+02  .68071650E+03  .30669350E+07  .32731980E+06 -.30378390E-01  .34329770E+04
 .47622780E+02  .69220070E+03  .31053730E+07  .33948260E+06 -.28946920E-01  .32674080E+04
 .46040070E+02  .70444180E+03  .31444760E+07  .35175980E+06 -.27590460E-01  .31265420E+04
 .46040070E+02  .70444180E+03  .31444760E+07  .35175980E+06 -.27590460E-01  .31265420E+04
 .42892790E+02  .73318600E+03  .32306990E+07  .37836660E+06 -.24914600E-01  .28910520E+04
 .40049240E+02  .76525570E+03  .33205730E+07  .40528610E+06 -.22522350E-01  .27270890E+04
 .37477340E+02  .80045420E+03  .34144860E+07  .43244980E+06 -.20382640E-01  .26187290E+04
 .35148140E+02  .83852720E+03  .35127970E+07  .45983760E+06 -.18474610E-01  .25523080E+04
 .33034750E+02  .87922880E+03  .36158370E+07  .48748280E+06 -.16783610E-01  .25152220E+04
 .31112010E+02  .92237340E+03  .37239100E+07  .51546090E+06 -.15294210E-01  .24972080E+04
 .29356840E+02  .96785070E+03  .38373000E+07  .54386980E+06 -.13987330E-01  .24910430E+04
 .27748610E+02  .10156140E+04  .39562850E+07  .57281560E+06 -.12841520E-01  .24921670E+04
 .26269290E+02  .10656610E+04  .40811390E+07  .60240740E+06 -.11835450E-01  .24978420E+04
 .24903290E+02  .11180190E+04  .42121370E+07  .63275810E+06 -.10949630E-01  .25063870E+04
 .35679030E+04  .15359950E+07  .63637930E+03  .54348130E+04  .26646350E+07  .78993830E+02
 .10000000E+02  .23000000E+02  .20000000E+01  .14000000E+02  .11000000E+02  .73628130E+04
 .63637930E+03  .60457420E+03  .15359950E+07  .52328940E+06 -.29981410E+00  .73358670E+04
 .65268880E+03  .59981130E+03  .15022700E+07  .58556540E+06 -.28306370E+00  .68520660E+04
 .66812020E+03  .59478520E+03  .14688210E+07  .64810320E+06 -.26834720E+00  .64759240E+04
 .68277220E+03  .58953710E+03  .14356590E+07  .71091610E+06 -.25516220E+00  .61741730E+04
 .69672090E+03  .58410160E+03  .14027960E+07  .77401730E+06 -.24318470E+00  .59266280E+04
 .71002730E+03  .57850810E+03  .13702420E+07  .83739110E+06 -.23219840E+00  .57201260E+04
 .72274280E+03  .57278240E+03  .13380050E+07  .90097910E+06 -.22205360E+00  .55455810E+04
 .73491100E+03  .56694700E+03  .13060930E+07  .96467680E+06 -.21264040E+00  .53964360E+04
 .74657060E+03  .56102190E+03  .12745090E+07  .10283390E+07 -.20387360E+00  .52678030E+04
 .75775560E+03  .55502450E+03  .12432590E+07  .10917920E+07 -.19568370E+00  .51559480E+04
 .75775560E+03  .55502450E+03  .12432590E+07  .10917920E+07 -.19568370E+00  .51559480E+04
 .78560320E+03  .53871680E+03  .11612250E+07  .12592320E+07 -.17615490E+00  .49186200E+04
 .81074280E+03  .52223390E+03  .10816530E+07  .14201790E+07 -.15944840E+00  .47451990E+04
 .83354530E+03  .50574920E+03  .10045550E+07  .15718620E+07 -.14489960E+00  .46144730E+04
 .85429650E+03  .48938980E+03  .92992190E+06  .17126830E+07 -.13203190E+00  .45137190E+04
 .87322170E+03  .47324890E+03  .85772730E+06  .18419960E+07 -.12050540E+00  .44347220E+04
 .89050260E+03  .45739460E+03  .78793290E+06  .19597010E+07 -.11006970E+00  .43718760E+04
 .90628740E+03  .44187590E+03  .72049210E+06  .20658990E+07 -.10052920E+00  .43212950E+04
 .92069800E+03  .42672760E+03  .65535160E+06  .21606660E+07 -.91722270E-01  .42803350E+04
 .93383380E+03  .41197420E+03  .59245410E+06  .22439330E+07 -.83510330E-01  .42472370E+04
 .94577480E+03  .39763280E+03  .53173880E+06  .23154220E+07 -.75772430E-01  .42207980E+04
 .95658390E+03  .38371480E+03  .47314300E+06  .23745930E+07 -.68401550E-01  .42000810E+04
 .96630870E+03  .37022650E+03  .41660280E+06  .24205860E+07 -.61300570E-01  .41841910E+04
 .97498300E+03  .35717000E+03  .36205350E+06  .24521590E+07 -.54378140E-01  .41721780E+04
 .98262670E+03  .34454280E+03  .30943030E+06  .24676390E+07 -.47547610E-01  .41630700E+04
 .98924800E+03  .33233900E+03  .25866950E+06  .24649430E+07 -.40734380E-01  .41560420E+04
 .99484520E+03  .32055010E+03  .20970790E+06  .24415710E+07 -.33881980E-01  .41505210E+04
 .99940690E+03  .30916610E+03  .16248420E+06  .23945340E+07 -.26909370E-01  .41461300E+04
 .10029020E+04  .29817640E+03  .11693840E+06  .23207640E+07 -.19606520E-01  .41428890E+04
 .10052520E+04  .28757160E+03  .73012020E+05  .22188600E+07 -.11558140E-01  .41419170E+04
 .10062990E+04  .27734690E+03  .30647880E+05  .20917700E+07 -.20898810E-02  .41458680E+04
 .10057560E+04  .26750500E+03 -.10211170E+05  .19496670E+07  .98537990E-02  .41594880E+04
 .10031430E+04  .25806110E+03 -.49623490E+05  .18128900E+07  .25801840E-01  .41914710E+04
 .15713900E-02  .60457420E+03  .15359950E+07  .33360410E-09 -.59391330E-05  .73358670E+04
 .12659220E-01  .60457420E+03  .26646350E+07  .10126140E-08 -.59391330E-05  .96732050E+04
 .78993830E+02  .60457420E+03  .26646350E+07  .20358450E+06 -.60529630E-01  .96732050E+04
 .75692280E+02  .60842880E+03  .26985960E+07  .21509100E+06 -.57255720E-01  .81561150E+04
 .72587100E+02  .61289010E+03  .27327900E+07  .22566160E+06 -.53642160E-01  .72479540E+04
 .69681470E+02  .61789320E+03  .27672490E+07  .23580090E+06 -.50173160E-01  .65628040E+04
 .66961990E+02  .62344370E+03  .28020040E+07  .24582330E+06 -.47007120E-01  .59834470E+04
 .64410320E+02  .62957830E+03  .28370860E+07  .25598080E+06 -.44179830E-01  .54722760E+04
 .62007850E+02  .63634610E+03  .28725290E+07  .26645450E+06 -.41672800E-01  .50182710E+04
 .59737870E+02  .64379570E+03  .29083700E+07  .27732830E+06 -.39438850E-01  .46193030E+04
 .57586680E+02  .65196670E+03  .29446470E+07  .28859490E+06 -.37420480E-01  .42744420E+04
 .55543730E+02  .66088510E+03  .29814040E+07  .30019220E+06 -.35565670E-01  .39806610E+04
 .53600990E+02  .67056380E+03  .30186810E+07  .31204530E+06 -.33836680E-01  .37324710E+04
 .51752110E+02  .68100670E+03  .30565210E+07  .32409130E+06 -.32210270E-01  .35231350E+04
 .49991770E+02  .69221190E+03  .30949680E+07  .33628490E+06 -.30673290E-01  .33460530E+04
 .48315180E+02  .70417490E+03  .31340630E+07  .34859460E+06 -.29218060E-01  .31955920E+04
 .48315180E+02  .70417490E+03  .31340630E+07  .34859460E+06 -.29218060E-01  .31955920E+04
 .44984290E+02  .73233070E+03  .32202190E+07  .37527190E+06 -.26351730E-01  .29437580E+04
 .41978360E+02  .76383560E+03  .33099570E+07  .40226160E+06 -.23795570E-01  .27669390E+04
 .39262380E+02  .79851120E+03  .34036670E+07  .42949400E+06 -.21514070E-01  .26483080E+04
 .36805030E+02  .83611250E+03  .35017160E+07  .45694260E+06 -.19481790E-01  .25741190E+04
 .34577480E+02  .87638950E+03  .36044410E+07  .48463320E+06 -.17681430E-01  .25315190E+04
 .32552870E+02  .91914510E+03  .37121490E+07  .51263650E+06 -.16096350E-01  .25097150E+04
 .30706540E+02  .96425740E+03  .38251300E+07  .54104880E+06 -.14706550E-01  .25009130E+04
 .29016390E+02  .10116710E+04  .39436630E+07  .56997680E+06 -.13489410E-01  .25001120E+04
 .27463090E+02  .10613770E+04  .40680220E+07  .59953050E+06 -.12422140E-01  .25042970E+04
 .26029930E+02  .11134000E+04  .41984860E+07  .62982370E+06 -.11483730E-01  .25116350E+04
 .35993410E+04  .15558380E+07  .62780720E+03  .54046700E+04  .26525280E+07  .83358440E+02
 .10000000E+02  .23000000E+02  .20000000E+01  .14000000E+02  .11000000E+02  .73326700E+04
 .62780720E+03  .60750690E+03  .15558380E+07  .49472910E+06 -.30810290E+00  .76005980E+04
 .64455160E+03  .60287160E+03  .15219460E+07  .55670880E+06 -.29036290E+00  .70553100E+04
 .66037050E+03  .59795310E+03  .14883220E+07  .61896730E+06 -.27492360E+00  .66378590E+04
 .67537460E+03  .59279580E+03  .14549800E+07  .68150510E+06 -.26118130E+00  .63064940E+04
 .68964730E+03  .58743660E+03  .14219330E+07  .74434190E+06 -.24875100E+00  .60367190E+04
 .70325450E+03  .58190670E+03  .13891900E+07  .80748060E+06 -.23738070E+00  .58129830E+04
 .71625050E+03  .57623330E+03  .13567620E+07  .87088560E+06 -.22689940E+00  .56247660E+04
 .72868150E+03  .57044020E+03  .13246540E+07  .93447530E+06 -.21718530E+00  .54645910E+04
 .74058780E+03  .56454830E+03  .12928740E+07  .99812330E+06 -.20814640E+00  .53269450E+04
 .75200510E+03  .55857620E+03  .12614270E+07  .10616680E+07 -.19970890E+00  .52076440E+04
 .75200510E+03  .55857620E+03  .12614270E+07  .10616680E+07 -.19970890E+00  .52076440E+04
 .78041270E+03  .54230370E+03  .11788570E+07  .12298970E+07 -.17962040E+00  .49557880E+04
 .80603810E+03  .52581880E+03  .10987460E+07  .13923320E+07 -.16247850E+00  .47728580E+04
 .82926860E+03  .50930490E+03  .10211120E+07  .15459670E+07 -.14758810E+00  .46355500E+04
 .85040180E+03  .49289610E+03  .94594910E+06  .16889690E+07 -.13444690E+00  .45300500E+04
 .86967200E+03  .47669120E+03  .87323310E+06  .18205350E+07 -.12269660E+00  .44475460E+04
 .88726720E+03  .46076230E+03  .80292790E+06  .19404930E+07 -.11207550E+00  .43820600E+04
 .90334090E+03  .44516150E+03  .73498800E+06  .20489300E+07 -.10238120E+00  .43294380E+04
 .91801950E+03  .42992600E+03  .66936120E+06  .21459410E+07 -.93448200E-01  .42868340E+04
 .93140630E+03  .41508180E+03  .60599060E+06  .22314970E+07 -.85134830E-01  .42523510E+04
 .94358480E+03  .40064730E+03  .54481610E+06  .23053660E+07 -.77317710E-01  .42247070E+04
 .95462100E+03  .38663470E+03  .48577530E+06  .23670640E+07 -.69887880E-01  .42029370E+04
 .96456560E+03  .37305150E+03  .42880430E+06  .24158020E+07 -.62747050E-01  .41861560E+04
 .97345500E+03  .35990020E+03  .37383830E+06  .24504140E+07 -.55803520E-01  .41734300E+04
 .98131210E+03  .34717940E+03  .32081270E+06  .24693120E+07 -.48969840E-01  .41637840E+04
 .98814750E+03  .33488370E+03  .26966320E+06  .24704820E+07 -.42168460E-01  .41563470E+04
 .99396140E+03  .32300490E+03  .22032670E+06  .24515030E+07 -.35340830E-01  .41505010E+04
 .99874520E+03  .31153330E+03  .17274140E+06  .24094700E+07 -.28419620E-01  .41458170E+04
 .10024740E+04  .30045810E+03  .12684690E+06  .23412200E+07 -.21231580E-01  .41421500E+04
 .10050830E+04  .28976930E+03  .82584630E+05  .22447800E+07 -.13408350E-01  .41402830E+04
 .10064350E+04  .27946050E+03  .39897130E+05  .21219570E+07 -.43361560E-02  .41424480E+04
 .10062740E+04  .26953210E+03 -.12725200E+04  .19812070E+07  .69539510E-02  .41527220E+04
 .10041660E+04  .25999520E+03 -.40982040E+05  .18405880E+07  .21909640E-01  .41785220E+04
 .15928460E-02  .60750690E+03  .15558380E+07  .31652280E-09 -.57626850E-05  .76005980E+04
 .11996390E-01  .60750690E+03  .26525280E+07  .93470750E-09 -.57626850E-05  .10401780E+05
 .83358440E+02  .60750690E+03  .26525280E+07  .20021960E+06 -.64774250E-01  .10401780E+05
 .79820730E+02  .61114320E+03  .26866470E+07  .21215020E+06 -.61398090E-01  .86246010E+04
 .76491430E+02  .61539760E+03  .27209880E+07  .22278700E+06 -.57486810E-01  .76108810E+04
 .73380080E+02  .62018860E+03  .27555820E+07  .23282890E+06 -.53676400E-01  .68719430E+04
 .70473470E+02  .62551260E+03  .27904590E+07  .24271110E+06 -.50193280E-01  .62548820E+04
 .67751270E+02  .63140410E+03  .28256500E+07  .25273930E+06 -.47091830E-01  .57110250E+04
 .65192380E+02  .63791290E+03  .28611880E+07  .26311400E+06 -.44353540E-01  .52265010E+04
 .62777880E+02  .64509050E+03  .28971090E+07  .27392310E+06 -.41924940E-01  .47990780E+04
 .60492240E+02  .65298030E+03  .29334510E+07  .28515650E+06 -.39740530E-01  .44284920E+04
 .58323510E+02  .66161240E+03  .29702560E+07  .29674570E+06 -.37740520E-01  .41123240E+04
 .56262690E+02  .67100280E+03  .30075660E+07  .30860800E+06 -.35880940E-01  .38452890E+04
 .54302740E+02  .68115690E+03  .30454230E+07  .32067400E+06 -.34134410E-01  .36204260E+04
 .52437820E+02  .69207380E+03  .30838700E+07  .33289320E+06 -.32485500E-01  .34306250E+04
 .50662710E+02  .70374950E+03  .31229490E+07  .34523120E+06 -.30925450E-01  .32696470E+04
 .50662710E+02  .70374950E+03  .31229490E+07  .34523120E+06 -.30925450E-01  .32696470E+04
 .47139370E+02  .73129550E+03  .32090180E+07  .37197070E+06 -.27856800E-01  .30001920E+04
 .43963540E+02  .76221040E+03  .32985950E+07  .39902310E+06 -.25126690E-01  .28096950E+04
 .41097030E+02  .79633500E+03  .33920770E+07  .42631830E+06 -.22695270E-01  .26800760E+04
 .38505960E+02  .83343640E+03  .34898350E+07  .45382440E+06 -.20532070E-01  .25974640E+04
 .36159430E+02  .87326270E+03  .35922100E+07  .48155840E+06 -.18616510E-01  .25488250E+04
 .34028810E+02  .91560610E+03  .36995180E+07  .50958530E+06 -.16930510E-01  .25228650E+04
 .32087760E+02  .96033200E+03  .38120510E+07  .53799910E+06 -.15453170E-01  .25111950E+04
 .30312650E+02  .10073750E+04  .39300910E+07  .56690680E+06 -.14160690E-01  .25083270E+04
 .28682770E+02  .10567210E+04  .40539130E+07  .59641900E+06 -.13028810E-01  .25109350E+04
 .27180220E+02  .11083900E+04  .41837960E+07  .62665030E+06 -.12034990E-01  .25170090E+04
 .36304460E+04  .15755810E+07  .61913110E+03  .53741130E+04  .26397620E+07  .87924220E+02
 .10000000E+02  .23000000E+02  .20000000E+01  .14000000E+02  .11000000E+02  .73021130E+04
 .61913110E+03  .61035450E+03  .15755810E+07  .46679250E+06 -.31672840E+00  .78960570E+04
 .63632560E+03  .60585420E+03  .15415260E+07  .52845150E+06 -.29787880E+00  .72781020E+04
 .65254210E+03  .60104930E+03  .15077310E+07  .59041990E+06 -.28164840E+00  .68133210E+04
 .66790540E+03  .59598820E+03  .14742130E+07  .65267380E+06 -.26731040E+00  .64487430E+04
 .68250760E+03  .59071030E+03  .14409850E+07  .71523140E+06 -.25440620E+00  .61543960E+04
 .69642000E+03  .58524850E+03  .14080570E+07  .77810940E+06 -.24263990E+00  .59117950E+04
 .70970070E+03  .57963150E+03  .13754400E+07  .84129390E+06 -.23181490E+00  .57087120E+04
 .72239830E+03  .57388450E+03  .13431410E+07  .90472660E+06 -.22179470E+00  .55366040E+04
 .73455490E+03  .56802930E+03  .13111670E+07  .96830230E+06 -.21247900E+00  .53892430E+04
 .74620760E+03  .56208570E+03  .12795230E+07  .10318740E+07 -.20378950E+00  .52619430E+04
 .74620760E+03  .56208570E+03  .12795230E+07  .10318740E+07 -.20378950E+00  .52619430E+04
 .77518270E+03  .54585530E+03  .11964230E+07  .12007230E+07 -.18312900E+00  .49945770E+04
 .80129960E+03  .52937400E+03  .11157790E+07  .13645050E+07 -.16554050E+00  .48015940E+04
 .82496190E+03  .51283510E+03  .10376140E+07  .15199990E+07 -.15029990E+00  .46573800E+04
 .84648030E+03  .49638050E+03  .96192410E+06  .16651270E+07 -.13687920E+00  .45469270E+04
 .86609760E+03  .48011420E+03  .88868990E+06  .17989150E+07 -.12490060E+00  .44607710E+04
 .88400880E+03  .46411290E+03  .81787650E+06  .19211010E+07 -.11409030E+00  .43925430E+04
 .90037260E+03  .44843190E+03  .74943990E+06  .20317500E+07 -.10423890E+00  .43378150E+04
 .91531980E+03  .43311070E+03  .68332890E+06  .21309740E+07 -.95176460E-01  .42935310E+04
 .92895770E+03  .41817710E+03  .61948730E+06  .22187780E+07 -.86758410E-01  .42576440E+04
 .94137320E+03  .40365070E+03  .55785540E+06  .22949740E+07 -.78858890E-01  .42287820E+04
 .95263570E+03  .38954470E+03  .49837110E+06  .23591350E+07 -.71366910E-01  .42059450E+04
 .96279870E+03  .37586730E+03  .44097060E+06  .24105350E+07 -.64182930E-01  .41882540E+04
 .97190140E+03  .36262220E+03  .38558930E+06  .24480870E+07 -.57214700E-01  .41747910E+04
 .97996950E+03  .34980840E+03  .33216240E+06  .24702830E+07 -.50374300E-01  .41645830E+04
 .98701610E+03  .33742120E+03  .28062540E+06  .24751840E+07 -.43581740E-01  .41567250E+04
 .99304330E+03  .32545300E+03  .23091510E+06  .24604420E+07 -.36775320E-01  .41505460E+04
 .99804520E+03  .31389420E+03  .18296910E+06  .24232430E+07 -.29896570E-01  .41455830E+04
 .10020020E+04  .30273400E+03  .13672690E+06  .23603890E+07 -.22804730E-01  .41415610E+04
 .10048600E+04  .29196190E+03  .92129480E+05  .22694580E+07 -.15176680E-01  .41389650E+04
 .10065010E+04  .28157030E+03  .49119290E+05  .21512390E+07 -.64547900E-02  .41396340E+04
 .10066980E+04  .27155720E+03  .76394840E+04  .20126010E+07  .42480210E-02  .41470730E+04
 .10050600E+04  .26193050E+03 -.32367160E+05  .18694500E+07  .18289560E-01  .41676050E+04
 .16151670E-02  .61035450E+03  .15755810E+07  .30100220E-09 -.55964040E-05  .78960570E+04
 .11373430E-01  .61035450E+03  .26397620E+07  .86417170E-09 -.55964040E-05  .11239920E+05
 .87924220E+02  .61035450E+03  .26397620E+07  .19683840E+06 -.69248720E-01  .11239920E+05
 .84136890E+02  .61376860E+03  .26740340E+07  .20919570E+06 -.65792850E-01  .91567210E+04
 .80569160E+02  .61781180E+03  .27085160E+07  .21988400E+06 -.61584580E-01  .80134890E+04
 .77238420E+02  .62238820E+03  .27432390E+07  .22979700E+06 -.57412620E-01  .72101550E+04
 .74132350E+02  .62748470E+03  .27782330E+07  .23950910E+06 -.53587100E-01  .65502620E+04
 .71228660E+02  .63313180E+03  .28135280E+07  .24938300E+06 -.50187390E-01  .59706970E+04
 .68503700E+02  .63937930E+03  .28491550E+07  .25963740E+06 -.47196750E-01  .54533500E+04
 .65936090E+02  .64628070E+03  .28851500E+07  .27036330E+06 -.44555880E-01  .49953120E+04
 .63508290E+02  .65388340E+03  .29215510E+07  .28154770E+06 -.42191160E-01  .45968160E+04
 .61206800E+02  .66222130E+03  .29583990E+07  .29311590E+06 -.40034600E-01  .42560930E+04
 .59021490E+02  .67131410E+03  .29957340E+07  .30497770E+06 -.38035210E-01  .39681950E+04
 .56944540E+02  .68116980E+03  .30336000E+07  .31705610E+06 -.36160720E-01  .37260500E+04
 .54969510E+02  .69178850E+03  .30720400E+07  .32929520E+06 -.34392840E-01  .35220990E+04
 .53090740E+02  .70316660E+03  .31110950E+07  .34165670E+06 -.32721410E-01  .33494940E+04
 .53090740E+02  .70316660E+03  .31110950E+07  .34165670E+06 -.32721410E-01  .33494940E+04
 .49365120E+02  .73007970E+03  .31970550E+07  .36845010E+06 -.29437460E-01  .30608720E+04
 .46011000E+02  .76037810E+03  .32864490E+07  .39555760E+06 -.26522190E-01  .28557510E+04
 .42986810E+02  .79392190E+03  .33796760E+07  .42290940E+06 -.23931790E-01  .27143560E+04
 .40255840E+02  .83049290E+03  .34771120E+07  .45046890E+06 -.21630260E-01  .26225960E+04
 .37784980E+02  .86984010E+03  .35791050E+07  .47824440E+06 -.19593080E-01  .25673240E+04
 .35543710E+02  .91174580E+03  .36859760E+07  .50629350E+06 -.17800420E-01  .25367830E+04
 .33503970E+02  .95606220E+03  .37980210E+07  .53470730E+06 -.16230400E-01  .25219680E+04
 .31640510E+02  .10027130E+04  .39155240E+07  .56359220E+06 -.14858120E-01  .25168670E+04
 .29931140E+02  .10516780E+04  .40387640E+07  .59305960E+06 -.13657850E-01  .25177950E+04
 .28356710E+02  .11029710E+04  .41680200E+07  .62322470E+06 -.12605440E-01  .25225390E+04
 .36612980E+04  .15952680E+07  .61032520E+03  .53430600E+04  .26263040E+07  .92709850E+02
 .10000000E+02  .23000000E+02  .20000000E+01  .14000000E+02  .11000000E+02  .72710600E+04
 .61032520E+03  .61312180E+03  .15952680E+07  .43941080E+06 -.32576330E+00  .82290390E+04
 .62798830E+03  .60876430E+03  .15610540E+07  .50071420E+06 -.30565710E+00  .75239470E+04
 .64461450E+03  .60407970E+03  .15270930E+07  .56237780E+06 -.28855120E+00  .70043810E+04
 .66034550E+03  .59912060E+03  .14934020E+07  .62433940E+06 -.27356980E+00  .66022810E+04
 .67528360E+03  .59392900E+03  .14599960E+07  .68660690E+06 -.26016510E+00  .62806320E+04
 .68950680E+03  .58854010E+03  .14268860E+07  .74920420E+06 -.24798810E+00  .60173000E+04
 .70307690E+03  .58298390E+03  .13940820E+07  .81213650E+06 -.23681090E+00  .57980010E+04
 .71604530E+03  .57728680E+03  .13615940E+07  .87536890E+06 -.22647880E+00  .56129420E+04
 .72845620E+03  .57147200E+03  .13294280E+07  .93881900E+06 -.21688160E+00  .54550800E+04
 .74034830E+03  .56556010E+03  .12975910E+07  .10023590E+07 -.20793560E+00  .53191650E+04
 .74034830E+03  .56556010E+03  .12975910E+07  .10023590E+07 -.20793560E+00  .53191650E+04
 .76989960E+03  .54937940E+03  .12139650E+07  .11716550E+07 -.18669030E+00  .50351850E+04
 .79651480E+03  .53290710E+03  .11327920E+07  .13366420E+07 -.16864290E+00  .48315330E+04
 .82061450E+03  .51634780E+03  .10540970E+07  .14938990E+07 -.15304250E+00  .46800530E+04
 .84252190E+03  .49985070E+03  .97788400E+06  .16411000E+07 -.13933520E+00  .45644140E+04
 .86248960E+03  .48352590E+03  .90413350E+06  .17770800E+07 -.12712320E+00  .44744470E+04
 .88071920E+03  .46745440E+03  .83281360E+06  .19014760E+07 -.11611960E+00  .44033660E+04
 .89737500E+03  .45169490E+03  .76388160E+06  .20143190E+07 -.10610730E+00  .43464560E+04
 .91259220E+03  .43628930E+03  .69728740E+06  .21157320E+07 -.96911870E-01  .43004460E+04
 .92648200E+03  .42126750E+03  .63297560E+06  .22057500E+07 -.88385690E-01  .42631290E+04
 .93913490E+03  .40665010E+03  .57088690E+06  .22842310E+07 -.80400420E-01  .42330340E+04
 .95062350E+03  .39245150E+03  .51095960E+06  .23507990E+07 -.72843040E-01  .42091170E+04
 .96100420E+03  .37868080E+03  .45313010E+06  .24047910E+07 -.65612570E-01  .41904950E+04
 .97031900E+03  .36534230E+03  .39733380E+06  .24451940E+07 -.58616120E-01  .41762700E+04
 .97859630E+03  .35243590E+03  .34350580E+06  .24705840E+07 -.51765420E-01  .41654740E+04
 .98585170E+03  .33995760E+03  .29158160E+06  .24790960E+07 -.44978590E-01  .41571790E+04
 .99208970E+03  .32790030E+03  .24149740E+06  .24684530E+07 -.38190320E-01  .41506590E+04
 .99730620E+03  .31625440E+03  .19319090E+06  .24359310E+07 -.31346950E-01  .41454180E+04
 .10014860E+04  .30500950E+03  .14660100E+06  .23783460E+07 -.24335310E-01  .41410940E+04
 .10045850E+04  .29415460E+03  .10166850E+06  .22929360E+07 -.16875910E-01  .41379070E+04
 .10065010E+04  .28368090E+03  .58335610E+05  .21795950E+07 -.84637030E-02  .41373280E+04
 .10070360E+04  .27358470E+03  .16545420E+05  .20437260E+07  .17118910E-02  .41423650E+04
 .10058370E+04  .26387070E+03 -.23758880E+05  .18992050E+07  .14914560E-01  .41584090E+04
 .16384710E-02  .61312180E+03  .15952680E+07  .28688360E-09 -.54394570E-05  .82290390E+04
 .10786340E-01  .61312180E+03  .26263040E+07  .79987380E-09 -.54394570E-05  .12200020E+05
 .92709850E+02  .61312180E+03  .26263040E+07  .19341030E+06 -.73964740E-01  .12200020E+05
 .88659090E+02  .61631150E+03  .26607250E+07  .20618940E+06 -.70445180E-01  .97651070E+04
 .84838090E+02  .62013910E+03  .26953430E+07  .21693190E+06 -.65950360E-01  .84636210E+04
 .81273280E+02  .62449850E+03  .27301900E+07  .22669680E+06 -.61402350E-01  .75822460E+04
 .77954210E+02  .62936630E+03  .27652960E+07  .23621420E+06 -.57210230E-01  .68728980E+04
 .74856910E+02  .63476820E+03  .28006890E+07  .24591090E+06 -.53487010E-01  .62539110E+04
 .71955100E+02  .64075240E+03  .28364010E+07  .25602380E+06 -.50220930E-01  .57011190E+04
 .69224820E+02  .64737410E+03  .28724650E+07  .26664690E+06 -.47347940E-01  .52101370E+04
 .66646320E+02  .65468380E+03  .29089200E+07  .27776490E+06 -.44786650E-01  .47813970E+04
 .64204340E+02  .66271990E+03  .29458040E+07  .28929790E+06 -.42460500E-01  .44137710E+04
 .61887460E+02  .67150600E+03  .29831580E+07  .30114800E+06 -.40310840E-01  .41027660E+04
 .59686950E+02  .68105290E+03  .30210260E+07  .31323030E+06 -.38299660E-01  .38413390E+04
 .57595720E+02  .69136270E+03  .30594500E+07  .32548280E+06 -.36405110E-01  .36215650E+04
 .55607620E+02  .70243250E+03  .30984730E+07  .33786280E+06 -.34615180E-01  .34360070E+04
 .55607620E+02  .70243250E+03  .30984730E+07  .33786280E+06 -.34615180E-01  .34360070E+04
 .51668840E+02  .72868850E+03  .31843060E+07  .36470170E+06 -.31101790E-01  .31263600E+04
 .48127170E+02  .75834310E+03  .32734940E+07  .39185630E+06 -.27988980E-01  .29055250E+04
 .44937360E+02  .79127500E+03  .33664400E+07  .41925800E+06 -.25229430E-01  .27514950E+04
 .42059670E+02  .82728340E+03  .34635240E+07  .44686660E+06 -.22781360E-01  .26497980E+04
 .39458560E+02  .86612120E+03  .35651010E+07  .47468140E+06 -.20615560E-01  .25872220E+04
 .37101520E+02  .90756160E+03  .36714970E+07  .50275160E+06 -.18709940E-01  .25516080E+04
 .34958680E+02  .95144400E+03  .37830130E+07  .53116400E+06 -.17041610E-01  .25333290E+04
 .33003080E+02  .99768040E+03  .38999370E+07  .56002420E+06 -.15584600E-01  .25257960E+04
 .31211010E+02  .10462410E+04  .40225490E+07  .58944390E+06 -.14311730E-01  .25249230E+04
 .29561940E+02  .10971370E+04  .41511290E+07  .61953880E+06 -.13197180E-01  .25282600E+04
 .36919830E+04  .16149480E+07  .60135890E+03  .53114570E+04  .26121380E+07  .97734310E+02
 .10000000E+02  .23000000E+02  .20000000E+01  .14000000E+02  .11000000E+02  .72394570E+04
 .60135890E+03  .61581310E+03  .16149480E+07  .41251800E+06 -.33530000E+00  .86088040E+04
 .61951310E+03  .61160750E+03  .15805790E+07  .47341770E+06 -.31375560E+00  .77974170E+04
 .63656370E+03  .60705020E+03  .15464550E+07  .53475450E+06 -.29566940E+00  .72136550E+04
 .65267260E+03  .60219910E+03  .15125940E+07  .59641450E+06 -.27998500E+00  .67687920E+04
 .66795450E+03  .59709940E+03  .14790130E+07  .65838310E+06 -.26604650E+00  .64166090E+04
 .68249460E+03  .59178830E+03  .14457230E+07  .72068460E+06 -.25344040E+00  .61303840E+04
 .69635960E+03  .58629750E+03  .14127360E+07  .78333890E+06 -.24190040E+00  .58933290E+04
 .70960400E+03  .58065460E+03  .13800610E+07  .84633320E+06 -.23124990E+00  .56941680E+04
 .72227390E+03  .57488410E+03  .13477050E+07  .90960900E+06 -.22136620E+00  .55249170E+04
 .73440960E+03  .56900740E+03  .13156760E+07  .97305970E+06 -.21215880E+00  .53796890E+04
 .73440960E+03  .56900740E+03  .13156760E+07  .97305970E+06 -.21215880E+00  .53796890E+04
 .76454790E+03  .55288400E+03  .12315280E+07  .11426360E+07 -.19031520E+00  .50778490E+04
 .79167000E+03  .53642680E+03  .11498270E+07  .13086810E+07 -.17179550E+00  .48628300E+04
 .81621360E+03  .51985140E+03  .10706060E+07  .14676010E+07 -.15582430E+00  .47036750E+04
 .83851540E+03  .50331540E+03  .99386960E+06  .16168210E+07 -.14182230E+00  .45825900E+04
 .85883760E+03  .48693480E+03  .91960340E+06  .17549690E+07 -.12937110E+00  .44886330E+04
 .87738920E+03  .47079510E+03  .84777710E+06  .18815610E+07 -.11816940E+00  .44145730E+04
 .89433970E+03  .45495860E+03  .77834960E+06  .19965860E+07 -.10799210E+00  .43553950E+04
 .90982900E+03  .43946990E+03  .71127210E+06  .21001710E+07 -.98659750E-01  .43076040E+04
 .92397230E+03  .42436080E+03  .64648970E+06  .21923800E+07 -.90021710E-01  .42688250E+04
 .93686360E+03  .40965330E+03  .58394380E+06  .22731120E+07 -.81947150E-01  .42374770E+04
 .94857880E+03  .39536270E+03  .52357280E+06  .23420420E+07 -.74320950E-01  .42124620E+04
 .95917720E+03  .38149910E+03  .46531360E+06  .23985670E+07 -.67040580E-01  .41928890E+04
 .96870360E+03  .36806760E+03  .40910150E+06  .24417460E+07 -.60012400E-01  .41778740E+04
 .97718910E+03  .35506880E+03  .35487170E+06  .24702360E+07 -.53147800E-01  .41664660E+04
 .98465190E+03  .34249960E+03  .30255930E+06  .24822520E+07 -.46363530E-01  .41577120E+04
 .99109860E+03  .33035310E+03  .25210060E+06  .24755870E+07 -.39590650E-01  .41508410E+04
 .99652710E+03  .31862020E+03  .20343270E+06  .24476000E+07 -.32777030E-01  .41453200E+04
 .10009250E+04  .30729060E+03  .15649440E+06  .23951610E+07 -.25832030E-01  .41407300E+04
 .10042590E+04  .29635300E+03  .11122600E+06  .23152610E+07 -.18517710E-01  .41370650E+04
 .10064400E+04  .28579780E+03  .67569370E+05  .22070180E+07 -.10379020E-01  .41354510E+04
 .10072950E+04  .27561950E+03  .25467780E+05  .20744910E+07 -.67638820E-03  .41384550E+04
 .10065070E+04  .26582020E+03 -.15135410E+05  .19296390E+07  .11758810E-01  .41506730E+04
 .16629000E-02  .61581310E+03  .16149480E+07  .27404660E-09 -.52911750E-05  .86088040E+04
 .10231820E-01  .61581310E+03  .26121380E+07  .74089610E-09 -.52911750E-05  .13290780E+05
 .97734310E+02  .61581310E+03  .26121380E+07  .18990490E+06 -.78941270E-01  .13290780E+05
 .93405840E+02  .61877940E+03  .26467030E+07  .20308770E+06 -.75359780E-01  .10462460E+05
 .89316230E+02  .62238770E+03  .26814530E+07  .21390650E+06 -.70597020E-01  .89698690E+04
 .85501730E+02  .62652760E+03  .27164200E+07  .22352060E+06 -.65665590E-01  .79934990E+04
 .81954930E+02  .63116600E+03  .27516330E+07  .23282710E+06 -.61084780E-01  .72263140E+04
 .78650660E+02  .63632230E+03  .27871210E+07  .24232650E+06 -.57012110E-01  .65633540E+04
 .75560080E+02  .64204240E+03  .28229120E+07  .25227740E+06 -.53445620E-01  .59721180E+04
 .72656530E+02  .64838180E+03  .28590410E+07  .26277770E+06 -.50318450E-01  .54456860E+04
 .69917870E+02  .65539380E+03  .28955430E+07  .27381090E+06 -.47542100E-01  .49842480E+04
 .67326870E+02  .66312080E+03  .29324580E+07  .28529280E+06 -.45031480E-01  .45872240E+04
 .64870640E+02  .67159120E+03  .29698270E+07  .29711850E+06 -.42719660E-01  .42506720E+04
 .62539410E+02  .68081930E+03  .30076910E+07  .30919530E+06 -.40562030E-01  .39677240E+04
 .60325320E+02  .69080940E+03  .30460930E+07  .32145410E+06 -.38532350E-01  .37302070E+04
 .58221660E+02  .70155980E+03  .30850760E+07  .33384710E+06 -.36616190E-01  .35301400E+04
 .58221660E+02  .70155980E+03  .30850760E+07  .33384710E+06 -.36616190E-01  .35301400E+04
 .54057780E+02  .72713420E+03  .31707630E+07  .36072250E+06 -.32858110E-01  .31972510E+04
 .50318350E+02  .75611740E+03  .32597240E+07  .38791630E+06 -.29534110E-01  .29594490E+04
 .46954240E+02  .78840600E+03  .33523630E+07  .41536060E+06 -.26594110E-01  .27918560E+04
 .43922330E+02  .82381840E+03  .34490670E+07  .44301370E+06 -.23990430E-01  .26793680E+04
 .41184490E+02  .86211460E+03  .35501950E+07  .47086550E+06 -.21688360E-01  .26087480E+04
 .38706060E+02  .90306110E+03  .36560800E+07  .49895580E+06 -.19662970E-01  .25675030E+04
 .36455260E+02  .94648360E+03  .37670290E+07  .52736600E+06 -.17890200E-01  .25453860E+04
 .34403380E+02  .99228140E+03  .38833310E+07  .55619990E+06 -.16343050E-01  .25351890E+04
 .32525050E+02  .10404160E+04  .40052700E+07  .58556950E+06 -.14992940E-01  .25323730E+04
 .30798300E+02  .10908920E+04  .41331240E+07  .61559070E+06 -.13812350E-01  .25342130E+04
 .37225930E+04  .16346760E+07  .59219440E+03  .52792830E+04  .25972660E+07  .10301640E+03
 .10000000E+02  .23000000E+02  .20000000E+01  .14000000E+02  .11000000E+02  .72072830E+04
 .59219440E+03  .61843240E+03  .16346760E+07  .38604790E+06 -.34545760E+00  .90483920E+04
 .61086750E+03  .61438870E+03  .16001560E+07  .44647890E+06 -.32224920E+00  .81046460E+04
 .62836070E+03  .60996670E+03  .15658720E+07  .50745770E+06 -.30305190E+00  .74445380E+04
 .64486000E+03  .60523030E+03  .15318450E+07  .56880260E+06 -.28658930E+00  .69504090E+04
 .66049490E+03  .60022840E+03  .14980910E+07  .63046460E+06 -.27207470E+00  .65638060E+04
 .67535950E+03  .59500050E+03  .14646240E+07  .69245890E+06 -.25901590E+00  .62521470E+04
 .68952590E+03  .58958000E+03  .14314550E+07  .75481440E+06 -.24710000E+00  .59955510E+04
 .70305220E+03  .58399580E+03  .13985940E+07  .81753830E+06 -.23612300E+00  .57809690E+04
 .71598660E+03  .57827370E+03  .13660500E+07  .88059590E+06 -.22594690E+00  .55993170E+04
 .72837130E+03  .57243610E+03  .13338290E+07  .94390390E+06 -.21647310E+00  .54439840E+04
 .72837130E+03  .57243610E+03  .13338290E+07  .94390390E+06 -.21647310E+00  .54439840E+04
 .75910910E+03  .55637840E+03  .12491620E+07  .11135950E+07 -.19401700E+00  .51228620E+04
 .78674850E+03  .53994240E+03  .11669350E+07  .12805460E+07 -.17501020E+00  .48956750E+04
 .81174440E+03  .52335570E+03  .10871870E+07  .14410260E+07 -.15865550E+00  .47283760E+04
 .83444730E+03  .50678430E+03  .10099270E+07  .15922110E+07 -.14434960E+00  .46015520E+04
 .85512950E+03  .49035050E+03  .93514430E+06  .17325030E+07 -.13165210E+00  .45034040E+04
 .87400740E+03  .47414460E+03  .86281040E+06  .18612860E+07 -.12024690E+00  .44262190E+04
 .89125640E+03  .45823250E+03  .79288610E+06  .19784900E+07 -.10989980E+00  .43646720E+04
 .90702090E+03  .44266180E+03  .72532360E+06  .20842380E+07 -.10042620E+00  .43150350E+04
 .92142020E+03  .42746610E+03  .66006890E+06  .21786230E+07 -.91672230E-01  .42747540E+04
 .93455190E+03  .41266900E+03  .59706380E+06  .22615820E+07 -.83504530E-01  .42421280E+04
 .94649500E+03  .39828690E+03  .53624740E+06  .23328390E+07 -.75805870E-01  .42159950E+04
 .95731190E+03  .38433060E+03  .47755640E+06  .23918480E+07 -.68472090E-01  .41954480E+04
 .96705020E+03  .37080620E+03  .42092660E+06  .24377400E+07 -.61408600E-01  .41796170E+04
 .97574350E+03  .35771510E+03  .36629290E+06  .24692520E+07 -.54526480E-01  .41675660E+04
 .98341300E+03  .34505470E+03  .31359050E+06  .24846790E+07 -.47741480E-01  .41583330E+04
 .99006720E+03  .33281880E+03  .26275530E+06  .24818860E+07 -.40981290E-01  .41510970E+04
 .99570590E+03  .32099870E+03  .21372410E+06  .24583120E+07 -.34192980E-01  .41452890E+04
 .10003200E+04  .30958400E+03  .16643540E+06  .24109010E+07 -.27303220E-01  .41404530E+04
 .10038820E+04  .29856370E+03  .12082920E+06  .23364830E+07 -.20113070E-01  .41364020E+04
 .10063190E+04  .28792710E+03  .76847090E+05  .22335190E+07 -.12215590E-01  .41339350E+04
 .10074790E+04  .27766740E+03  .34432200E+05  .21048330E+07 -.29370490E-02  .41352210E+04
 .10070780E+04  .26778430E+03 -.64719420E+04  .19605810E+07  .87976050E-02  .41441820E+04
 .16886350E-02  .61843240E+03  .16346760E+07  .26241030E-09 -.51510320E-05  .90483920E+04
 .97071940E-02  .61843240E+03  .25972660E+07  .68649850E-09 -.51510320E-05  .14515670E+05
 .10301640E+03  .61843240E+03  .25972660E+07  .18630000E+06 -.84206060E-01  .14515670E+05
 .98395050E+02  .62117970E+03  .26319710E+07  .19984830E+06 -.80543380E-01  .11260320E+05
 .94021120E+02  .62456680E+03  .26668500E+07  .21078150E+06 -.75535020E-01  .95412210E+04
 .89940480E+02  .62848560E+03  .27019330E+07  .22026170E+06 -.70220490E-01  .84495730E+04
 .86150070E+02  .63289440E+03  .27372490E+07  .22935180E+06 -.65232230E-01  .76141810E+04
 .82624270E+02  .63780570E+03  .27728260E+07  .23863890E+06 -.60784220E-01  .69016950E+04
 .79331840E+02  .64326180E+03  .28086940E+07  .24840890E+06 -.56890820E-01  .62685640E+04
 .76243370E+02  .64931780E+03  .28448830E+07  .25876630E+06 -.53485260E-01  .57039950E+04
 .73334140E+02  .65602880E+03  .28814290E+07  .26969540E+06 -.50473120E-01  .52073160E+04
 .70584790E+02  .66344120E+03  .29183710E+07  .28110920E+06 -.47761110E-01  .47783040E+04
 .67980730E+02  .67158790E+03  .29557490E+07  .29289670E+06 -.45273600E-01  .44136140E+04
 .65510940E+02  .68048750E+03  .29936030E+07  .30495710E+06 -.42958540E-01  .41067010E+04
 .63166750E+02  .69014740E+03  .30319770E+07  .31721400E+06 -.40784430E-01  .38492790E+04
 .60940790E+02  .70056740E+03  .30709140E+07  .32961410E+06 -.38733740E-01  .36329110E+04
 .60940790E+02  .70056740E+03  .30709140E+07  .32961410E+06 -.38733740E-01  .36329110E+04
 .56538820E+02  .72543610E+03  .31564400E+07  .35651690E+06 -.34714620E-01  .32741660E+04
 .52590510E+02  .75372160E+03  .32451550E+07  .38374200E+06 -.31164590E-01  .30179520E+04
 .49042630E+02  .78533590E+03  .33374660E+07  .41122130E+06 -.28031660E-01  .28358000E+04
 .45848390E+02  .82011850E+03  .34337630E+07  .43891310E+06 -.25262380E-01  .27116210E+04
 .42966770E+02  .85784010E+03  .35344120E+07  .46679950E+06 -.22815760E-01  .26321480E+04
 .40360840E+02  .89826280E+03  .36397520E+07  .49490920E+06 -.20663280E-01  .25846440E+04
 .37996830E+02  .94119890E+03  .37500960E+07  .52331680E+06 -.18779460E-01  .25582590E+04
 .35844140E+02  .98653420E+03  .38657360E+07  .55212350E+06 -.17136310E-01  .25451290E+04
 .33875690E+02  .10342200E+04  .39869580E+07  .58144110E+06 -.15703890E-01  .25402040E+04
 .32067950E+02  .10842530E+04  .41140420E+07  .61138590E+06 -.14452970E-01  .25404420E+04
