 .37225930E+04  .16346760E+07  .59219440E+03  .52792830E+04  .25972660E+07  .10301640E+03
 .10000000E+02  .25000000E+02  .20000000E+01  .14000000E+02  .13000000E+02  .74472830E+04
 .59219440E+03  .61843240E+03  .16346760E+07  .38604790E+06 -.34545760E+00  .90483920E+04
 .61086750E+03  .61438870E+03  .16001560E+07  .44647890E+06 -.32224920E+00  .81046460E+04
 .62836070E+03  .60996670E+03  .15658720E+07  .50745770E+06 -.30305190E+00  .74445380E+04
 .64486000E+03  .60523030E+03  .15318450E+07  .56880260E+06 -.28658930E+00  .69504090E+04
 .66049490E+03  .60022840E+03  .14980910E+07  .63046460E+06 -.27207470E+00  .65638060E+04
 .67535950E+03  .59500050E+03  .14646240E+07  .69245890E+06 -.25901590E+00  .62521470E+04
 .68952590E+03  .58958000E+03  .14314550E+07  .75481440E+06 -.24710000E+00  .59955510E+04
 .70305220E+03  .58399580E+03  .13985940E+07  .81753830E+06 -.23612300E+00  .57809690E+04
 .71598660E+03  .57827370E+03  .13660500E+07  .88059590E+06 -.22594690E+00  .55993170E+04
 .72837130E+03  .57243610E+03  .13338290E+07  .94390390E+06 -.21647310E+00  .54439840E+04
 .72837130E+03  .57243610E+03  .13338290E+07  .94390390E+06 -.21647310E+00  .54439840E+04
 .75910910E+03  .55637840E+03  .12491620E+07  .11135950E+07 -.19401700E+00  .51228620E+04
 .78674850E+03  .53994240E+03  .11669350E+07  .12805460E+07 -.17501020E+00  .48956750E+04
 .81174440E+03  .52335570E+03  .10871870E+07  .14410260E+07 -.15865550E+00  .47283760E+04
 .83444730E+03  .50678430E+03  .10099270E+07  .15922110E+07 -.14434960E+00  .46015520E+04
 .85512950E+03  .49035050E+03  .93514430E+06  .17325030E+07 -.13165210E+00  .45034040E+04
 .87400740E+03  .47414460E+03  .86281040E+06  .18612860E+07 -.12024690E+00  .44262190E+04
 .89125640E+03  .45823250E+03  .79288610E+06  .19784900E+07 -.10989980E+00  .43646720E+04
 .90702090E+03  .44266180E+03  .72532360E+06  .20842380E+07 -.10042620E+00  .43150350E+04
 .92142020E+03  .42746610E+03  .66006890E+06  .21786230E+07 -.91672230E-01  .42747540E+04
 .93455190E+03  .41266900E+03  .59706380E+06  .22615820E+07 -.83504530E-01  .42421280E+04
 .94649500E+03  .39828690E+03  .53624740E+06  .23328390E+07 -.75805870E-01  .42159950E+04
 .95731190E+03  .38433060E+03  .47755640E+06  .23918480E+07 -.68472090E-01  .41954480E+04
 .96705020E+03  .37080620E+03  .42092660E+06  .24377400E+07 -.61408600E-01  .41796170E+04
 .97574350E+03  .35771510E+03  .36629290E+06  .24692520E+07 -.54526480E-01  .41675660E+04
 .98341300E+03  .34505470E+03  .31359050E+06  .24846790E+07 -.47741480E-01  .41583330E+04
 .99006720E+03  .33281880E+03  .26275530E+06  .24818860E+07 -.40981290E-01  .41510970E+04
 .99570590E+03  .32099870E+03  .21372410E+06  .24583120E+07 -.34192980E-01  .41452890E+04
 .10003200E+04  .30958400E+03  .16643540E+06  .24109010E+07 -.27303220E-01  .41404530E+04
 .10038820E+04  .29856370E+03  .12082920E+06  .23364830E+07 -.20113070E-01  .41364020E+04
 .10063190E+04  .28792710E+03  .76847090E+05  .22335190E+07 -.12215590E-01  .41339350E+04
 .10074790E+04  .27766740E+03  .34432200E+05  .21048330E+07 -.29370490E-02  .41352210E+04
 .10070780E+04  .26778430E+03 -.64719420E+04  .19605810E+07  .87976050E-02  .41441820E+04
 .10046370E+04  .25828830E+03 -.45922420E+05  .18213920E+07  .24590580E-01  .41682580E+04
 .99940060E+03  .24920910E+03 -.83979210E+05  .17228610E+07  .46381500E-01  .42223600E+04
 .16886350E-02  .61843240E+03  .16346760E+07  .26241030E-09 -.51510320E-05  .90483920E+04
 .97071940E-02  .61843240E+03  .25972660E+07  .68649850E-09 -.51510320E-05  .14515670E+05
 .10301640E+03  .61843240E+03  .25972660E+07  .18630000E+06 -.84206060E-01  .14515670E+05
 .98395050E+02  .62117970E+03  .26319710E+07  .19984830E+06 -.80543380E-01  .11260320E+05
 .94021120E+02  .62456680E+03  .26668500E+07  .21078150E+06 -.75535020E-01  .95412210E+04
 .89940480E+02  .62848560E+03  .27019330E+07  .22026170E+06 -.70220490E-01  .84495730E+04
 .86150070E+02  .63289440E+03  .27372490E+07  .22935180E+06 -.65232230E-01  .76141810E+04
 .82624270E+02  .63780570E+03  .27728260E+07  .23863890E+06 -.60784220E-01  .69016950E+04
 .79331840E+02  .64326180E+03  .28086940E+07  .24840890E+06 -.56890820E-01  .62685640E+04
 .76243370E+02  .64931780E+03  .28448830E+07  .25876630E+06 -.53485260E-01  .57039950E+04
 .73334140E+02  .65602880E+03  .28814290E+07  .26969540E+06 -.50473120E-01  .52073160E+04
 .70584790E+02  .66344120E+03  .29183710E+07  .28110920E+06 -.47761110E-01  .47783040E+04
 .67980730E+02  .67158790E+03  .29557490E+07  .29289670E+06 -.45273600E-01  .44136140E+04
 .65510940E+02  .68048750E+03  .29936030E+07  .30495710E+06 -.42958540E-01  .41067010E+04
 .63166750E+02  .69014740E+03  .30319770E+07  .31721400E+06 -.40784430E-01  .38492790E+04
 .60940790E+02  .70056740E+03  .30709140E+07  .32961410E+06 -.38733740E-01  .36329110E+04
 .60940790E+02  .70056740E+03  .30709140E+07  .32961410E+06 -.38733740E-01  .36329110E+04
 .56538820E+02  .72543610E+03  .31564400E+07  .35651690E+06 -.34714620E-01  .32741660E+04
 .52590510E+02  .75372160E+03  .32451550E+07  .38374200E+06 -.31164590E-01  .30179520E+04
 .49042630E+02  .78533590E+03  .33374660E+07  .41122130E+06 -.28031660E-01  .28358000E+04
 .45848390E+02  .82011850E+03  .34337630E+07  .43891310E+06 -.25262380E-01  .27116210E+04
 .42966770E+02  .85784010E+03  .35344120E+07  .46679950E+06 -.22815760E-01  .26321480E+04
 .40360840E+02  .89826280E+03  .36397520E+07  .49490920E+06 -.20663280E-01  .25846440E+04
 .37996830E+02  .94119890E+03  .37500960E+07  .52331680E+06 -.18779460E-01  .25582590E+04
 .35844140E+02  .98653420E+03  .38657360E+07  .55212350E+06 -.17136310E-01  .25451290E+04
 .33875690E+02  .10342200E+04  .39869580E+07  .58144110E+06 -.15703890E-01  .25402040E+04
 .32067950E+02  .10842530E+04  .41140420E+07  .61138590E+06 -.14452970E-01  .25404420E+04
 .30400780E+02  .11366650E+04  .42472740E+07  .64207840E+06 -.13357160E-01  .25439790E+04
 .28856940E+02  .11915080E+04  .43869390E+07  .67364840E+06 -.12393800E-01  .25495450E+04
 .37471010E+04  .16505380E+07  .58468810E+03  .52531410E+04  .25848740E+07  .10743970E+03
 .10000000E+02  .25000000E+02  .20000000E+01  .14000000E+02  .13000000E+02  .74211410E+04
 .58468810E+03  .62047840E+03  .16505380E+07  .36512940E+06 -.35413470E+00  .94556610E+04
 .60380110E+03  .61657280E+03  .16158980E+07  .42512480E+06 -.32939440E+00  .83803360E+04
 .62166440E+03  .61226540E+03  .15814890E+07  .48578600E+06 -.30919130E+00  .76478040E+04
 .63848710E+03  .60762600E+03  .15473310E+07  .54686500E+06 -.29203860E+00  .71084230E+04
 .65441250E+03  .60270700E+03  .15134400E+07  .60827540E+06 -.27702460E+00  .66908980E+04
 .66954310E+03  .59754980E+03  .14798320E+07  .67001750E+06 -.26358200E+00  .63567290E+04
 .68395620E+03  .59218940E+03  .14465180E+07  .73212230E+06 -.25135320E+00  .60830100E+04
 .69771300E+03  .58665580E+03  .14135100E+07  .79460980E+06 -.24010780E+00  .58550000E+04
 .71086380E+03  .58097560E+03  .13808160E+07  .85746440E+06 -.22969300E+00  .56625960E+04
 .72345200E+03  .57517220E+03  .13484430E+07  .92062210E+06 -.22000200E+00  .54985260E+04
 .72345200E+03  .57517220E+03  .13484430E+07  .92062210E+06 -.22000200E+00  .54985260E+04
 .75468020E+03  .55917360E+03  .12633600E+07  .10902880E+07 -.19704470E+00  .51608080E+04
 .78274240E+03  .54275940E+03  .11807120E+07  .12578520E+07 -.17763630E+00  .49232260E+04
 .80810760E+03  .52616710E+03  .11005410E+07  .14195030E+07 -.16096450E+00  .47490250E+04
 .83113730E+03  .50957000E+03  .10228620E+07  .15722180E+07 -.14640740E+00  .46173670E+04
 .85211250E+03  .49309560E+03  .94766380E+06  .17142140E+07 -.13350710E+00  .45157010E+04
 .87125570E+03  .47683810E+03  .87492200E+06  .18447490E+07 -.12193460E+00  .44359010E+04
 .88874700E+03  .46086650E+03  .80459810E+06  .19636980E+07 -.11144770E+00  .43723750E+04
 .90473470E+03  .44523070E+03  .73664520E+06  .20711790E+07 -.10185760E+00  .43212050E+04
 .91934130E+03  .42996620E+03  .67101030E+06  .21672990E+07 -.93007650E-01  .42796870E+04
 .93266730E+03  .41509760E+03  .60763560E+06  .22520290E+07 -.84762400E-01  .42460160E+04
 .94479430E+03  .40064240E+03  .54646030E+06  .23251290E+07 -.77002960E-01  .42189700E+04
 .95578720E+03  .38661190E+03  .48742160E+06  .23861000E+07 -.69623780E-01  .41976260E+04
 .96569560E+03  .37301310E+03  .43045510E+06  .24341260E+07 -.62529380E-01  .41811210E+04
 .97455570E+03  .35984780E+03  .37549600E+06  .24680070E+07 -.55630580E-01  .41685330E+04
 .98239030E+03  .34711430E+03  .32247920E+06  .24861060E+07 -.48842520E-01  .41588960E+04
 .98921030E+03  .33480650E+03  .27134040E+06  .24863450E+07 -.42090560E-01  .41513580E+04
 .99501650E+03  .32291620E+03  .22201640E+06  .24662260E+07 -.35319850E-01  .41453130E+04
 .99980230E+03  .31143320E+03  .17444520E+06  .24227590E+07 -.28467410E-01  .41402890E+04
 .10035440E+04  .30034630E+03  .12856660E+06  .23527030E+07 -.21363130E-01  .41359820E+04
 .10061810E+04  .28964450E+03  .84322050E+05  .22540700E+07 -.13637630E-01  .41329460E+04
 .10075740E+04  .27931990E+03  .41654410E+05  .21287780E+07 -.46665140E-02  .41330530E+04
 .10074690E+04  .26937050E+03  .50734670E+03  .19856150E+07  .65526390E-02  .41397610E+04
 .10054200E+04  .25980390E+03 -.39175840E+05  .18433610E+07  .21548020E-01  .41595540E+04
 .10007180E+04  .25064500E+03 -.77454150E+05  .17349250E+07  .42269710E-01  .42055610E+04
 .17103130E-02  .62047840E+03  .16505380E+07  .25393910E-09 -.50445100E-05  .94556610E+04
 .93075490E-02  .62047840E+03  .25848740E+07  .64587400E-09 -.50445100E-05  .15590360E+05
 .10743970E+03  .62047840E+03  .25848740E+07  .18333720E+06 -.88649620E-01  .15590360E+05
 .10257230E+03  .62305640E+03  .26196900E+07  .19713450E+06 -.84891380E-01  .11977010E+05
 .97959270E+02  .62626680E+03  .26546680E+07  .20819200E+06 -.79700770E-01  .10051070E+05
 .93653430E+02  .63000830E+03  .26898420E+07  .21759060E+06 -.74084780E-01  .88506200E+04
 .89656040E+02  .63423390E+03  .27252380E+07  .22651260E+06 -.68759950E-01  .79517730E+04
 .85941750E+02  .63895040E+03  .27608850E+07  .23562330E+06 -.63993650E-01  .71949020E+04
 .82477650E+02  .64419660E+03  .27968110E+07  .24523700E+06 -.59818980E-01  .65254120E+04
 .79232150E+02  .65002620E+03  .28330460E+07  .25546640E+06 -.56171990E-01  .59282600E+04
 .76178370E+02  .65649530E+03  .28696260E+07  .26629820E+06 -.52954840E-01  .54015220E+04
 .73295060E+02  .66365310E+03  .29065860E+07  .27764460E+06 -.50068100E-01  .49450290E+04
 .70566130E+02  .67153620E+03  .29439680E+07  .28939050E+06 -.47429090E-01  .45559040E+04
 .67979480E+02  .68016710E+03  .29818120E+07  .30142930E+06 -.44979290E-01  .42279510E+04
 .65525610E+02  .68955580E+03  .30201610E+07  .31367830E+06 -.42682330E-01  .39529100E+04
 .63196600E+02  .69970420E+03  .30590570E+07  .32607930E+06 -.40517570E-01  .37220540E+04
 .63196600E+02  .69970420E+03  .30590570E+07  .32607930E+06 -.40517570E-01  .37220540E+04
 .58594140E+02  .72399190E+03  .31444440E+07  .35299720E+06 -.36277190E-01  .33404580E+04
 .54470150E+02  .75170110E+03  .32329520E+07  .38024150E+06 -.32534950E-01  .30683270E+04
 .50767930E+02  .78275490E+03  .33249860E+07  .40774300E+06 -.29237880E-01  .28737650E+04
 .47437570E+02  .81701000E+03  .34209410E+07  .43546160E+06 -.26328290E-01  .27395630E+04
 .44435530E+02  .85424820E+03  .35211880E+07  .46337350E+06 -.23759650E-01  .26523910E+04
 .41722910E+02  .89422990E+03  .36260700E+07  .49149820E+06 -.21499920E-01  .25993820E+04
 .39264260E+02  .93675760E+03  .37359050E+07  .51990380E+06 -.19522200E-01  .25692340E+04
 .37027450E+02  .98170570E+03  .38509890E+07  .54868860E+06 -.17797740E-01  .25535350E+04
 .34983910E+02  .10290160E+04  .39716090E+07  .57796400E+06 -.16295570E-01  .25467870E+04
 .33108850E+02  .10786800E+04  .40980470E+07  .60784610E+06 -.14985070E-01  .25456580E+04
 .31380950E+02  .11307250E+04  .42305870E+07  .63845580E+06 -.13838360E-01  .25481240E+04
 .29782060E+02  .11852000E+04  .43695180E+07  .66992170E+06 -.12831380E-01  .25528360E+04
 .37716980E+04  .16665130E+07  .57699260E+03  .52266670E+04  .25720670E+07  .11204800E+03
 .10000000E+02  .25000000E+02  .20000000E+01  .14000000E+02  .13000000E+02  .73946670E+04
 .57699260E+03  .62248230E+03  .16665130E+07  .34439630E+06 -.36341430E+00  .99274080E+04
 .59657240E+03  .61872360E+03  .16317570E+07  .40388830E+06 -.33692270E+00  .86889960E+04
 .61482340E+03  .61453730E+03  .15972240E+07  .46419490E+06 -.31558560E+00  .78708800E+04
 .63198140E+03  .61000030E+03  .15629350E+07  .52499080E+06 -.29766810E+00  .72797360E+04
 .64820610E+03  .60516860E+03  .15289090E+07  .58614210E+06 -.28211150E+00  .68276270E+04
 .66360970E+03  .60008630E+03  .14951610E+07  .64762690E+06 -.26826070E+00  .64686640E+04
 .67827530E+03  .59478970E+03  .14617040E+07  .70947250E+06 -.25570510E+00  .61762700E+04
 .69226790E+03  .58931020E+03  .14285480E+07  .77170890E+06 -.24418330E+00  .59337100E+04
 .70564000E+03  .58367500E+03  .13957040E+07  .83433770E+06 -.23352450E+00  .57297060E+04
 .71843650E+03  .57790860E+03  .13631790E+07  .89731500E+06 -.22361200E+00  .55562370E+04
 .71843650E+03  .57790860E+03  .13631790E+07  .89731500E+06 -.22361200E+00  .55562370E+04
 .75016640E+03  .56197540E+03  .12776800E+07  .10668530E+07 -.20014240E+00  .52007330E+04
 .77866120E+03  .54558770E+03  .11946090E+07  .12349290E+07 -.18032070E+00  .49520790E+04
 .80440340E+03  .52899330E+03  .11140140E+07  .13976780E+07 -.16332140E+00  .47705800E+04
 .82776650E+03  .51237290E+03  .10359120E+07  .15518880E+07 -.14850490E+00  .46338410E+04
 .84904000E+03  .49585960E+03  .96029660E+06  .16955770E+07 -.13539560E+00  .45284910E+04
 .86845320E+03  .47955160E+03  .88714390E+06  .18278670E+07 -.12365100E+00  .44459550E+04
 .88619100E+03  .46352120E+03  .81641730E+06  .19485720E+07 -.11302040E+00  .43803660E+04
 .90240530E+03  .44782080E+03  .74807100E+06  .20577910E+07 -.10331030E+00  .43276030E+04
 .91722200E+03  .43248750E+03  .68205260E+06  .21556500E+07 -.94361010E-01  .42848100E+04
 .93074480E+03  .41754750E+03  .61830510E+06  .22421480E+07 -.86035230E-01  .42500680E+04
 .94305770E+03  .40301900E+03  .55676780E+06  .23170820E+07 -.78212270E-01  .42220920E+04
 .95422820E+03  .38891430E+03  .49737810E+06  .23799970E+07 -.70785110E-01  .41999320E+04
 .96430820E+03  .37524070E+03  .44007190E+06  .24301310E+07 -.63657340E-01  .41827320E+04
 .97333590E+03  .36200090E+03  .38478430E+06  .24663480E+07 -.56739400E-01  .41695850E+04
 .98133620E+03  .34919370E+03  .33145000E+06  .24870770E+07 -.49946020E-01  .41595270E+04
 .98832210E+03  .33681350E+03  .28000480E+06  .24903000E+07 -.43200490E-01  .41516750E+04
 .99429590E+03  .32485250E+03  .23038500E+06  .24735800E+07 -.36445400E-01  .41453860E+04
 .99925260E+03  .31330050E+03  .18252860E+06  .24339990E+07 -.29625120E-01  .41401720E+04
 .10031730E+04  .30214660E+03  .13637500E+06  .23682820E+07 -.22595980E-01  .41356460E+04
 .10060050E+04  .29137920E+03  .91865280E+05  .22740630E+07 -.15025450E-01  .41321290E+04
 .10076260E+04  .28098970E+03  .48942290E+05  .21524240E+07 -.63359880E-02  .41312130E+04
 .10078040E+04  .27097430E+03  .75496760E+04  .20108510E+07  .44048200E-02  .41359390E+04
 .10061300E+04  .26133820E+03 -.32368940E+05  .18663410E+07  .18645480E-01  .41519530E+04
 .10019380E+04  .25210180E+03 -.70871720E+05  .17492780E+07  .38321070E-01  .41907430E+04
 .17331250E-02  .62248230E+03  .16665130E+07  .24621920E-09 -.49428000E-05  .99274080E+04
 .89247490E-02  .62248230E+03  .25720670E+07  .60754850E-09 -.49428000E-05  .16744180E+05
 .11204800E+03  .62248230E+03  .25720670E+07  .18030590E+06 -.93322740E-01  .16744180E+05
 .10692310E+03  .62489810E+03  .26069900E+07  .19430060E+06 -.89427780E-01  .12766170E+05
 .10206040E+03  .62793400E+03  .26420670E+07  .20550960E+06 -.84061880E-01  .10612150E+05
 .97518140E+02  .63149890E+03  .26773290E+07  .21485930E+06 -.78151640E-01  .92869840E+04
 .93302570E+02  .63554250E+03  .27128040E+07  .22362550E+06 -.72483550E-01  .83156400E+04
 .89389210E+02  .64006600E+03  .27485190E+07  .23255850E+06 -.67383960E-01  .75094560E+04
 .85743810E+02  .64510420E+03  .27845010E+07  .24200800E+06 -.62910300E-01  .68007410E+04
 .82332630E+02  .65070890E+03  .28207810E+07  .25209850E+06 -.59004470E-01  .61690400E+04
 .79126580E+02  .65693650E+03  .28573920E+07  .26282080E+06 -.55566640E-01  .56105640E+04
 .76102400E+02  .66383840E+03  .28943700E+07  .27408810E+06 -.52491910E-01  .51249240E+04
 .73242390E+02  .67145510E+03  .29317550E+07  .28578230E+06 -.49690640E-01  .47096460E+04
 .70533180E+02  .67981280E+03  .29695870E+07  .29779120E+06 -.47097460E-01  .43589450E+04
 .67964390E+02  .68892500E+03  .30079080E+07  .31002600E+06 -.44670570E-01  .40646860E+04
 .65527440E+02  .69879580E+03  .30467610E+07  .32242310E+06 -.42385660E-01  .38179410E+04
 .65527440E+02  .69879580E+03  .30467610E+07  .32242310E+06 -.42385660E-01  .38179410E+04
 .60715080E+02  .72248920E+03  .31320040E+07  .34934970E+06 -.37912470E-01  .34113300E+04
 .56407330E+02  .74960770E+03  .32202950E+07  .37660840E+06 -.33967360E-01  .31220910E+04
 .52543910E+02  .78008380E+03  .33120440E+07  .40412700E+06 -.30496830E-01  .29144020E+04
 .49071580E+02  .81379120E+03  .34076450E+07  .43186800E+06 -.27439430E-01  .27695690E+04
 .45944050E+02  .85052510E+03  .35074750E+07  .45980320E+06 -.24742750E-01  .26741300E+04
 .43120350E+02  .89004670E+03  .36118820E+07  .48794260E+06 -.22370590E-01  .26151390E+04
 .40563270E+02  .93214920E+03  .37211890E+07  .51634650E+06 -.20294300E-01  .25808870E+04
 .38239060E+02  .97669500E+03  .38356960E+07  .54510980E+06 -.18484330E-01  .25623970E+04
 .36117660E+02  .10236160E+04  .39556910E+07  .57434260E+06 -.16908720E-01  .25536900E+04
 .34172870E+02  .10728980E+04  .40814580E+07  .60416140E+06 -.15535500E-01  .25511090E+04
 .32382220E+02  .11245630E+04  .42132820E+07  .63468680E+06 -.14335270E-01  .25524470E+04
 .30726520E+02  .11786570E+04  .43514500E+07  .66604690E+06 -.13282480E-01  .25562650E+04
 .37973760E+04  .16830020E+07  .56916740E+03  .51994290E+04  .25586290E+07  .11691170E+03
 .10000000E+02  .25000000E+02  .20000000E+01  .14000000E+02  .13000000E+02  .73674290E+04
 .56916740E+03  .62444570E+03  .16830020E+07  .29816890E+06 -.35240690E+00  .11011900E+05
 .58883250E+03  .62090670E+03  .16483480E+07  .38173830E+06 -.34533200E+00  .90571780E+04
 .60751320E+03  .61685590E+03  .16136890E+07  .44163080E+06 -.32262620E+00  .81303150E+04
 .62503850E+03  .61243270E+03  .15792670E+07  .50211220E+06 -.30380010E+00  .74759000E+04
 .64158780E+03  .60769820E+03  .15451020E+07  .56298870E+06 -.28761150E+00  .69826530E+04
 .65728580E+03  .60269930E+03  .15112100E+07  .62420530E+06 -.27329560E+00  .65947500E+04
 .67222290E+03  .59747410E+03  .14776040E+07  .68577860E+06 -.26037570E+00  .62808370E+04
 .68646820E+03  .59205520E+03  .14442960E+07  .74774450E+06 -.24855110E+00  .60216540E+04
 .70007740E+03  .58647110E+03  .14112970E+07  .81012040E+06 -.23762800E+00  .58044680E+04
 .71309700E+03  .58074690E+03  .13786140E+07  .87288350E+06 -.22747730E+00  .56203590E+04
 .71309700E+03  .58074690E+03  .13786140E+07  .87288350E+06 -.22747730E+00  .56203590E+04
 .74536400E+03  .56489010E+03  .12926830E+07  .10421860E+07 -.20345710E+00  .52448150E+04
 .77432120E+03  .54853600E+03  .12091720E+07  .12106860E+07 -.18318880E+00  .49837710E+04
 .80046600E+03  .53194390E+03  .11281340E+07  .13744990E+07 -.16583420E+00  .47941670E+04
 .82418400E+03  .51530260E+03  .10495910E+07  .15302230E+07 -.15073660E+00  .46518260E+04
 .84577490E+03  .49875120E+03  .97353880E+06  .16756640E+07 -.13740160E+00  .45424330E+04
 .86547460E+03  .48239240E+03  .89995590E+06  .18097900E+07 -.12547170E+00  .44569010E+04
 .88347350E+03  .46630210E+03  .82880760E+06  .19323340E+07 -.11468650E+00  .43890570E+04
 .89992780E+03  .45053520E+03  .76004910E+06  .20433760E+07 -.10484710E+00  .43345620E+04
 .91496670E+03  .43513100E+03  .69362890E+06  .21430510E+07 -.95790530E-01  .42903910E+04
 .92869710E+03  .42011690E+03  .62949030E+06  .22313900E+07 -.87377350E-01  .42545030E+04
 .94120600E+03  .40551230E+03  .56757330E+06  .23082260E+07 -.79485010E-01  .42255340E+04
 .95256320E+03  .39133020E+03  .50781550E+06  .23731520E+07 -.72004880E-01  .42025040E+04
 .96282320E+03  .37757870E+03  .45015270E+06  .24254580E+07 -.64839500E-01  .41845590E+04
 .97202630E+03  .36426120E+03  .39452020E+06  .24640730E+07 -.57898770E-01  .41708070E+04
 .98019980E+03  .35137700E+03  .34085270E+06  .24874960E+07 -.51097070E-01  .41602890E+04
 .98735840E+03  .33892110E+03  .28908570E+06  .24937770E+07 -.44355920E-01  .41520960E+04
 .99350650E+03  .32688600E+03  .23915530E+06  .24805390E+07 -.37614790E-01  .41455440E+04
 .99864040E+03  .31526190E+03  .19099930E+06  .24449410E+07 -.30822860E-01  .41401340E+04
 .10027450E+04  .30403780E+03  .14455670E+06  .23837090E+07 -.23860910E-01  .41354120E+04
 .10057760E+04  .29320200E+03  .99768530E+05  .22941570E+07 -.16433900E-01  .41314850E+04
 .10076260E+04  .28274490E+03  .56577200E+05  .21765700E+07 -.80107390E-02  .41296630E+04
 .10080870E+04  .27266130E+03  .14926400E+05  .20371540E+07  .22713830E-02  .41326090E+04
 .10067850E+04  .26295400E+03 -.25239990E+05  .18911160E+07  .15774140E-01  .41452080E+04
 .10030990E+04  .25363930E+03 -.63979390E+05  .17663530E+07  .34393250E-01  .41774100E+04
 .17569520E-02  .62444570E+03  .16830020E+07  .26038190E-09 -.48475450E-05  .11011900E+05
 .85534660E-02  .62444570E+03  .25586290E+07  .58265790E-09 -.48475450E-05  .17354400E+05
 .11691170E+03  .62444570E+03  .25586290E+07  .17896880E+06 -.10052280E+00  .17354400E+05
 .11149860E+03  .62668660E+03  .25936090E+07  .19123700E+06 -.94205930E-01  .13654470E+05
 .10637250E+03  .62954690E+03  .26287810E+07  .20263990E+06 -.88672770E-01  .11242690E+05
 .10157960E+03  .63293290E+03  .26641280E+07  .21199070E+06 -.82477630E-01  .97714350E+04
 .97131430E+02  .63679270E+03  .26996780E+07  .22062280E+06 -.76458420E-01  .87153620E+04
 .93005440E+02  .64112170E+03  .27354570E+07  .22937880E+06 -.71006480E-01  .78531400E+04
 .89166370E+02  .64595040E+03  .27714930E+07  .23865390E+06 -.66210950E-01  .71012290E+04
 .85578440E+02  .65132790E+03  .28078140E+07  .24859030E+06 -.62023670E-01  .64322290E+04
 .82210230E+02  .65731030E+03  .28444530E+07  .25918660E+06 -.58344850E-01  .58396940E+04
 .79036370E+02  .66395100E+03  .28814450E+07  .27035890E+06 -.55064970E-01  .53226520E+04
 .76037320E+02  .67129370E+03  .29188280E+07  .28198750E+06 -.52087500E-01  .48789380E+04
 .73198300E+02  .67936900E+03  .29566430E+07  .29395530E+06 -.49339820E-01  .45032310E+04
 .70507880E+02  .68819410E+03  .29949320E+07  .30616740E+06 -.46773950E-01  .41876360E+04
 .67956760E+02  .69777580E+03  .30337350E+07  .31855430E+06 -.44361220E-01  .39231270E+04
 .67956760E+02  .69777580E+03  .30337350E+07  .31855430E+06 -.44361220E-01  .39231270E+04
 .62922490E+02  .72084950E+03  .31188180E+07  .34548100E+06 -.39640980E-01  .34885150E+04
 .58420580E+02  .74735130E+03  .32068760E+07  .37274820E+06 -.35479890E-01  .31804400E+04
 .54387080E+02  .77722110E+03  .32983170E+07  .40027770E+06 -.31824190E-01  .29585780E+04
 .50765150E+02  .81034970E+03  .33935400E+07  .42803580E+06 -.28609420E-01  .28022800E+04
 .47505550E+02  .84654800E+03  .34929240E+07  .45599100E+06 -.25776980E-01  .26978150E+04
 .44565040E+02  .88558000E+03  .35968250E+07  .48414380E+06 -.23285740E-01  .26322160E+04
 .41904560E+02  .92723100E+03  .37055680E+07  .51254540E+06 -.21104890E-01  .25934040E+04
 .39488660E+02  .97135080E+03  .38194590E+07  .54128620E+06 -.19204020E-01  .25718270E+04
 .37285710E+02  .10178610E+04  .39387880E+07  .57047500E+06 -.17550240E-01  .25609770E+04
 .35268060E+02  .10667390E+04  .40638400E+07  .60022790E+06 -.16110250E-01  .25568290E+04
 .33411940E+02  .11180020E+04  .41949010E+07  .63066540E+06 -.14853080E-01  .25569640E+04
 .31697100E+02  .11716940E+04  .43322580E+07  .66191510E+06 -.13751620E-01  .25598360E+04
 .38240000E+04  .17003610E+07  .56097730E+03  .51713460E+04  .25444140E+07  .12208260E+03
 .10000000E+02  .25000000E+02  .20000000E+01  .14000000E+02  .13000000E+02  .73393460E+04
 .56097730E+03  .62636990E+03  .17003610E+07  .28953480E+06 -.36733110E+00  .11543950E+05
 .58059520E+03  .62310240E+03  .16655930E+07  .35887630E+06 -.35472020E+00  .95001010E+04
 .59975200E+03  .61920210E+03  .16308060E+07  .41827690E+06 -.33036060E+00  .84328340E+04
 .61767800E+03  .61490470E+03  .15962490E+07  .47840240E+06 -.31045310E+00  .77003760E+04
 .63457810E+03  .61027740E+03  .15619430E+07  .53898370E+06 -.29352660E+00  .71579800E+04
 .65059170E+03  .60537050E+03  .15279040E+07  .59992130E+06 -.27867980E+00  .67362630E+04
 .66581850E+03  .60022450E+03  .14941460E+07  .66121210E+06 -.26535380E+00  .63975870E+04
 .68033310E+03  .59487320E+03  .14606820E+07  .72289170E+06 -.25319850E+00  .61194630E+04
 .69419430E+03  .58934620E+03  .14275230E+07  .78499090E+06 -.24199120E+00  .58873580E+04
 .70745100E+03  .58366980E+03  .13946780E+07  .84750710E+06 -.23158620E+00  .56912580E+04
 .70745100E+03  .58366980E+03  .13946780E+07  .84750710E+06 -.23158620E+00  .56912580E+04
 .74028890E+03  .56790090E+03  .13083020E+07  .10164610E+07 -.20697980E+00  .52932360E+04
 .76973740E+03  .55158840E+03  .12243350E+07  .11852770E+07 -.18623310E+00  .50183870E+04
 .79630910E+03  .53500360E+03  .11428390E+07  .13500950E+07 -.16849600E+00  .48198260E+04
 .82040280E+03  .51834440E+03  .10638380E+07  .15073320E+07 -.15309600E+00  .46713400E+04
 .84232870E+03  .50175620E+03  .98733160E+06  .16545680E+07 -.13951880E+00  .45575330E+04
 .86233070E+03  .48534690E+03  .91330170E+06  .17905960E+07 -.12739050E+00  .44687390E+04
 .88060470E+03  .46919590E+03  .84171460E+06  .19150530E+07 -.11644020E+00  .43984450E+04
 .89731130E+03  .45336120E+03  .77252710E+06  .20279900E+07 -.10646240E+00  .43420760E+04
 .91258370E+03  .43788410E+03  .70568840E+06  .21295520E+07 -.97290790E-01  .42964250E+04
 .92653180E+03  .42279380E+03  .64114250E+06  .22197940E+07 -.88783470E-01  .42593150E+04
 .93924570E+03  .40811070E+03  .57882990E+06  .22985910E+07 -.80815930E-01  .42292950E+04
 .95079800E+03  .39384870E+03  .51868820E+06  .23655800E+07 -.73277850E-01  .42053430E+04
 .96124550E+03  .38001650E+03  .46065380E+06  .24201060E+07 -.66070520E-01  .41866030E+04
 .97063120E+03  .36661840E+03  .40466160E+06  .24611650E+07 -.59103220E-01  .41721990E+04
 .97898430E+03  .35365420E+03  .35064650E+06  .24873280E+07 -.52290000E-01  .41611820E+04
 .98632180E+03  .34111980E+03  .29854380E+06  .24967150E+07 -.45550890E-01  .41526220E+04
 .99265000E+03  .32900770E+03  .24828950E+06  .24870150E+07 -.38822000E-01  .41457910E+04
 .99796660E+03  .31730850E+03  .19982090E+06  .24554640E+07 -.32054840E-01  .41401700E+04
 .10022600E+04  .30601140E+03  .15307680E+06  .23988210E+07 -.25151850E-01  .41352700E+04
 .10054930E+04  .29510450E+03  .10799790E+06  .23141410E+07 -.17855540E-01  .41310010E+04
 .10075730E+04  .28457750E+03  .64526480E+05  .22009730E+07 -.96807790E-02  .41283920E+04
 .10083140E+04  .27442380E+03  .22606040E+05  .20642720E+07  .16727690E-03  .41297580E+04
 .10073770E+04  .26464400E+03 -.17819330E+05  .19174770E+07  .12958930E-01  .41393090E+04
 .10041880E+04  .25525040E+03 -.56806430E+05  .17860400E+07  .30528830E-01  .41655830E+04
 .17826030E-02  .62636990E+03  .17003610E+07  .24882960E-09 -.47564400E-05  .11543950E+05
 .81911730E-02  .62636990E+03  .25444140E+07  .55427240E-09 -.47564400E-05  .18445410E+05
 .12208260E+03  .62636990E+03  .25444140E+07  .17558000E+06 -.10697430E+00  .18445410E+05
 .11629460E+03  .62847150E+03  .25795480E+07  .18757260E+06 -.99909960E-01  .15249380E+05
 .11091990E+03  .63110770E+03  .26147620E+07  .19955030E+06 -.93558270E-01  .11954460E+05
 .10586050E+03  .63431270E+03  .26501910E+07  .20896290E+06 -.87089290E-01  .10312300E+05
 .10116390E+03  .63798660E+03  .26858140E+07  .21749300E+06 -.80713240E-01  .91566940E+04
 .96810090E+02  .64211980E+03  .27216540E+07  .22607800E+06 -.74889730E-01  .82301670E+04
 .92763430E+02  .64673760E+03  .27577400E+07  .23517040E+06 -.69747590E-01  .74302390E+04
 .88986220E+02  .65188600E+03  .27940990E+07  .24493770E+06 -.65253670E-01  .67207290E+04
 .85444730E+02  .65762010E+03  .28307620E+07  .25539040E+06 -.61310780E-01  .60915500E+04
 .82111240E+02  .66399440E+03  .28677640E+07  .26645010E+06 -.57805930E-01  .55406640E+04
 .78964230E+02  .67105590E+03  .29051420E+07  .27799770E+06 -.54636030E-01  .50660450E+04
 .75987270E+02  .67883940E+03  .29429360E+07  .28991160E+06 -.51720840E-01  .46628640E+04
 .73167770E+02  .68736650E+03  .29811860E+07  .30209080E+06 -.49005550E-01  .43235700E+04
 .70495560E+02  .69664700E+03  .30199350E+07  .31446000E+06 -.46456300E-01  .40391550E+04
 .70495560E+02  .69664700E+03  .30199350E+07  .31446000E+06 -.46456300E-01  .40391550E+04
 .65225990E+02  .71907400E+03  .31048440E+07  .34137710E+06 -.41473290E-01  .35730260E+04
 .60518340E+02  .74493110E+03  .31926500E+07  .36864670E+06 -.37081870E-01  .32440360E+04
 .56304810E+02  .77416460E+03  .32837630E+07  .39618070E+06 -.33227950E-01  .30067800E+04
 .52524800E+02  .80668160E+03  .33785810E+07  .42394980E+06 -.29844980E-01  .28380910E+04
 .49125800E+02  .84231010E+03  .34774910E+07  .45192120E+06 -.26868090E-01  .27237620E+04
 .46062100E+02  .88082050E+03  .35808510E+07  .48008570E+06 -.24250440E-01  .26508410E+04
 .43292680E+02  .92199100E+03  .36889940E+07  .50848460E+06 -.21958440E-01  .26069410E+04
 .40780300E+02  .96565890E+03  .38022280E+07  .53720230E+06 -.19960700E-01  .25819260E+04
 .38491680E+02  .10117340E+04  .39208480E+07  .56634560E+06 -.18223480E-01  .25687150E+04
 .36397630E+02  .10601850E+04  .40451400E+07  .59603030E+06 -.16712190E-01  .25628660E+04
 .34473030E+02  .11110240E+04  .41753880E+07  .62637650E+06 -.15394240E-01  .25617100E+04
 .32696440E+02  .11642910E+04  .43118830E+07  .65751120E+06 -.14240900E-01  .25635730E+04
 .38503570E+04  .17176140E+07  .55244140E+03  .51425090E+04  .25295300E+07  .12756010E+03
 .10000000E+02  .25000000E+02  .20000000E+01  .14000000E+02  .13000000E+02  .73105090E+04
 .55244140E+03  .62825650E+03  .17176140E+07  .28671410E+06 -.38568470E+00  .12095000E+05
 .57284150E+03  .62512410E+03  .16825170E+07  .31256730E+06 -.34410890E+00  .10507680E+05
 .59192320E+03  .62148080E+03  .16478280E+07  .39546460E+06 -.33840110E+00  .87683230E+04
 .61026320E+03  .61731440E+03  .16131400E+07  .45519170E+06 -.31728290E+00  .79441480E+04
 .62752160E+03  .61279830E+03  .15786950E+07  .51545900E+06 -.29954560E+00  .73459820E+04
 .64385540E+03  .60798720E+03  .15445120E+07  .57611200E+06 -.28412850E+00  .68868100E+04
 .65937490E+03  .60292350E+03  .15106050E+07  .63711890E+06 -.27037640E+00  .65211440E+04
 .67416090E+03  .59764290E+03  .14769880E+07  .69850820E+06 -.25788160E+00  .62225950E+04
 .68827620E+03  .59217620E+03  .14436730E+07  .76031920E+06 -.24638690E+00  .59745050E+04
 .70177190E+03  .58655040E+03  .14106680E+07  .82256750E+06 -.23572710E+00  .57656120E+04
 .70177190E+03  .58655040E+03  .14106680E+07  .82256750E+06 -.23572710E+00  .57656120E+04
 .73518540E+03  .57087620E+03  .13238510E+07  .99107180E+06 -.21053430E+00  .53437080E+04
 .76512970E+03  .55461060E+03  .12394340E+07  .11600710E+07 -.18930480E+00  .50542720E+04
 .79213180E+03  .53803720E+03  .11574830E+07  .13257730E+07 -.17117860E+00  .48463130E+04
 .81660390E+03  .52136330E+03  .10780280E+07  .14844390E+07 -.15547020E+00  .46914280E+04
 .83886680E+03  .50474120E+03  .10010720E+07  .16334180E+07 -.14164660E+00  .45730470E+04
 .85917240E+03  .48828350E+03  .92659730E+06  .17713180E+07 -.12931700E+00  .44808820E+04
 .87772240E+03  .47207370E+03  .85457400E+06  .18976690E+07 -.11819920E+00  .44080600E+04
 .89468210E+03  .45617270E+03  .78495970E+06  .20124830E+07 -.10808090E+00  .43497630E+04
 .91018810E+03  .44062400E+03  .71770460E+06  .21159080E+07 -.98792110E-01  .43026000E+04
 .92435390E+03  .42545860E+03  .65275330E+06  .22080260E+07 -.90188500E-01  .42642500E+04
 .93727260E+03  .41069790E+03  .59004680E+06  .22887490E+07 -.82143620E-01  .42331690E+04
 .94901930E+03  .39635680E+03  .52952290E+06  .23577560E+07 -.74545490E-01  .42082880E+04
 .95965350E+03  .38244490E+03  .47111820E+06  .24144470E+07 -.67294020E-01  .41887420E+04
 .96922030E+03  .36896680E+03  .41476780E+06  .24578790E+07 -.60297810E-01  .41736710E+04
 .97775130E+03  .35592330E+03  .36040640E+06  .24866970E+07 -.53470600E-01  .41621380E+04
 .98526580E+03  .34331060E+03  .30796920E+06  .24990940E+07 -.46731270E-01  .41531970E+04
 .99177170E+03  .33112200E+03  .25739200E+06  .24928190E+07 -.40012740E-01  .41460780E+04
 .99726830E+03  .31934810E+03  .20861190E+06  .24651850E+07 -.33266730E-01  .41402410E+04
 .10017470E+04  .30797840E+03  .16156740E+06  .24130040E+07 -.26413270E-01  .41351760E+04
 .10051760E+04  .29700080E+03  .11619880E+06  .23331460E+07 -.19230340E-01  .41306310E+04
 .10074780E+04  .28640440E+03  .72448090E+05  .22245150E+07 -.11276580E-01  .41273650E+04
 .10084850E+04  .27618160E+03  .30258770E+05  .20909150E+07 -.18199840E-02  .41273820E+04
 .10078900E+04  .26633090E+03 -.10425000E+05  .19441190E+07  .10320330E-01  .41343140E+04
 .10051670E+04  .25686120E+03 -.49659520E+05  .18072930E+07  .26903780E-01  .41554630E+04
 .18101470E-02  .62825650E+03  .17176140E+07  .23457020E-09 -.46660910E-05  .12095000E+05
 .78394440E-02  .62825650E+03  .25295300E+07  .52515590E-09 -.46660910E-05  .19787240E+05
 .12756010E+03  .62825650E+03  .25295300E+07  .17312750E+06 -.11378290E+00  .19787240E+05
 .12141460E+03  .63023060E+03  .25647660E+07  .18408450E+06 -.10587370E+00  .16220730E+05
 .11571320E+03  .63262710E+03  .26000720E+07  .19623980E+06 -.98728230E-01  .12754230E+05
 .11037100E+03  .63565090E+03  .26355810E+07  .20577770E+06 -.91995360E-01  .10915110E+05
 .10540950E+03  .63913840E+03  .26712730E+07  .21424810E+06 -.85260210E-01  .96432190E+04
 .10081190E+03  .64307590E+03  .27071730E+07  .22267590E+06 -.79048150E-01  .86427590E+04
 .96542910E+02  .64748310E+03  .27433060E+07  .23158200E+06 -.73535050E-01  .77892470E+04
 .92563110E+02  .65240250E+03  .27797010E+07  .24116780E+06 -.68708520E-01  .70356900E+04
 .88836430E+02  .65788730E+03  .28163860E+07  .25146070E+06 -.64477000E-01  .63671980E+04
 .85332730E+02  .66399270E+03  .28533960E+07  .26239070E+06 -.60725610E-01  .57800560E+04
 .82028250E+02  .67076840E+03  .28907660E+07  .27384100E+06 -.57345290E-01  .52721120E+04
 .78904790E+02  .67825330E+03  .29285350E+07  .28568730E+06 -.54248110E-01  .48389900E+04
 .75948360E+02  .68647340E+03  .29667440E+07  .29782280E+06 -.51371790E-01  .44735720E+04
 .73147780E+02  .69544260E+03  .30054340E+07  .31016590E+06 -.48676520E-01  .41669890E+04
 .73147780E+02  .69544260E+03  .30054340E+07  .31016590E+06 -.48676520E-01  .41669890E+04
 .67628930E+02  .71719880E+03  .30901580E+07  .33706260E+06 -.43414220E-01  .36654860E+04
 .62703400E+02  .74238650E+03  .31776990E+07  .36432840E+06 -.38777650E-01  .33132350E+04
 .58299430E+02  .77095700E+03  .32684660E+07  .39186080E+06 -.34711720E-01  .30592640E+04
 .54352450E+02  .80283190E+03  .33628610E+07  .41963460E+06 -.31148960E-01  .28772400E+04
 .50806420E+02  .83785860E+03  .34612720E+07  .44761780E+06 -.28018410E-01  .27521940E+04
 .47612900E+02  .87581640E+03  .35640640E+07  .47579240E+06 -.25266700E-01  .26712000E+04
 .44728750E+02  .91647860E+03  .36715760E+07  .50418850E+06 -.22856750E-01  .26216340E+04
 .42114910E+02  .95966990E+03  .37841200E+07  .53288320E+06 -.20755960E-01  .25927900E+04
 .39736340E+02  .10052870E+04  .39019940E+07  .56198060E+06 -.18929790E-01  .25769710E+04
 .37562210E+02  .10532900E+04  .40254840E+07  .59159560E+06 -.17342420E-01  .25692690E+04
 .35565980E+02  .11036840E+04  .41548790E+07  .62184840E+06 -.15959660E-01  .25667250E+04
 .33724930E+02  .11565060E+04  .42904660E+07  .65286490E+06 -.14751060E-01  .25675100E+04
 .38765420E+04  .17348190E+07  .54351780E+03  .51127790E+04  .25138910E+07  .13337430E+03
 .10000000E+02  .25000000E+02  .20000000E+01  .14000000E+02  .13000000E+02  .72807790E+04
 .54351780E+03  .63010680E+03  .17348190E+07  .28187910E+06 -.40305440E+00  .12819120E+05
 .56490840E+03  .62709500E+03  .16996150E+07  .30948880E+06 -.36088500E+00  .10844640E+05
 .58408410E+03  .62367160E+03  .16645910E+07  .35175340E+06 -.33245610E+00  .95181170E+04
 .60276500E+03  .61966890E+03  .16299940E+07  .43238950E+06 -.32434170E+00  .82109520E+04
 .62039180E+03  .61526880E+03  .15954150E+07  .49231620E+06 -.30570440E+00  .75487780E+04
 .63705220E+03  .61055720E+03  .15610900E+07  .55267490E+06 -.28966730E+00  .70477610E+04
 .65286860E+03  .60557960E+03  .15270370E+07  .61339560E+06 -.27546330E+00  .66524880E+04
 .66792930E+03  .60037320E+03  .14932690E+07  .67449200E+06 -.26261650E+00  .63317980E+04
 .68230130E+03  .59496980E+03  .14597990E+07  .73600640E+06 -.25082950E+00  .60665110E+04
 .69603840E+03  .58939760E+03  .14266360E+07  .79796950E+06 -.23991350E+00  .58439160E+04
 .69603840E+03  .58939760E+03  .14266360E+07  .79796950E+06 -.23991350E+00  .58439160E+04
 .73003440E+03  .57382540E+03  .13393840E+07  .96593210E+06 -.21413310E+00  .53965440E+04
 .76048080E+03  .55761240E+03  .12545200E+07  .11349860E+07 -.19241540E+00  .50916320E+04
 .78791860E+03  .54105480E+03  .11721170E+07  .13014520E+07 -.17389240E+00  .48737690E+04
 .81277320E+03  .52436970E+03  .10922100E+07  .14614600E+07 -.15786840E+00  .47121880E+04
 .83537630E+03  .50771620E+03  .10148050E+07  .16121330E+07 -.14379300E+00  .45890500E+04
 .85598800E+03  .49121240E+03  .93988770E+06  .17518800E+07 -.13125840E+00  .44933870E+04
 .87481600E+03  .47494540E+03  .86742930E+06  .18801130E+07 -.11997000E+00  .44179460E+04
 .89203020E+03  .45897930E+03  .79738890E+06  .19967930E+07 -.10970860E+00  .43576570E+04
 .90777120E+03  .44336010E+03  .72971810E+06  .21020680E+07 -.10030020E+00  .43089400E+04
 .92215560E+03  .42812040E+03  .66436190E+06  .21960430E+07 -.91597830E-01  .42693290E+04
 .93527940E+03  .41328290E+03  .60126180E+06  .22786640E+07 -.83473240E-01  .42371740E+04
 .94722070E+03  .39886340E+03  .54035620E+06  .23496540E+07 -.75812730E-01  .42113530E+04
 .95804130E+03  .38487210E+03  .48158140E+06  .24084640E+07 -.68514820E-01  .41909880E+04
 .96778870E+03  .37131450E+03  .42487280E+06  .24542120E+07 -.61487320E-01  .41752320E+04
 .97649670E+03  .35819200E+03  .37016530E+06  .24856150E+07 -.54643620E-01  .41631630E+04
 .98418680E+03  .34550140E+03  .31739360E+06  .25009360E+07 -.47901790E-01  .41538260E+04
 .99086880E+03  .33323630E+03  .26649360E+06  .24979920E+07 -.41191790E-01  .41464100E+04
 .99654350E+03  .32138790E+03  .21740190E+06  .24741640E+07 -.34464010E-01  .41403490E+04
 .10012040E+04  .30994560E+03  .17005690E+06  .24263310E+07 -.27652150E-01  .41351240E+04
 .10048260E+04  .29889750E+03  .12439850E+06  .23512420E+07 -.20567340E-01  .41303560E+04
 .10073410E+04  .28823220E+03  .80368520E+05  .22472450E+07 -.12810280E-01  .41265460E+04
 .10086020E+04  .27794090E+03  .37910180E+05  .21170870E+07 -.37072660E-02  .41254100E+04
 .10083320E+04  .26802040E+03 -.30322780E+04  .19709680E+07  .78362130E-02  .41300900E+04
 .10060470E+04  .25847660E+03 -.42514750E+05  .18298950E+07  .23494190E-01  .41468110E+04
 .18398660E-02  .63010680E+03  .17348190E+07  .22221950E-09 -.45766540E-05  .12819120E+05
 .74976960E-02  .63010680E+03  .25138910E+07  .49690720E-09 -.45766540E-05  .21428420E+05
 .13337430E+03  .63010680E+03  .25138910E+07  .17107960E+06 -.12102600E+00  .21428420E+05
 .12684700E+03  .63194480E+03  .25492270E+07  .18124400E+06 -.11227710E+00  .17394120E+05
 .12078030E+03  .63418690E+03  .25846770E+07  .19132170E+06 -.10454310E+00  .14461660E+05
 .11514320E+03  .63694590E+03  .26202130E+07  .20239860E+06 -.97233600E-01  .11592080E+05
 .10989800E+03  .64024620E+03  .26559720E+07  .21086240E+06 -.90138470E-01  .10183660E+05
 .10503860E+03  .64398730E+03  .26919290E+07  .21915460E+06 -.83520870E-01  .90973000E+04
 .10053040E+03  .64818400E+03  .27281070E+07  .22787430E+06 -.77610460E-01  .81832330E+04
 .96332680E+02  .65287410E+03  .27645340E+07  .23726710E+06 -.72422110E-01  .73812780E+04
 .92407130E+02  .65810860E+03  .28012390E+07  .24738290E+06 -.67873810E-01  .66703230E+04
 .88721010E+02  .66394250E+03  .28382540E+07  .25816420E+06 -.63850750E-01  .60441970E+04
 .85248180E+02  .67042760E+03  .28756130E+07  .26949910E+06 -.60238790E-01  .55002500E+04
 .81968390E+02  .67760660E+03  .29133550E+07  .28126190E+06 -.56942370E-01  .50344620E+04
 .78866070E+02  .68551020E+03  .29515180E+07  .29334070E+06 -.53891210E-01  .46402030E+04
 .75928880E+02  .69415690E+03  .29901460E+07  .30564770E+06 -.51038760E-01  .43088710E+04
 .75928880E+02  .69415690E+03  .29901460E+07  .30564770E+06 -.51038760E-01  .43088710E+04
 .70144870E+02  .71521500E+03  .30746730E+07  .33251060E+06 -.45478340E-01  .37674320E+04
 .64987680E+02  .73970510E+03  .31619340E+07  .35976610E+06 -.40580180E-01  .33890340E+04
 .60381410E+02  .76758260E+03  .32523380E+07  .38729060E+06 -.36286770E-01  .31167210E+04
 .56257340E+02  .79878220E+03  .33462870E+07  .41506180E+06 -.32530880E-01  .29202710E+04
 .52555580E+02  .83317110E+03  .34441740E+07  .44305160E+06 -.29236060E-01  .27835460E+04
 .49224700E+02  .87054110E+03  .35463680E+07  .47123400E+06 -.26341590E-01  .26936170E+04
 .46219250E+02  .91066310E+03  .36532130E+07  .49962690E+06 -.23806040E-01  .26377060E+04
 .43498250E+02  .95334950E+03  .37650290E+07  .52829870E+06 -.21595230E-01  .26045640E+04
 .41024820E+02  .99848350E+03  .38821150E+07  .55734980E+06 -.19673870E-01  .25858400E+04
 .38766430E+02  .10460140E+04  .40047610E+07  .58689390E+06 -.18005010E-01  .25761010E+04
 .36694950E+02  .10959400E+04  .41332540E+07  .61705080E+06 -.16552820E-01  .25720510E+04
 .34786380E+02  .11482920E+04  .42678840E+07  .64794580E+06 -.15285080E-01  .25716800E+04
 .39027920E+04  .17521250E+07  .53416360E+03  .50819710E+04  .24973830E+07  .13957370E+03
 .10000000E+02  .25000000E+02  .20000000E+01  .14000000E+02  .13000000E+02  .72499710E+04
 .53416360E+03  .63192170E+03  .17521250E+07  .27378710E+06 -.41895340E+00  .13765380E+05
 .55649730E+03  .62905840E+03  .17168150E+07  .30743020E+06 -.37855260E+00  .11267640E+05
 .57654760E+03  .62573240E+03  .16816790E+07  .33017260E+06 -.33787060E+00  .10024050E+05
 .59510480E+03  .62198500E+03  .16469590E+07  .40976150E+06 -.33174720E+00  .85078350E+04
 .61311580E+03  .61770690E+03  .16122460E+07  .46931010E+06 -.31209120E+00  .77706200E+04
 .63011340E+03  .61310010E+03  .15777820E+07  .52935810E+06 -.29536620E+00  .72220140E+04
 .64623450E+03  .60821310E+03  .15435840E+07  .58978750E+06 -.28067240E+00  .67937650E+04
 .66157610E+03  .60308510E+03  .15096670E+07  .65058810E+06 -.26745360E+00  .64487510E+04
 .67621030E+03  .59774920E+03  .14760420E+07  .71179880E+06 -.25536410E+00  .61647370E+04
 .69019380E+03  .59223440E+03  .14427220E+07  .77346160E+06 -.24418700E+00  .59273020E+04
 .69019380E+03  .59223440E+03  .14427220E+07  .77346160E+06 -.24418700E+00  .59273020E+04
 .72478490E+03  .57677280E+03  .13550360E+07  .94079630E+06 -.21781200E+00  .54524760E+04
 .75574460E+03  .56061900E+03  .12697250E+07  .11097790E+07 -.19559680E+00  .51309600E+04
 .78362790E+03  .54408210E+03  .11868690E+07  .12768910E+07 -.17666510E+00  .49025380E+04
 .80887300E+03  .52738930E+03  .11065080E+07  .14381630E+07 -.16031500E+00  .47338740E+04
 .83182290E+03  .51070720E+03  .10286520E+07  .15904910E+07 -.14597960E+00  .46057320E+04
 .85274620E+03  .49415890E+03  .95328890E+06  .17320760E+07 -.13323370E+00  .45064020E+04
 .87185700E+03  .47783610E+03  .88039250E+06  .18621940E+07 -.12177000E+00  .44282190E+04
 .88932980E+03  .46180580E+03  .80992340E+06  .19807480E+07 -.11136150E+00  .43658520E+04
 .90530920E+03  .44611660E+03  .74183370E+06  .20878780E+07 -.10182960E+00  .43155210E+04
 .91991510E+03  .43080280E+03  .67606960E+06  .21837090E+07 -.93025070E-01  .42746080E+04
 .93324660E+03  .41588860E+03  .61257290E+06  .22682220E+07 -.84817580E-01  .42413540E+04
 .94538440E+03  .40139070E+03  .55128220E+06  .23411810E+07 -.77091740E-01  .42145740E+04
 .95639300E+03  .38731990E+03  .49213430E+06  .24020860E+07 -.69744630E-01  .41933710E+04
 .96632210E+03  .37368260E+03  .43506460E+06  .24501160E+07 -.62683110E-01  .41769070E+04
 .97520790E+03  .36048060E+03  .38000780E+06  .24840580E+07 -.55820260E-01  .41642760E+04
 .98307390E+03  .34771160E+03  .32689870E+06  .25022490E+07 -.49073460E-01  .41545230E+04
 .98993200E+03  .33536970E+03  .27567290E+06  .25025720E+07 -.42370130E-01  .41467980E+04
 .99578450E+03  .32344610E+03  .22626690E+06  .24824760E+07 -.35658200E-01  .41405020E+04
 .10006260E+04  .31193070E+03  .17861870E+06  .24389170E+07 -.28881450E-01  .41351170E+04
 .10044380E+04  .30081170E+03  .13266790E+06  .23685720E+07 -.21881590E-01  .41301670E+04
 .10071620E+04  .29007710E+03  .88355950E+05  .22693200E+07 -.14300340E-01  .41259100E+04
 .10086690E+04  .27971730E+03  .45626010E+05  .21429290E+07 -.55186210E-02  .41237890E+04
 .10087080E+04  .26972740E+03  .44222740E+04  .19981090E+07  .54749840E-02  .41265220E+04
 .10068380E+04  .26011090E+03 -.35310870E+05  .18538070E+07  .20261640E-01  .41394020E+04
 .18720860E-02  .63192170E+03  .17521250E+07  .21188270E-09 -.44883680E-05  .13765380E+05
 .71646730E-02  .63192170E+03  .24973830E+07  .47040640E-09 -.44883680E-05  .23447140E+05
 .13957370E+03  .63192170E+03  .24973830E+07  .16908960E+06 -.12880350E+00  .23447140E+05
 .13263510E+03  .63361700E+03  .25328160E+07  .17862960E+06 -.11920010E+00  .18813970E+05
 .12620310E+03  .63570360E+03  .25683550E+07  .18817410E+06 -.11067780E+00  .15528400E+05
 .12022280E+03  .63821370E+03  .26040230E+07  .19734180E+06 -.10303570E+00  .13073330E+05
 .11466860E+03  .64130600E+03  .26397940E+07  .20730100E+06 -.95398970E-01  .10789930E+05
 .10952630E+03  .64484970E+03  .26758050E+07  .21548880E+06 -.88358730E-01  .96024900E+04
 .10475910E+03  .64883500E+03  .27120260E+07  .22402650E+06 -.82022070E-01  .86189380E+04
 .10032570E+03  .65329520E+03  .27484830E+07  .23321530E+06 -.76438660E-01  .77630680E+04
 .96185190E+02  .65827780E+03  .27852040E+07  .24313580E+06 -.71540830E-01  .70057980E+04
 .92302380E+02  .66383720E+03  .28222210E+07  .25374710E+06 -.67216400E-01  .63374980E+04
 .88648460E+02  .67002640E+03  .28595660E+07  .26494560E+06 -.63347380E-01  .57545120E+04
 .85200900E+02  .67689170E+03  .28972760E+07  .27660620E+06 -.59830840E-01  .52529860E+04
 .81942310E+02  .68446830E+03  .29353910E+07  .28861270E+06 -.56588090E-01  .48268040E+04
 .78858960E+02  .69277970E+03  .29739510E+07  .30087130E+06 -.53565000E-01  .44677430E+04
 .78858960E+02  .69277970E+03  .29739510E+07  .30087130E+06 -.53565000E-01  .44677430E+04
 .72791500E+02  .71310830E+03  .30582690E+07  .32768380E+06 -.47684440E-01  .38809270E+04
 .67386720E+02  .73686790E+03  .31452340E+07  .35492130E+06 -.42506210E-01  .34727750E+04
 .62564400E+02  .76401800E+03  .32352530E+07  .38243130E+06 -.37967700E-01  .31800710E+04
 .58251490E+02  .79450420E+03  .33287320E+07  .41019240E+06 -.34003160E-01  .29678900E+04
 .54383950E+02  .82821440E+03  .34260630E+07  .43818220E+06 -.30531580E-01  .28183820E+04
 .50906970E+02  .86495610E+03  .35276240E+07  .46636910E+06 -.27484300E-01  .27185190E+04
 .47772630E+02  .90450050E+03  .36337650E+07  .49475810E+06 -.24814390E-01  .26554550E+04
 .44937870E+02  .94664870E+03  .37448090E+07  .52340710E+06 -.22485600E-01  .26174430E+04
 .42363880E+02  .99126950E+03  .38610590E+07  .55241150E+06 -.20461890E-01  .25954470E+04
 .40016330E+02  .10383000E+04  .39828100E+07  .58188330E+06 -.18705240E-01  .25834430E+04
 .37865440E+02  .10877300E+04  .41103470E+07  .61194170E+06 -.17178250E-01  .25777440E+04
 .35885740E+02  .11395860E+04  .42439620E+07  .64271120E+06 -.15846850E-01  .25761190E+04
 .39293730E+04  .17697020E+07  .52432560E+03  .50498320E+04  .24798450E+07  .14622850E+03
 .10000000E+02  .25000000E+02  .20000000E+01  .14000000E+02  .13000000E+02  .72178320E+04
 .52432560E+03  .63370260E+03  .17697020E+07  .26201560E+06 -.43317330E+00  .15001460E+05
 .54752220E+03  .63101700E+03  .17342860E+07  .30227000E+06 -.39511610E+00  .11855800E+05
 .56854860E+03  .62779840E+03  .16990380E+07  .32938970E+06 -.35551210E+00  .10265400E+05
 .58738010E+03  .62422300E+03  .16639800E+07  .35738160E+06 -.32116560E+00  .93461260E+04
 .60560550E+03  .62013140E+03  .16293540E+07  .44617410E+06 -.31882140E+00  .80175130E+04
 .62295670E+03  .61563620E+03  .15947510E+07  .50588610E+06 -.30131480E+00  .74135710E+04
 .63939480E+03  .61084590E+03  .15604080E+07  .56601430E+06 -.28607700E+00  .69478890E+04
 .65502730E+03  .60580180E+03  .15263410E+07  .62651480E+06 -.27245560E+00  .65757100E+04
 .66993240E+03  .60053830E+03  .14925620E+07  .68741550E+06 -.26004670E+00  .62709960E+04
 .68417040E+03  .59508560E+03  .14590840E+07  .74876440E+06 -.24859860E+00  .60172630E+04
 .68417040E+03  .59508560E+03  .14590840E+07  .74876440E+06 -.24859860E+00  .60172630E+04
 .71937600E+03  .57974510E+03  .13709600E+07  .91538860E+06 -.22161480E+00  .55124530E+04
 .75086660E+03  .56365830E+03  .12851980E+07  .10841740E+07 -.19888710E+00  .51728930E+04
 .77921040E+03  .54714780E+03  .12018840E+07  .12518150E+07 -.17953020E+00  .49330620E+04
 .80485880E+03  .53045130E+03  .11210630E+07  .14142750E+07 -.16283890E+00  .47568040E+04
 .82816610E+03  .51374310E+03  .10427490E+07  .15682310E+07 -.14823160E+00  .46233330E+04
 .84941010E+03  .49715220E+03  .96693360E+06  .17116610E+07 -.13526560E+00  .45201120E+04
 .86881160E+03  .48077440E+03  .89359230E+06  .18436870E+07 -.12361950E+00  .44390250E+04
 .88655010E+03  .46468030E+03  .82268710E+06  .19641430E+07 -.11305790E+00  .43744600E+04
 .90277400E+03  .44892100E+03  .75417140E+06  .20731530E+07 -.10339740E+00  .43224330E+04
 .91760680E+03  .43353280E+03  .68799220E+06  .21708610E+07 -.94486010E-01  .42801610E+04
 .93115060E+03  .41854130E+03  .62409170E+06  .22572800E+07 -.86191400E-01  .42457680E+04
 .94348910E+03  .40396410E+03  .56240910E+06  .23322150E+07 -.78396450E-01  .42179980E+04
 .95468930E+03  .38981300E+03  .50288120E+06  .23952150E+07 -.70996720E-01  .41959270E+04
 .96480320E+03  .37609490E+03  .44544350E+06  .24455190E+07 -.63898040E-01  .41787250E+04
 .97386940E+03  .36281240E+03  .39003090E+06  .24819820E+07 -.57013010E-01  .41655030E+04
 .98191360E+03  .34996380E+03  .33657810E+06  .25030180E+07 -.50258570E-01  .41553070E+04
 .98894970E+03  .33754380E+03  .28502030E+06  .25065790E+07 -.43559910E-01  .41472570E+04
 .99498160E+03  .32554390E+03  .23529400E+06  .24901810E+07 -.36861810E-01  .41407140E+04
 .10000060E+04  .31395410E+03  .18733670E+06  .24508600E+07 -.30114830E-01  .41351610E+04
 .10040070E+04  .30276280E+03  .14108780E+06  .23852690E+07 -.23188480E-01  .41300570E+04
 .10069380E+04  .29195790E+03  .96488510E+05  .22908930E+07 -.15764820E-01  .41254380E+04
 .10086840E+04  .28152890E+03  .53481640E+05  .21685980E+07 -.72767570E-02  .41224760E+04
 .10090220E+04  .27146940E+03  .12011370E+05  .20256720E+07  .32073460E-02  .41235240E+04
 .10075490E+04  .26178040E+03 -.27977690E+05  .18790730E+07  .17170280E-01  .41330620E+04
 .19072120E-02  .63370260E+03  .17697020E+07  .20351750E-09 -.44012290E-05  .15001460E+05
 .68386110E-02  .63370260E+03  .24798450E+07  .44611680E-09 -.44012290E-05  .25966760E+05
 .14622850E+03  .63370260E+03  .24798450E+07  .16693230E+06 -.13724530E+00  .25966760E+05
 .13884240E+03  .63524930E+03  .25153740E+07  .17596690E+06 -.12675190E+00  .20551070E+05
 .13201080E+03  .63717380E+03  .25510000E+07  .18507930E+06 -.11741320E+00  .16809000E+05
 .12567410E+03  .63950510E+03  .25867450E+07  .19397760E+06 -.10903950E+00  .14069490E+05
 .11977290E+03  .64231270E+03  .26225810E+07  .20351520E+06 -.10110910E+00  .11478770E+05
 .11432290E+03  .64565660E+03  .26586420E+07  .21164220E+06 -.93628950E-01  .10170520E+05
 .10927360E+03  .64942870E+03  .26949020E+07  .22000840E+06 -.86834040E-01  .91057140E+04
 .10458290E+03  .65365700E+03  .27313860E+07  .22898400E+06 -.80817150E-01  .81887140E+04
 .10020840E+03  .65838560E+03  .27681210E+07  .23868950E+06 -.75531020E-01  .73802330E+04
 .96111770E+02  .66366660E+03  .28051360E+07  .24910670E+06 -.70869510E-01  .66658810E+04
 .92261560E+02  .66955400E+03  .28424630E+07  .26014420E+06 -.66712440E-01  .60402970E+04
 .88632620E+02  .67609660E+03  .28801380E+07  .27168020E+06 -.62950050E-01  .54994960E+04
 .85205430E+02  .68333450E+03  .29181990E+07  .28359540E+06 -.59494940E-01  .50378290E+04
 .81964640E+02  .69129580E+03  .29566850E+07  .29579030E+06 -.56284550E-01  .46475530E+04
 .81964640E+02  .69129580E+03  .29566850E+07  .29579030E+06 -.56284550E-01  .46475530E+04
 .75592230E+02  .71085770E+03  .30407800E+07  .32253130E+06 -.50057280E-01  .40087920E+04
 .69921150E+02  .73384690E+03  .31274280E+07  .34974120E+06 -.44577700E-01  .35663210E+04
 .64866550E+02  .76022920E+03  .32170390E+07  .37722990E+06 -.39773840E-01  .32505730E+04
 .60350900E+02  .78995810E+03  .33100170E+07  .40497240E+06 -.35582320E-01  .30210420E+04
 .56305670E+02  .82294180E+03  .34067590E+07  .43295430E+06 -.31919040E-01  .28574520E+04
 .52672310E+02  .85900720E+03  .35076470E+07  .46114130E+06 -.28706980E-01  .27464740E+04
 .49400120E+02  .89792940E+03  .36130350E+07  .48952490E+06 -.25892470E-01  .26752810E+04
 .46443780E+02  .93949960E+03  .37232550E+07  .51815110E+06 -.23436450E-01  .26316920E+04
 .43762500E+02  .98357140E+03  .38386150E+07  .54710810E+06 -.21301970E-01  .26059610E+04
 .41320010E+02  .10300680E+04  .39594100E+07  .57650590E+06 -.19450120E-01  .25914060E+04
 .39084730E+02  .10789710E+04  .40859280E+07  .60646280E+06 -.17841970E-01  .25838780E+04
 .37029630E+02  .11302990E+04  .42184600E+07  .63710230E+06 -.16441550E-01  .25808790E+04
 .39566030E+04  .17877520E+07  .51392880E+03  .50160200E+04  .24610590E+07  .15343840E+03
 .10000000E+02  .25000000E+02  .20000000E+01  .14000000E+02  .13000000E+02  .71840200E+04
 .51392880E+03  .63545060E+03  .17877520E+07  .24659990E+06 -.44549480E+00  .16640320E+05
 .53789530E+03  .63297070E+03  .17522330E+07  .29285800E+06 -.41025350E+00  .12656130E+05
 .55984210E+03  .62989730E+03  .17168700E+07  .32712880E+06 -.37315630E+00  .10629960E+05
 .57964210E+03  .62639640E+03  .16816920E+07  .34826650E+06 -.33378830E+00  .96089560E+04
 .59774730E+03  .62256240E+03  .16469380E+07  .42259680E+06 -.32605600E+00  .82983540E+04
 .61547640E+03  .61818800E+03  .16121950E+07  .48193480E+06 -.30763580E+00  .76282140E+04
 .63225000E+03  .61350230E+03  .15777070E+07  .54174460E+06 -.29177560E+00  .71190000E+04
 .64818850E+03  .60854910E+03  .15434880E+07  .60193790E+06 -.27770560E+00  .67158330E+04
 .66337750E+03  .60336460E+03  .15095530E+07  .66252210E+06 -.26495020E+00  .63878050E+04
 .67788180E+03  .59797980E+03  .14759150E+07  .72354460E+06 -.25321490E+00  .61158600E+04
 .67788180E+03  .59797980E+03  .14759150E+07  .72354460E+06 -.25321490E+00  .61158600E+04
 .71373070E+03  .58277380E+03  .13873460E+07  .88937740E+06 -.22559760E+00  .55777740E+04
 .74577760E+03  .56676400E+03  .13011230E+07  .10578360E+07 -.20233580E+00  .52182910E+04
 .77460410E+03  .55028670E+03  .12173400E+07  .12258850E+07 -.18253050E+00  .49659360E+04
 .80067430E+03  .53359090E+03  .11360480E+07  .13894600E+07 -.16547710E+00  .47814060E+04
 .82435490E+03  .51685940E+03  .10572640E+07  .15450280E+07 -.15058140E+00  .46421730E+04
 .84593330E+03  .50022740E+03  .98098470E+06  .16903250E+07 -.13738240E+00  .45347640E+04
 .86563750E+03  .48379530E+03  .90718600E+06  .18243070E+07 -.12554410E+00  .44505570E+04
 .88365220E+03  .46763710E+03  .83583240E+06  .19467170E+07 -.11482100E+00  .43836360E+04
 .90013010E+03  .45180700E+03  .76687840E+06  .20576590E+07 -.10502480E+00  .43297960E+04
 .91519820E+03  .43634330E+03  .70027190E+06  .21572890E+07 -.96000250E-01  .42860840E+04
 .92896200E+03  .42127300E+03  .63595580E+06  .22456520E+07 -.87612960E-01  .42504940E+04
 .94150790E+03  .40661500E+03  .57386940E+06  .23225960E+07 -.79743990E-01  .42216880E+04
 .95290580E+03  .39238170E+03  .51395000E+06  .23877180E+07 -.72287340E-01  .41987090E+04
 .96321000E+03  .37858090E+03  .45613330E+06  .24403140E+07 -.65147670E-01  .41807290E+04
 .97246150E+03  .36521590E+03  .40035390E+06  .24793110E+07 -.58236990E-01  .41668750E+04
 .98068840E+03  .35228560E+03  .34654680E+06  .25032000E+07 -.51471860E-01  .41562040E+04
 .98790650E+03  .33978520E+03  .29464680E+06  .25100070E+07 -.44775640E-01  .41478050E+04
 .99412150E+03  .32770680E+03  .24459010E+06  .24973160E+07 -.38089520E-01  .41409990E+04
 .99933170E+03  .31604060E+03  .19631410E+06  .24622440E+07 -.31367920E-01  .41352650E+04
 .10035250E+04  .30477510E+03  .14975780E+06  .24014600E+07 -.24505020E-01  .41300280E+04
 .10066630E+04  .29389800E+03  .10486210E+06  .23121270E+07 -.17222920E-01  .41251180E+04
 .10086460E+04  .28339800E+03  .61569600E+05  .21942800E+07 -.90047720E-02  .41214440E+04
 .10092750E+04  .27326780E+03  .19824260E+05  .20538410E+07  .10043020E-02  .41210300E+04
 .10081870E+04  .26350580E+03 -.20429120E+05  .19058290E+07  .14184560E-01  .41276550E+04
 .19457950E-02  .63545060E+03  .17877520E+07  .19725920E-09 -.43150880E-05  .16640320E+05
 .65172730E-02  .63545060E+03  .24610590E+07  .42427810E-09 -.43150880E-05  .29185400E+05
 .15343840E+03  .63545060E+03  .24610590E+07  .16446200E+06 -.14652310E+00  .29185400E+05
 .14555960E+03  .63684310E+03  .24966820E+07  .17307320E+06 -.13508280E+00  .22717900E+05
 .13828610E+03  .63859890E+03  .25323930E+07  .18182310E+06 -.12487740E+00  .18373920E+05
 .13155370E+03  .64074510E+03  .25682120E+07  .19048530E+06 -.11572630E+00  .15262530E+05
 .12530850E+03  .64331100E+03  .26041640E+07  .19880670E+06 -.10744610E+00  .12930620E+05
 .11949420E+03  .64639890E+03  .26402210E+07  .20756250E+06 -.99422810E-01  .10819050E+05
 .11413420E+03  .64995440E+03  .26765170E+07  .21577730E+06 -.92133940E-01  .96569870E+04
 .10916030E+03  .65394780E+03  .27130240E+07  .22453290E+06 -.85638460E-01  .86690610E+04
 .10452820E+03  .65841840E+03  .27497680E+07  .23400220E+06 -.79917250E-01  .78028850E+04
 .10019690E+03  .66341610E+03  .27867770E+07  .24419770E+06 -.74874800E-01  .70375600E+04
 .96131760E+02  .66899420E+03  .28240810E+07  .25504480E+06 -.70391070E-01  .63650440E+04
 .92304820E+02  .67520390E+03  .28617160E+07  .26642890E+06 -.66350390E-01  .57807590E+04
 .88694050E+02  .68208910E+03  .28997170E+07  .27822920E+06 -.62656530E-01  .52793960E+04
 .85282170E+02  .68968340E+03  .29381230E+07  .29034090E+06 -.59237630E-01  .48537470E+04
 .85282170E+02  .68968340E+03  .29381230E+07  .29034090E+06 -.59237630E-01  .48537470E+04
 .78578900E+02  .70843380E+03  .30219760E+07  .31698250E+06 -.52630500E-01  .41549890E+04
 .72619030E+02  .73060380E+03  .31082840E+07  .34415210E+06 -.46824360E-01  .36723220E+04
 .67312550E+02  .75616850E+03  .31974570E+07  .37161240E+06 -.41731450E-01  .33300050E+04
 .62577340E+02  .78508740E+03  .32898990E+07  .39932700E+06 -.37290890E-01  .30810370E+04
 .58340050E+02  .81728790E+03  .33860090E+07  .42729160E+06 -.33417580E-01  .29017820E+04
 .54537880E+02  .85261890E+03  .34861730E+07  .45547230E+06 -.30026150E-01  .27782700E+04
 .51116990E+02  .89086430E+03  .35907540E+07  .48384830E+06 -.27054770E-01  .26977430E+04
 .48029660E+02  .93180750E+03  .37000880E+07  .51245110E+06 -.24460470E-01  .26476810E+04
 .45232910E+02  .97528610E+03  .38144890E+07  .54136020E+06 -.22205200E-01  .26176210E+04
 .42688440E+02  .10212090E+04  .39342550E+07  .57068190E+06 -.20249240E-01  .26001420E+04
 .40362740E+02  .10695440E+04  .40596760E+07  .60053340E+06 -.18552230E-01  .25905540E+04
 .38227070E+02  .11203060E+04  .41910420E+07  .63103760E+06 -.17076250E-01  .25860310E+04
 .39849030E+04  .18065460E+07  .50285490E+03  .49800510E+04  .24407150E+07  .16134640E+03
 .10000000E+02  .25000000E+02  .20000000E+01  .14000000E+02  .13000000E+02  .71480510E+04
 .50285490E+03  .63716660E+03  .18065460E+07  .22808600E+06 -.45569810E+00  .18874890E+05
 .52748650E+03  .63492100E+03  .17709250E+07  .27856490E+06 -.42375670E+00  .13749070E+05
 .55027630E+03  .63203300E+03  .17354470E+07  .32039390E+06 -.38971860E+00  .11176820E+05
 .57107690E+03  .62864130E+03  .17001460E+07  .34812730E+06 -.35260700E+00  .98173810E+04
 .58973910E+03  .62492550E+03  .16650460E+07  .36789130E+06 -.31530130E+00  .91382690E+04
 .60752560E+03  .62078320E+03  .16303810E+07  .45708360E+06 -.31451020E+00  .78748650E+04
 .62466230E+03  .61621280E+03  .15957440E+07  .51654700E+06 -.29791210E+00  .73133650E+04
 .64092910E+03  .61136020E+03  .15613710E+07  .57642060E+06 -.28332350E+00  .68738420E+04
 .65642140E+03  .60626310E+03  .15272760E+07  .63667990E+06 -.27017910E+00  .65188900E+04
 .67120950E+03  .60095410E+03  .14934730E+07  .69736370E+06 -.25812990E+00  .62261260E+04
 .67120950E+03  .60095410E+03  .14934730E+07  .69736370E+06 -.25812990E+00  .62261260E+04
 .70774310E+03  .58590000E+03  .14044460E+07  .86232300E+06 -.22983900E+00  .56503280E+04
 .74038280E+03  .56997980E+03  .13177460E+07  .10303160E+07 -.20601100E+00  .52684000E+04
 .76972330E+03  .55354430E+03  .12334770E+07  .11986430E+07 -.18572500E+00  .50020160E+04
 .79624220E+03  .53685470E+03  .11516960E+07  .13632620E+07 -.16828070E+00  .48082930E+04
 .82031910E+03  .52010320E+03  .10724240E+07  .15204360E+07 -.15307330E+00  .46627080E+04
 .84225190E+03  .50343160E+03  .99566060E+06  .16676500E+07 -.13962360E+00  .45507070E+04
 .86227620E+03  .48694520E+03  .92138520E+06  .18036620E+07 -.12757880E+00  .44630860E+04
 .88058280E+03  .47072220E+03  .84956380E+06  .19281120E+07 -.11668270E+00  .43935920E+04
 .89732870E+03  .45481970E+03  .78015250E+06  .20410690E+07 -.10674080E+00  .43377820E+04
 .91264480E+03  .43927830E+03  .71309980E+06  .21426990E+07 -.97594430E-01  .42925150E+04
 .92664000E+03  .42412680E+03  .64834950E+06  .22330780E+07 -.89106890E-01  .42556430E+04
 .93940380E+03  .40938510E+03  .58584130E+06  .23120960E+07 -.81157410E-01  .42257350E+04
 .95100870E+03  .39506670E+03  .52551280E+06  .23793990E+07 -.73638250E-01  .42017910E+04
 .96151190E+03  .38118010E+03  .46729970E+06  .24343420E+07 -.66452730E-01  .41829760E+04
 .97095680E+03  .36772940E+03  .41113690E+06  .24759240E+07 -.59512190E-01  .41684410E+04
 .97937370E+03  .35471410E+03  .35695910E+06  .25027160E+07 -.52732770E-01  .41572480E+04
 .98678070E+03  .34213010E+03  .30470110E+06  .25128220E+07 -.46036340E-01  .41484710E+04
 .99318550E+03  .32996980E+03  .25429890E+06  .25038990E+07 -.39360390E-01  .41413790E+04
 .99858770E+03  .31822370E+03  .20568950E+06  .24731470E+07 -.32660530E-01  .41354470E+04
 .10029790E+04  .30688070E+03  .15881160E+06  .24172800E+07 -.25852230E-01  .41300860E+04
 .10063260E+04  .29592840E+03  .11360570E+06  .23332130E+07 -.18697420E-01  .41249490E+04
 .10085480E+04  .28535480E+03  .70014160E+05  .22202170E+07 -.10728880E-01  .41206760E+04
 .10094660E+04  .27515140E+03  .27980790E+05  .20828890E+07 -.11659830E-02  .41189930E+04
 .10087550E+04  .26531470E+03 -.12549570E+05  .19343380E+07  .11265630E-01  .41230760E+04
 .19886450E-02  .63716660E+03  .18065460E+07  .19343380E-09 -.42297220E-05  .18874890E+05
 .61978440E-02  .63716660E+03  .24407150E+07  .40504270E-09 -.42297220E-05  .33435120E+05
 .16134640E+03  .63716660E+03  .24407150E+07  .16158170E+06 -.15687160E+00  .33435120E+05
 .15291730E+03  .63839920E+03  .24764290E+07  .16982030E+06 -.14440390E+00  .25498920E+05
 .14514850E+03  .63997910E+03  .25122220E+07  .17825150E+06 -.13325660E+00  .20336860E+05
 .13797110E+03  .64193250E+03  .25481130E+07  .18669690E+06 -.12325800E+00  .16728120E+05
 .13132550E+03  .64428640E+03  .25841260E+07  .19495670E+06 -.11423370E+00  .14073750E+05
 .12516190E+03  .64706950E+03  .26202820E+07  .20284200E+06 -.10601220E+00  .12049190E+05
 .11942680E+03  .65039750E+03  .26565570E+07  .21127020E+06 -.98045390E-01  .10292880E+05
 .11413690E+03  .65415040E+03  .26930830E+07  .21980430E+06 -.91017540E-01  .92201300E+04
 .10921750E+03  .65835740E+03  .27298310E+07  .22901490E+06 -.84803520E-01  .82872450E+04
 .10462510E+03  .66306470E+03  .27668280E+07  .23895610E+06 -.79324820E-01  .74643780E+04
 .10032160E+03  .66832420E+03  .28041040E+07  .24957720E+06 -.74465010E-01  .67394040E+04
 .96275730E+02  .67418820E+03  .28416920E+07  .26077480E+06 -.70104020E-01  .61064340E+04
 .92462620E+02  .68070420E+03  .28796260E+07  .27243010E+06 -.66136840E-01  .55602270E+04
 .88862590E+02  .68791090E+03  .29179440E+07  .28443350E+06 -.62481570E-01  .50941130E+04
 .88862590E+02  .68791090E+03  .29179440E+07  .28443350E+06 -.62481570E-01  .50941130E+04
 .81796340E+02  .70579490E+03  .30015320E+07  .31093820E+06 -.55451460E-01  .43252720E+04
 .75519870E+02  .72708390E+03  .30874710E+07  .33804980E+06 -.49287700E-01  .37946880E+04
 .69937220E+02  .75176830E+03  .31761680E+07  .36547330E+06 -.43877340E-01  .34209790E+04
 .64961510E+02  .77981230E+03  .32680290E+07  .39315010E+06 -.39160710E-01  .31497600E+04
 .60514230E+02  .81115970E+03  .33634550E+07  .42108570E+06 -.35054290E-01  .29528400E+04
 .56527820E+02  .84568440E+03  .34628350E+07  .44925180E+06 -.31465120E-01  .28150340E+04
 .52944800E+02  .88318430E+03  .35665390E+07  .47761640E+06 -.28321660E-01  .27236510E+04
 .49714740E+02  .92343820E+03  .36749090E+07  .50619450E+06 -.25575570E-01  .26659560E+04
 .46792350E+02  .96626770E+03  .37882670E+07  .53505460E+06 -.23187190E-01  .26307770E+04
 .44137120E+02  .10115640E+04  .39069120E+07  .56429780E+06 -.21116080E-01  .26098770E+04
 .41713470E+02  .10592840E+04  .40311390E+07  .59403930E+06 -.19320620E-01  .25979200E+04
 .39490750E+02  .11094300E+04  .41612370E+07  .62440130E+06 -.17760930E-01  .25916720E+04
