 .39849030E+04  .18065460E+07  .50285490E+03  .49800510E+04  .24407150E+07  .16134640E+03
 .10000000E+02  .26000000E+02  .20000000E+01  .14000000E+02  .15000000E+02  .73880510E+04
 .50285490E+03  .63716660E+03  .18065460E+07  .22808600E+06 -.45569810E+00  .18874890E+05
 .52748650E+03  .63492100E+03  .17709250E+07  .27856490E+06 -.42375670E+00  .13749070E+05
 .55027630E+03  .63203300E+03  .17354470E+07  .32039390E+06 -.38971860E+00  .11176820E+05
 .57107690E+03  .62864130E+03  .17001460E+07  .34812730E+06 -.35260700E+00  .98173810E+04
 .58973910E+03  .62492550E+03  .16650460E+07  .36789130E+06 -.31530130E+00  .91382690E+04
 .60752560E+03  .62078320E+03  .16303810E+07  .45708360E+06 -.31451020E+00  .78748650E+04
 .62466230E+03  .61621280E+03  .15957440E+07  .51654700E+06 -.29791210E+00  .73133650E+04
 .64092910E+03  .61136020E+03  .15613710E+07  .57642060E+06 -.28332350E+00  .68738420E+04
 .65642140E+03  .60626310E+03  .15272760E+07  .63667990E+06 -.27017910E+00  .65188900E+04
 .67120950E+03  .60095410E+03  .14934730E+07  .69736370E+06 -.25812990E+00  .62261260E+04
 .67120950E+03  .60095410E+03  .14934730E+07  .69736370E+06 -.25812990E+00  .62261260E+04
 .70774310E+03  .58590000E+03  .14044460E+07  .86232300E+06 -.22983900E+00  .56503280E+04
 .74038280E+03  .56997980E+03  .13177460E+07  .10303160E+07 -.20601100E+00  .52684000E+04
 .76972330E+03  .55354430E+03  .12334770E+07  .11986430E+07 -.18572500E+00  .50020160E+04
 .79624220E+03  .53685470E+03  .11516960E+07  .13632620E+07 -.16828070E+00  .48082930E+04
 .82031910E+03  .52010320E+03  .10724240E+07  .15204360E+07 -.15307330E+00  .46627080E+04
 .84225190E+03  .50343160E+03  .99566060E+06  .16676500E+07 -.13962360E+00  .45507070E+04
 .86227620E+03  .48694520E+03  .92138520E+06  .18036620E+07 -.12757880E+00  .44630860E+04
 .88058280E+03  .47072220E+03  .84956380E+06  .19281120E+07 -.11668270E+00  .43935920E+04
 .89732870E+03  .45481970E+03  .78015250E+06  .20410690E+07 -.10674080E+00  .43377820E+04
 .91264480E+03  .43927830E+03  .71309980E+06  .21426990E+07 -.97594430E-01  .42925150E+04
 .92664000E+03  .42412680E+03  .64834950E+06  .22330780E+07 -.89106890E-01  .42556430E+04
 .93940380E+03  .40938510E+03  .58584130E+06  .23120960E+07 -.81157410E-01  .42257350E+04
 .95100870E+03  .39506670E+03  .52551280E+06  .23793990E+07 -.73638250E-01  .42017910E+04
 .96151190E+03  .38118010E+03  .46729970E+06  .24343420E+07 -.66452730E-01  .41829760E+04
 .97095680E+03  .36772940E+03  .41113690E+06  .24759240E+07 -.59512190E-01  .41684410E+04
 .97937370E+03  .35471410E+03  .35695910E+06  .25027160E+07 -.52732770E-01  .41572480E+04
 .98678070E+03  .34213010E+03  .30470110E+06  .25128220E+07 -.46036340E-01  .41484710E+04
 .99318550E+03  .32996980E+03  .25429890E+06  .25038990E+07 -.39360390E-01  .41413790E+04
 .99858770E+03  .31822370E+03  .20568950E+06  .24731470E+07 -.32660530E-01  .41354470E+04
 .10029790E+04  .30688070E+03  .15881160E+06  .24172800E+07 -.25852230E-01  .41300860E+04
 .10063260E+04  .29592840E+03  .11360570E+06  .23332130E+07 -.18697420E-01  .41249490E+04
 .10085480E+04  .28535480E+03  .70014160E+05  .22202170E+07 -.10728880E-01  .41206760E+04
 .10094660E+04  .27515140E+03  .27980790E+05  .20828890E+07 -.11659830E-02  .41189930E+04
 .10087550E+04  .26531470E+03 -.12549570E+05  .19343380E+07  .11265630E-01  .41230760E+04
 .10058480E+04  .25585130E+03 -.51632250E+05  .17999750E+07  .28475320E-01  .41398130E+04
 .19886450E-02  .63716660E+03  .18065460E+07  .19343380E-09 -.42297220E-05  .18874890E+05
 .61978440E-02  .63716660E+03  .24407150E+07  .40504270E-09 -.42297220E-05  .33435120E+05
 .16134640E+03  .63716660E+03  .24407150E+07  .16158170E+06 -.15687160E+00  .33435120E+05
 .15291730E+03  .63839920E+03  .24764290E+07  .16982030E+06 -.14440390E+00  .25498920E+05
 .14514850E+03  .63997910E+03  .25122220E+07  .17825150E+06 -.13325660E+00  .20336860E+05
 .13797110E+03  .64193250E+03  .25481130E+07  .18669690E+06 -.12325800E+00  .16728120E+05
 .13132550E+03  .64428640E+03  .25841260E+07  .19495670E+06 -.11423370E+00  .14073750E+05
 .12516190E+03  .64706950E+03  .26202820E+07  .20284200E+06 -.10601220E+00  .12049190E+05
 .11942680E+03  .65039750E+03  .26565570E+07  .21127020E+06 -.98045390E-01  .10292880E+05
 .11413690E+03  .65415040E+03  .26930830E+07  .21980430E+06 -.91017540E-01  .92201300E+04
 .10921750E+03  .65835740E+03  .27298310E+07  .22901490E+06 -.84803520E-01  .82872450E+04
 .10462510E+03  .66306470E+03  .27668280E+07  .23895610E+06 -.79324820E-01  .74643780E+04
 .10032160E+03  .66832420E+03  .28041040E+07  .24957720E+06 -.74465010E-01  .67394040E+04
 .96275730E+02  .67418820E+03  .28416920E+07  .26077480E+06 -.70104020E-01  .61064340E+04
 .92462620E+02  .68070420E+03  .28796260E+07  .27243010E+06 -.66136840E-01  .55602270E+04
 .88862590E+02  .68791090E+03  .29179440E+07  .28443350E+06 -.62481570E-01  .50941130E+04
 .88862590E+02  .68791090E+03  .29179440E+07  .28443350E+06 -.62481570E-01  .50941130E+04
 .81796340E+02  .70579490E+03  .30015320E+07  .31093820E+06 -.55451460E-01  .43252720E+04
 .75519870E+02  .72708390E+03  .30874710E+07  .33804980E+06 -.49287700E-01  .37946880E+04
 .69937220E+02  .75176830E+03  .31761680E+07  .36547330E+06 -.43877340E-01  .34209790E+04
 .64961510E+02  .77981230E+03  .32680290E+07  .39315010E+06 -.39160710E-01  .31497600E+04
 .60514230E+02  .81115970E+03  .33634550E+07  .42108570E+06 -.35054290E-01  .29528400E+04
 .56527820E+02  .84568440E+03  .34628350E+07  .44925180E+06 -.31465120E-01  .28150340E+04
 .52944800E+02  .88318430E+03  .35665390E+07  .47761640E+06 -.28321660E-01  .27236510E+04
 .49714740E+02  .92343820E+03  .36749090E+07  .50619450E+06 -.25575570E-01  .26659560E+04
 .46792350E+02  .96626770E+03  .37882670E+07  .53505460E+06 -.23187190E-01  .26307770E+04
 .44137120E+02  .10115640E+04  .39069120E+07  .56429780E+06 -.21116080E-01  .26098770E+04
 .41713470E+02  .10592840E+04  .40311390E+07  .59403930E+06 -.19320620E-01  .25979200E+04
 .39490750E+02  .11094300E+04  .41612370E+07  .62440130E+06 -.17760930E-01  .25916720E+04
 .37442840E+02  .11620380E+04  .42975010E+07  .65551230E+06 -.16401480E-01  .25891460E+04
 .35547600E+02  .12171680E+04  .44402270E+07  .68751190E+06 -.15212020E-01  .25889760E+04
 .39996330E+04  .18163380E+07  .49700730E+03  .49610490E+04  .24298230E+07  .16562490E+03
 .10000000E+02  .26000000E+02  .20000000E+01  .14000000E+02  .15000000E+02  .73690490E+04
 .49700730E+03  .63801290E+03  .18163380E+07  .21796810E+06 -.45994740E+00  .20314210E+05
 .52192880E+03  .63589540E+03  .17806650E+07  .26953590E+06 -.42983390E+00  .14447640E+05
 .54510730E+03  .63311630E+03  .17451300E+07  .31483930E+06 -.39750780E+00  .11538190E+05
 .56638920E+03  .62979880E+03  .17097660E+07  .34683610E+06 -.36196110E+00  .99807560E+04
 .58558510E+03  .62611350E+03  .16745990E+07  .36540430E+06 -.32344000E+00  .92171040E+04
 .60330960E+03  .62210810E+03  .16398650E+07  .44414570E+06 -.31823830E+00  .80144470E+04
 .62064220E+03  .61760080E+03  .16051520E+07  .50342010E+06 -.30121000E+00  .74222020E+04
 .63708480E+03  .61280300E+03  .15706990E+07  .56312630E+06 -.28632440E+00  .69617370E+04
 .65273880E+03  .60775380E+03  .15365230E+07  .62321890E+06 -.27296210E+00  .65914950E+04
 .66767780E+03  .60248650E+03  .15026350E+07  .68372840E+06 -.26074110E+00  .62870160E+04
 .66767780E+03  .60248650E+03  .15026350E+07  .68372840E+06 -.26074110E+00  .62870160E+04
 .70457500E+03  .58751670E+03  .14133710E+07  .84821920E+06 -.23209090E+00  .56901690E+04
 .73752950E+03  .57164740E+03  .13264250E+07  .10159240E+07 -.20796350E+00  .52957820E+04
 .76714310E+03  .55523680E+03  .12419040E+07  .11843360E+07 -.18742100E+00  .50216410E+04
 .79390010E+03  .53855290E+03  .11598670E+07  .13494480E+07 -.16976680E+00  .48228670E+04
 .81818680E+03  .52179270E+03  .10803410E+07  .15074290E+07 -.15439190E+00  .46738130E+04
 .84030690E+03  .50510180E+03  .10033260E+07  .16556280E+07 -.14080770E+00  .45593160E+04
 .86050040E+03  .48858830E+03  .92880190E+06  .17926950E+07 -.12865250E+00  .44698450E+04
 .87896090E+03  .47233230E+03  .85673650E+06  .19182110E+07 -.11766420E+00  .43989580E+04
 .89584810E+03  .45639260E+03  .78708640E+06  .20322210E+07 -.10764450E+00  .43420830E+04
 .91129470E+03  .44081120E+03  .71980080E+06  .21348940E+07 -.98432890E-01  .42959800E+04
 .92541140E+03  .42561780E+03  .65482360E+06  .22263220E+07 -.89891560E-01  .42584250E+04
 .93828960E+03  .41083270E+03  .59209500E+06  .23064150E+07 -.81898660E-01  .42279330E+04
 .95000300E+03  .39647020E+03  .53155260E+06  .23748450E+07 -.74345570E-01  .42034760E+04
 .96061030E+03  .38253900E+03  .47313240E+06  .24309960E+07 -.67134860E-01  .41842180E+04
 .97015610E+03  .36904360E+03  .41676910E+06  .24739050E+07 -.60177440E-01  .41693160E+04
 .97867200E+03  .35598410E+03  .36239750E+06  .25021830E+07 -.53389270E-01  .41578420E+04
 .98617740E+03  .34335650E+03  .30995230E+06  .25139780E+07 -.46691570E-01  .41488600E+04
 .99268070E+03  .33115350E+03  .25936930E+06  .25069820E+07 -.40019960E-01  .41416160E+04
 .99818250E+03  .31936580E+03  .21058550E+06  .24784410E+07 -.33329800E-01  .41355750E+04
 .10026750E+04  .30798230E+03  .16353930E+06  .24250990E+07 -.26545810E-01  .41301520E+04
 .10061310E+04  .29699080E+03  .11817120E+06  .23437730E+07 -.19449760E-01  .41249220E+04
 .10084730E+04  .28637890E+03  .74423130E+05  .22333790E+07 -.11599390E-01  .41203900E+04
 .10095370E+04  .27613750E+03  .32239000E+05  .20978640E+07 -.22505240E-02  .41181380E+04
 .10090130E+04  .26626240E+03 -.84364140E+04  .19493820E+07  .98170790E-02  .41210710E+04
 .10063640E+04  .25675830E+03 -.47658240E+05  .18119970E+07  .26460590E-01  .41354390E+04
 .20120430E-02  .63801290E+03  .18163380E+07  .19258880E-09 -.41872560E-05  .20314210E+05
 .60377400E-02  .63801290E+03  .24298230E+07  .39645310E-09 -.41872560E-05  .36115940E+05
 .16562490E+03  .63801290E+03  .24298230E+07  .15996480E+06 -.16254680E+00  .36115940E+05
 .15689360E+03  .63916310E+03  .24655820E+07  .16802680E+06 -.14952680E+00  .27211500E+05
 .14885240E+03  .64065220E+03  .25014150E+07  .17630740E+06 -.13787130E+00  .21523180E+05
 .14142960E+03  .64250560E+03  .25373420E+07  .18464700E+06 -.12741360E+00  .17599540E+05
 .13456290E+03  .64474990E+03  .25733830E+07  .19286680E+06 -.11798340E+00  .14743320E+05
 .12819940E+03  .64741280E+03  .26095620E+07  .20079520E+06 -.10941270E+00  .12581900E+05
 .12227240E+03  .65058180E+03  .26458520E+07  .20888490E+06 -.10128410E+00  .10651850E+05
 .11680930E+03  .65421150E+03  .26823840E+07  .21731050E+06 -.93966540E-01  .95294780E+04
 .11173260E+03  .65828360E+03  .27191320E+07  .22638330E+06 -.87479870E-01  .85586300E+04
 .10699730E+03  .66284210E+03  .27561210E+07  .23618330E+06 -.81757390E-01  .77037340E+04
 .10256360E+03  .66793790E+03  .27933800E+07  .24667520E+06 -.76686290E-01  .69498950E+04
 .98398540E+02  .67362340E+03  .28309410E+07  .25776380E+06 -.72145120E-01  .62901760E+04
 .94475520E+02  .67994730E+03  .28688380E+07  .26933220E+06 -.68024690E-01  .57192050E+04
 .90773560E+02  .68695100E+03  .29071080E+07  .28126950E+06 -.64237800E-01  .52305430E+04
 .90773560E+02  .68695100E+03  .29071080E+07  .28126950E+06 -.64237800E-01  .52305430E+04
 .83511040E+02  .70437690E+03  .29905540E+07  .30768730E+06 -.56975460E-01  .44220150E+04
 .77063540E+02  .72519670E+03  .30762940E+07  .33476090E+06 -.50618540E-01  .38637780E+04
 .71331670E+02  .74941190E+03  .31647370E+07  .36216220E+06 -.45036820E-01  .34719760E+04
 .66226060E+02  .77698840E+03  .32562880E+07  .38981610E+06 -.40169930E-01  .31882340E+04
 .61665530E+02  .80787760E+03  .33513470E+07  .41773220E+06 -.35936260E-01  .29815360E+04
 .57579910E+02  .84196630E+03  .34503060E+07  .44588670E+06 -.32239650E-01  .28357760E+04
 .53909650E+02  .87906170E+03  .35535390E+07  .47424350E+06 -.29003160E-01  .27382580E+04
 .50602830E+02  .91894180E+03  .36613930E+07  .50280860E+06 -.26175030E-01  .26761940E+04
 .47612930E+02  .96142060E+03  .37741890E+07  .53164360E+06 -.23714480E-01  .26380740E+04
 .44898270E+02  .10063800E+04  .38922330E+07  .56084630E+06 -.21580770E-01  .26152190E+04
 .42422160E+02  .10537690E+04  .40158170E+07  .59053080E+06 -.19731670E-01  .26019270E+04
 .40152930E+02  .11035850E+04  .41452340E+07  .62081850E+06 -.18126370E-01  .25947200E+04
 .38063560E+02  .11558610E+04  .42807760E+07  .65183730E+06 -.16728160E-01  .25914800E+04
 .36131150E+02  .12106530E+04  .44227420E+07  .68372530E+06 -.15505690E-01  .25907790E+04
 .40148750E+04  .18264740E+07  .49090800E+03  .49412180E+04  .24183530E+07  .17016550E+03
 .10000000E+02  .26000000E+02  .20000000E+01  .14000000E+02  .15000000E+02  .73492180E+04
 .49090800E+03  .63885160E+03  .18264740E+07  .20747860E+06 -.46360590E+00  .22051500E+05
 .51608950E+03  .63686980E+03  .17907510E+07  .25930870E+06 -.43543350E+00  .15283480E+05
 .53963320E+03  .63421110E+03  .17551570E+07  .30759810E+06 -.40493420E+00  .11975200E+05
 .56138010E+03  .63098230E+03  .17197300E+07  .34411800E+06 -.37111930E+00  .10194990E+05
 .58112610E+03  .62733960E+03  .16844950E+07  .36554970E+06 -.33352100E+00  .92808060E+04
 .59888590E+03  .62343970E+03  .16494720E+07  .41375570E+06 -.31345470E+00  .84057520E+04
 .61642710E+03  .61901890E+03  .16149000E+07  .48981330E+06 -.30471070E+00  .75411030E+04
 .63305600E+03  .61428000E+03  .15803660E+07  .54934490E+06 -.28949390E+00  .70572470E+04
 .64888040E+03  .60928230E+03  .15461050E+07  .60926710E+06 -.27589230E+00  .66701150E+04
 .66397810E+03  .60405980E+03  .15121310E+07  .66959850E+06 -.26348560E+00  .63527940E+04
 .66397810E+03  .60405980E+03  .15121310E+07  .66959850E+06 -.26348560E+00  .63527940E+04
 .70125710E+03  .58918130E+03  .14226230E+07  .83359820E+06 -.23445570E+00  .57330310E+04
 .73454230E+03  .57336790E+03  .13354230E+07  .10009730E+07 -.21001440E+00  .53251370E+04
 .76444260E+03  .55698550E+03  .12506410E+07  .11694320E+07 -.18920180E+00  .50426110E+04
 .79144950E+03  .54030930E+03  .11683420E+07  .13350170E+07 -.17132540E+00  .48383980E+04
 .81595630E+03  .52354160E+03  .10885530E+07  .14938090E+07 -.15577310E+00  .46856290E+04
 .83827250E+03  .50683180E+03  .10112770E+07  .16430180E+07 -.14204660E+00  .45684660E+04
 .85864280E+03  .49029100E+03  .93649490E+06  .17811770E+07 -.12977490E+00  .44770230E+04
 .87726420E+03  .47400150E+03  .86417660E+06  .19077980E+07 -.11868930E+00  .44046510E+04
 .89429870E+03  .45802380E+03  .79427890E+06  .20229010E+07 -.10858760E+00  .43466460E+04
 .90988150E+03  .44240130E+03  .72675170E+06  .21266560E+07 -.99307220E-01  .42996580E+04
 .92412500E+03  .42716460E+03  .66153920E+06  .22191700E+07 -.90708990E-01  .42613820E+04
 .93712210E+03  .41233490E+03  .59858190E+06  .23003720E+07 -.82670050E-01  .42302750E+04
 .94894850E+03  .39792680E+03  .53781760E+06  .23699620E+07 -.75080800E-01  .42052820E+04
 .95966390E+03  .38394960E+03  .47918230E+06  .24273560E+07 -.67843030E-01  .41855580E+04
 .96931450E+03  .37040810E+03  .42261100E+06  .24716240E+07 -.60867180E-01  .41702690E+04
 .97793300E+03  .35730270E+03  .36803810E+06  .25014240E+07 -.54068990E-01  .41584960E+04
 .98554000E+03  .34462990E+03  .31539850E+06  .25149460E+07 -.47369100E-01  .41492950E+04
 .99214530E+03  .33238270E+03  .26462780E+06  .25099220E+07 -.40701290E-01  .41418910E+04
 .99774980E+03  .32055180E+03  .21566290E+06  .24836410E+07 -.34020110E-01  .41357330E+04
 .10023470E+04  .30912640E+03  .16844200E+06  .24328850E+07 -.27258600E-01  .41302460E+04
 .10059140E+04  .29809410E+03  .12290530E+06  .23543940E+07 -.20218250E-01  .41249360E+04
 .10083790E+04  .28744270E+03  .78994740E+05  .22467400E+07 -.12482130E-01  .41201690E+04
 .10095890E+04  .27716210E+03  .36653980E+05  .21132280E+07 -.33422400E-02  .41173890E+04
 .10092540E+04  .26724750E+03 -.41721740E+04  .19650540E+07  .83667360E-02  .41192470E+04
 .10068620E+04  .25770180E+03 -.43538690E+05  .18249320E+07  .24444630E-01  .41313870E+04
 .20370420E-02  .63885160E+03  .18264740E+07  .19256660E-09 -.41448930E-05  .22051500E+05
 .58766330E-02  .63885160E+03  .24183530E+07  .38859100E-09 -.41448930E-05  .39310850E+05
 .17016550E+03  .63885160E+03  .24183530E+07  .15821930E+06 -.16862710E+00  .39310850E+05
 .16111020E+03  .63991780E+03  .24541570E+07  .16610580E+06 -.15502380E+00  .29214600E+05
 .15277650E+03  .64131350E+03  .24900300E+07  .17423720E+06 -.14282930E+00  .22891170E+05
 .14509000E+03  .64306420E+03  .25259910E+07  .18246980E+06 -.13188300E+00  .18592490E+05
 .13798540E+03  .64519600E+03  .25620600E+07  .19064270E+06 -.12201870E+00  .15498180E+05
 .13140680E+03  .64773580E+03  .25982610E+07  .19859920E+06 -.11307160E+00  .13176720E+05
 .12527840E+03  .65073690E+03  .26345650E+07  .20639040E+06 -.10475050E+00  .11045340E+05
 .11962980E+03  .65424070E+03  .26711020E+07  .21471160E+06 -.97125330E-01  .98669280E+04
 .11438450E+03  .65817520E+03  .27078480E+07  .22364120E+06 -.90345350E-01  .88540510E+04
 .10949630E+03  .66258190E+03  .27448270E+07  .23328940E+06 -.84358450E-01  .79643210E+04
 .10492360E+03  .66751030E+03  .27820670E+07  .24363950E+06 -.79057100E-01  .71794170E+04
 .10063140E+03  .67301250E+03  .28195990E+07  .25460630E+06 -.74319270E-01  .64909970E+04
 .96591430E+02  .67913870E+03  .28574560E+07  .26607630E+06 -.70031810E-01  .58933890E+04
 .92781170E+02  .68593220E+03  .28956750E+07  .27793760E+06 -.66102070E-01  .53803430E+04
 .92781170E+02  .68593220E+03  .28956750E+07  .27793760E+06 -.66102070E-01  .53803430E+04
 .85310530E+02  .70288040E+03  .29789700E+07  .30425310E+06 -.58590220E-01  .45284050E+04
 .78681850E+02  .72320810E+03  .30645010E+07  .33128060E+06 -.52028500E-01  .39394750E+04
 .72791850E+02  .74693040E+03  .31526760E+07  .35865660E+06 -.46265540E-01  .35275400E+04
 .67548620E+02  .77401550E+03  .32438990E+07  .38628490E+06 -.41238790E-01  .32300770E+04
 .62868220E+02  .80442120E+03  .33385720E+07  .41417750E+06 -.36869280E-01  .30128210E+04
 .58677680E+02  .83804770E+03  .34370890E+07  .44231710E+06 -.33058260E-01  .28584600E+04
 .54915240E+02  .87471290E+03  .35398250E+07  .47066410E+06 -.29723120E-01  .27542380E+04
 .51527350E+02  .91419570E+03  .36471330E+07  .49921540E+06 -.26808070E-01  .26873510E+04
 .48466190E+02  .95630250E+03  .37593370E+07  .52802480E+06 -.24270920E-01  .26459700E+04
 .45688850E+02  .10009060E+04  .38767450E+07  .55718610E+06 -.22070580E-01  .26209560E+04
 .43157490E+02  .10479450E+04  .39996520E+07  .58681190E+06 -.20164320E-01  .26061990E+04
 .40839330E+02  .10974130E+04  .41283490E+07  .61702290E+06 -.18510380E-01  .25979530E+04
 .38706430E+02  .11493390E+04  .42631300E+07  .64794610E+06 -.17070860E-01  .25939450E+04
 .36735060E+02  .12037760E+04  .44042910E+07  .67971830E+06 -.15813230E-01  .25926730E+04
 .40307570E+04  .18370370E+07  .48450970E+03  .49204070E+04  .24062080E+07  .17501420E+03
 .10000000E+02  .26000000E+02  .20000000E+01  .14000000E+02  .15000000E+02  .73284070E+04
 .48450970E+03  .63968280E+03  .18370370E+07  .19678050E+06 -.46666160E+00  .24182590E+05
 .50992110E+03  .63784440E+03  .18012630E+07  .24798360E+06 -.44054230E+00  .16297350E+05
 .53380510E+03  .63531880E+03  .17656110E+07  .29853960E+06 -.41197370E+00  .12507590E+05
 .55599930E+03  .63219420E+03  .17301180E+07  .33960720E+06 -.38004060E+00  .10470080E+05
 .57629260E+03  .62861110E+03  .16948140E+07  .36538950E+06 -.34402340E+00  .93803390E+04
 .59449620E+03  .62475350E+03  .16597190E+07  .38432180E+06 -.30797370E+00  .88493760E+04
 .61197250E+03  .62047550E+03  .16250680E+07  .47560140E+06 -.30846670E+00  .76725260E+04
 .62880050E+03  .61580030E+03  .15904510E+07  .53494840E+06 -.29287450E+00  .71621510E+04
 .64480650E+03  .61085830E+03  .15561030E+07  .59469500E+06 -.27900550E+00  .67561230E+04
 .66007260E+03  .60568440E+03  .15220390E+07  .65484420E+06 -.26639510E+00  .64245580E+04
 .66007260E+03  .60568440E+03  .15220390E+07  .65484420E+06 -.26639510E+00  .64245580E+04
 .69775600E+03  .59090560E+03  .14322800E+07  .81832900E+06 -.23695890E+00  .57795790E+04
 .73139110E+03  .57515400E+03  .13448160E+07  .98533010E+06 -.21218580E+00  .53568970E+04
 .76159510E+03  .55880400E+03  .12597640E+07  .11537910E+07 -.19108630E+00  .50652190E+04
 .78886620E+03  .54213790E+03  .11771900E+07  .13198290E+07 -.17297290E+00  .48550960E+04
 .81360530E+03  .52536400E+03  .10971280E+07  .14794400E+07 -.15723090E+00  .46983080E+04
 .83612850E+03  .50863570E+03  .10195790E+07  .16296890E+07 -.14335260E+00  .45782740E+04
 .85668510E+03  .49206730E+03  .94452880E+06  .17689840E+07 -.13095710E+00  .44847100E+04
 .87547580E+03  .47574350E+03  .87194640E+06  .18967600E+07 -.11976800E+00  .44107460E+04
 .89266550E+03  .45972680E+03  .80179030E+06  .20130060E+07 -.10957930E+00  .43515260E+04
 .90839130E+03  .44406180E+03  .73401080E+06  .21178910E+07 -.10022570E+00  .43035940E+04
 .92276790E+03  .42878030E+03  .66855260E+06  .22115360E+07 -.91566820E-01  .42645510E+04
 .93588980E+03  .41390430E+03  .60535640E+06  .22938930E+07 -.83478640E-01  .42327940E+04
 .94783450E+03  .39944890E+03  .54436030E+06  .23646860E+07 -.75850570E-01  .42072340E+04
 .95866310E+03  .38542380E+03  .48550020E+06  .24233640E+07 -.68583530E-01  .41870170E+04
 .96842300E+03  .37183420E+03  .42871130E+06  .24690370E+07 -.61587420E-01  .41713150E+04
 .97714860E+03  .35868120E+03  .37392810E+06  .25004040E+07 -.54777730E-01  .41592210E+04
 .98486170E+03  .34596130E+03  .32108530E+06  .25157040E+07 -.48074570E-01  .41497870E+04
 .99157290E+03  .33366790E+03  .27011840E+06  .25127100E+07 -.41409940E-01  .41422100E+04
 .99728420E+03  .32179200E+03  .22096400E+06  .24887550E+07 -.34737090E-01  .41359290E+04
 .10019910E+04  .31032280E+03  .17356040E+06  .24406660E+07 -.27996310E-01  .41303740E+04
 .10056710E+04  .29924810E+03  .12784750E+06  .23651200E+07 -.21008750E-01  .41249940E+04
 .10082620E+04  .28855530E+03  .83766910E+05  .22603660E+07 -.13383310E-01  .41200180E+04
 .10096210E+04  .27823410E+03  .41262300E+05  .21290680E+07 -.44481180E-02  .41167460E+04
 .10094770E+04  .26827850E+03  .27840980E+03  .19814610E+07  .69063340E-02  .41175980E+04
 .10073430E+04  .25869020E+03 -.39239600E+05  .18388900E+07  .22417350E-01  .41276450E+04
 .20639420E-02  .63968280E+03  .18370370E+07  .19347440E-09 -.41026000E-05  .24182590E+05
 .57138210E-02  .63968280E+03  .24062080E+07  .38150620E-09 -.41026000E-05  .43185640E+05
 .17501420E+03  .63968280E+03  .24062080E+07  .15633630E+06 -.17518260E+00  .43185640E+05
 .16560930E+03  .64066310E+03  .24420570E+07  .16404410E+06 -.16096010E+00  .31593620E+05
 .15695960E+03  .64196270E+03  .24779690E+07  .17202410E+06 -.14819070E+00  .24490830E+05
 .14898770E+03  .64360750E+03  .25139630E+07  .18014580E+06 -.13672080E+00  .19738810E+05
 .14162560E+03  .64562330E+03  .25500600E+07  .18826370E+06 -.12638890E+00  .16359920E+05
 .13481390E+03  .64803630E+03  .25862800E+07  .19623370E+06 -.11703320E+00  .13848980E+05
 .12850250E+03  .65087290E+03  .26226480E+07  .20394410E+06 -.10849980E+00  .11921810E+05
 .12262380E+03  .65423320E+03  .26591380E+07  .21198870E+06 -.10053100E+00  .10238310E+05
 .11719670E+03  .65802660E+03  .26958800E+07  .22077030E+06 -.93433980E-01  .91782410E+04
 .11214380E+03  .66227770E+03  .27328460E+07  .23025530E+06 -.87158550E-01  .82501730E+04
 .10742150E+03  .66703420E+03  .27700640E+07  .24044910E+06 -.81604520E-01  .74315270E+04
 .10299290E+03  .67234800E+03  .28075640E+07  .25127910E+06 -.76650360E-01  .67120880E+04
 .98827650E+02  .67826960E+03  .28453780E+07  .26263700E+06 -.72179350E-01  .60856560E+04
 .94901630E+02  .68484470E+03  .28835420E+07  .27441040E+06 -.68093200E-01  .55460880E+04
 .94901630E+02  .68484470E+03  .28835420E+07  .27441040E+06 -.68093200E-01  .55460880E+04
 .87208980E+02  .70129280E+03  .29666780E+07  .30060500E+06 -.60310940E-01  .46464000E+04
 .80387280E+02  .72110150E+03  .30519870E+07  .32757630E+06 -.53530570E-01  .40231600E+04
 .74328800E+02  .74430310E+03  .31398780E+07  .35492300E+06 -.47575030E-01  .35885970E+04
 .68938930E+02  .77086900E+03  .32307550E+07  .38252280E+06 -.42377390E-01  .32759320E+04
 .64130900E+02  .80076180E+03  .33250200E+07  .41038780E+06 -.37862000E-01  .30471780E+04
 .59828800E+02  .83389560E+03  .34230670E+07  .43850830E+06 -.33928370E-01  .28834600E+04
 .55968400E+02  .87010060E+03  .35252770E+07  .46684300E+06 -.30487980E-01  .27718660E+04
 .52494390E+02  .90915840E+03  .36320060E+07  .49537950E+06 -.27480330E-01  .26996160E+04
 .49357570E+02  .95086820E+03  .37435810E+07  .52416260E+06 -.24861430E-01  .26545890E+04
 .46513760E+02  .99509190E+03  .38603140E+07  .55328140E+06 -.22589800E-01  .26271640E+04
 .43923850E+02  .10417600E+04  .39825010E+07  .58284650E+06 -.20622260E-01  .26107880E+04
 .41553960E+02  .10908600E+04  .41104340E+07  .61297790E+06 -.18916140E-01  .26014040E+04
 .39375100E+02  .11424140E+04  .42444060E+07  .64380170E+06 -.17432330E-01  .25965620E+04
 .37362670E+02  .11964740E+04  .43847140E+07  .67545330E+06 -.16137020E-01  .25946730E+04
 .40474380E+04  .18481300E+07  .47774900E+03  .48984210E+04  .23932620E+07  .18023120E+03
 .10000000E+02  .26000000E+02  .20000000E+01  .14000000E+02  .15000000E+02  .73064210E+04
 .47774900E+03  .64050660E+03  .18481300E+07  .18603520E+06 -.46910350E+00  .26848960E+05
 .50335980E+03  .63881960E+03  .18123060E+07  .23570330E+06 -.44515640E+00  .17548220E+05
 .52755860E+03  .63644090E+03  .17765950E+07  .28758240E+06 -.41860650E+00  .13164260E+05
 .55018100E+03  .63343770E+03  .17410360E+07  .33292960E+06 -.38869490E+00  .10820670E+05
 .57101340E+03  .62993400E+03  .17056600E+07  .36385980E+06 -.35457100E+00  .95335400E+04
 .58981670E+03  .62610380E+03  .16704890E+07  .38056980E+06 -.31672530E+00  .89294650E+04
 .60722030E+03  .62198060E+03  .16357590E+07  .46062470E+06 -.31254820E+00  .78198580E+04
 .62426400E+03  .61737500E+03  .16010560E+07  .51977360E+06 -.29652240E+00  .72788790E+04
 .64046520E+03  .61249400E+03  .15666180E+07  .57933760E+06 -.28234940E+00  .68513660E+04
 .65591200E+03  .60737350E+03  .15324610E+07  .63929940E+06 -.26951130E+00  .65037750E+04
 .65591200E+03  .60737350E+03  .15324610E+07  .63929940E+06 -.26951130E+00  .65037750E+04
 .69402780E+03  .59270470E+03  .14424390E+07  .80224380E+06 -.23963390E+00  .58306960E+04
 .72803700E+03  .57702230E+03  .13547000E+07  .96882200E+06 -.21450640E+00  .53916380E+04
 .75856540E+03  .56070950E+03  .12693640E+07  .11372360E+07 -.19309940E+00  .50898560E+04
 .78611870E+03  .54405650E+03  .11865040E+07  .13037030E+07 -.17473060E+00  .48732350E+04
 .81110550E+03  .52727780E+03  .11061530E+07  .14641420E+07 -.15878390E+00  .47120520E+04
 .83384890E+03  .51053160E+03  .10283190E+07  .16154700E+07 -.14474200E+00  .45888930E+04
 .85460360E+03  .49393530E+03  .95298630E+06  .17559570E+07 -.13221320E+00  .44930260E+04
 .87357420E+03  .47757640E+03  .88012630E+06  .18849500E+07 -.12091330E+00  .44173330E+04
 .89092840E+03  .46151920E+03  .80969830E+06  .20024010E+07 -.11063110E+00  .43568000E+04
 .90680600E+03  .44581010E+03  .74165310E+06  .21084770E+07 -.10119900E+00  .43078470E+04
 .92132350E+03  .43048180E+03  .67593620E+06  .22033100E+07 -.92474870E-01  .42679800E+04
 .93457760E+03  .41555740E+03  .61248840E+06  .22868780E+07 -.84333580E-01  .42355290E+04
 .94664710E+03  .40105240E+03  .55124800E+06  .23589310E+07 -.76663430E-01  .42093630E+04
 .95759510E+03  .38697710E+03  .49215120E+06  .24189490E+07 -.69364440E-01  .41886190E+04
 .96747050E+03  .37333720E+03  .43513310E+06  .24660820E+07 -.62345870E-01  .41724760E+04
 .97630870E+03  .36013400E+03  .38012820E+06  .24990780E+07 -.55522910E-01  .41600350E+04
 .98413310E+03  .34736470E+03  .32707120E+06  .25162210E+07 -.48815240E-01  .41503470E+04
 .99095540E+03  .33502280E+03  .27589740E+06  .25153330E+07 -.42153060E-01  .41425850E+04
 .99677880E+03  .32309950E+03  .22654340E+06  .24937890E+07 -.35487900E-01  .41361690E+04
 .10015990E+04  .31158430E+03  .17894710E+06  .24484690E+07 -.28766210E-01  .41305400E+04
 .10053980E+04  .30046490E+03  .13304830E+06  .23760040E+07 -.21828620E-01  .41251010E+04
 .10081190E+04  .28972870E+03  .88788480E+05  .22743380E+07 -.14310650E-01  .41199400E+04
 .10096310E+04  .27936480E+03  .46111060E+05  .21454980E+07 -.55767170E-02  .41162130E+04
 .10096800E+04  .26936650E+03  .49607570E+04  .19987380E+07  .54258490E-02  .41161230E+04
 .10078080E+04  .25973400E+03 -.34717170E+05  .18540210E+07  .20366470E-01  .41242020E+04
 .20931490E-02  .64050660E+03  .18481300E+07  .19544850E-09 -.40603370E-05  .26848960E+05
 .55484310E-02  .64050660E+03  .23932620E+07  .37527320E-09 -.40603370E-05  .47986220E+05
 .18023120E+03  .64050660E+03  .23932620E+07  .15430600E+06 -.18230360E+00  .47986220E+05
 .17044620E+03  .64139900E+03  .24291540E+07  .16182680E+06 -.16742060E+00  .34472190E+05
 .16145210E+03  .64259950E+03  .24651040E+07  .16964890E+06 -.15403380E+00  .26393330E+05
 .15316910E+03  .64413450E+03  .25011310E+07  .17765270E+06 -.14199840E+00  .21083260E+05
 .14552600E+03  .64602990E+03  .25372540E+07  .18570530E+06 -.13115860E+00  .17358530E+05
 .13846000E+03  .64831150E+03  .25734940E+07  .19367390E+06 -.12135590E+00  .14619810E+05
 .13191760E+03  .65100510E+03  .26098730E+07  .20145010E+06 -.11243760E+00  .12534750E+05
 .12582430E+03  .65418270E+03  .26463660E+07  .20911660E+06 -.10423170E+00  .10651520E+05
 .12019980E+03  .65783060E+03  .26831000E+07  .21774670E+06 -.96790320E-01  .95375400E+04
 .11496790E+03  .66192150E+03  .27200510E+07  .22705600E+06 -.90197820E-01  .85666520E+04
 .11008340E+03  .66650090E+03  .27572440E+07  .23707700E+06 -.84364180E-01  .77109270E+04
 .10550720E+03  .67161970E+03  .27947090E+07  .24775260E+06 -.79169840E-01  .69576530E+04
 .10120670E+03  .67732900E+03  .28324770E+07  .25898180E+06 -.74495040E-01  .62997840E+04
 .97155970E+02  .68367620E+03  .28705820E+07  .27065300E+06 -.70235860E-01  .57311660E+04
 .97155970E+02  .68367620E+03  .28705820E+07  .27065300E+06 -.70235860E-01  .57311660E+04
 .89224820E+02  .69959810E+03  .29535460E+07  .29670380E+06 -.62157450E-01  .47785860E+04
 .82196070E+02  .71885620E+03  .30386190E+07  .32360570E+06 -.55141640E-01  .41166750E+04
 .75956830E+02  .74150390E+03  .31262070E+07  .35091830E+06 -.48980240E-01  .36563900E+04
 .70409580E+02  .76751710E+03  .32167150E+07  .37848640E+06 -.43598890E-01  .33266560E+04
 .65464710E+02  .79686270E+03  .33105440E+07  .40631910E+06 -.38925720E-01  .30852460E+04
 .61043140E+02  .82946770E+03  .34080920E+07  .43441560E+06 -.34859630E-01  .29112670E+04
 .57077940E+02  .86517710E+03  .35097410E+07  .46273490E+06 -.31306110E-01  .27915070E+04
 .53511840E+02  .90377660E+03  .36158500E+07  .49125500E+06 -.28199150E-01  .27132430E+04
 .50294140E+02  .94505930E+03  .37267540E+07  .52001100E+06 -.25492440E-01  .26640980E+04
 .47379320E+02  .98887620E+03  .38427660E+07  .54908590E+06 -.23144020E-01  .26339510E+04
 .44726990E+02  .10351480E+04  .39641830E+07  .57858820E+06 -.21110330E-01  .26157610E+04
 .42302000E+02  .10838530E+04  .40912990E+07  .60863650E+06 -.19347810E-01  .26051180E+04
 .40074290E+02  .11350110E+04  .42244060E+07  .63935630E+06 -.17816130E-01  .25993620E+04
 .38018310E+02  .11886690E+04  .43638010E+07  .67088160E+06 -.16480140E-01  .25967990E+04
 .40651310E+04  .18598920E+07  .47053920E+03  .48750040E+04  .23793460E+07  .18589650E+03
 .10000000E+02  .26000000E+02  .20000000E+01  .14000000E+02  .15000000E+02  .72830040E+04
 .47053920E+03  .64132310E+03  .18598920E+07  .17539510E+06 -.47091400E+00  .30268740E+05
 .49631870E+03  .63979570E+03  .18240170E+07  .22264560E+06 -.44928400E+00  .19124670E+05
 .52080710E+03  .63757900E+03  .17882470E+07  .27470920E+06 -.42482180E+00  .13988430E+05
 .54383730E+03  .63471680E+03  .17526200E+07  .32370780E+06 -.39705650E+00  .11269120E+05
 .56519820E+03  .63131450E+03  .17171690E+07  .36025530E+06 -.36505840E+00  .97543060E+04
 .58463570E+03  .62752920E+03  .16819200E+07  .38057170E+06 -.32842690E+00  .89851040E+04
 .60210020E+03  .62352590E+03  .16468900E+07  .42379330E+06 -.30683400E+00  .82657380E+04
 .61937340E+03  .61901870E+03  .16123150E+07  .50360590E+06 -.30051560E+00  .74108370E+04
 .63578770E+03  .61420540E+03  .15777840E+07  .56297740E+06 -.28598880E+00  .69584200E+04
 .65143070E+03  .60914400E+03  .15435290E+07  .62274550E+06 -.27289070E+00  .65924780E+04
 .65143070E+03  .60914400E+03  .15435290E+07  .62274550E+06 -.27289070E+00  .65924780E+04
 .69001450E+03  .59459810E+03  .14532320E+07  .78512120E+06 -.24252530E+00  .58875980E+04
 .72442800E+03  .57899410E+03  .13652020E+07  .95122130E+06 -.21701470E+00  .54301450E+04
 .75530690E+03  .56272470E+03  .12795670E+07  .11195320E+07 -.19527440E+00  .51170510E+04
 .78316490E+03  .54608840E+03  .11964030E+07  .12864000E+07 -.17662710E+00  .48931900E+04
 .80841880E+03  .52930700E+03  .11157470E+07  .14476820E+07 -.16045670E+00  .47271370E+04
 .83139920E+03  .51254330E+03  .10376100E+07  .16001370E+07 -.14623630E+00  .46005300E+04
 .85236680E+03  .49591880E+03  .96197730E+06  .17418840E+07 -.13356250E+00  .45021310E+04
 .87153050E+03  .47952350E+03  .88882250E+06  .18721710E+07 -.12214220E+00  .44245390E+04
 .88906120E+03  .46342410E+03  .81810550E+06  .19909070E+07 -.11175860E+00  .43625650E+04
 .90510130E+03  .44766870E+03  .74977810E+06  .20982500E+07 -.10224130E+00  .43124960E+04
 .91976970E+03  .43229130E+03  .68378590E+06  .21943470E+07 -.93446210E-01  .42717350E+04
 .93316500E+03  .41731580E+03  .62007060E+06  .22791970E+07 -.85246970E-01  .42385330E+04
 .94536790E+03  .40275850E+03  .55857030E+06  .23525810E+07 -.77530720E-01  .42117150E+04
 .95644320E+03  .38863010E+03  .49922160E+06  .24140110E+07 -.70196460E-01  .41904010E+04
 .96644130E+03  .37493690E+03  .44195950E+06  .24626790E+07 -.63152720E-01  .41737780E+04
 .97539940E+03  .36168050E+03  .38671860E+06  .24973810E+07 -.56314380E-01  .41609580E+04
 .98334190E+03  .34885870E+03  .33343360E+06  .25164550E+07 -.49600640E-01  .41509920E+04
 .99028220E+03  .33646540E+03  .28203960E+06  .25177700E+07 -.42940060E-01  .41430290E+04
 .99622400E+03  .32449180E+03  .23247300E+06  .24987500E+07 -.36281950E-01  .41364650E+04
 .10011650E+04  .31292760E+03  .18467160E+06  .24563300E+07 -.29577790E-01  .41307530E+04
 .10050880E+04  .30176080E+03  .13857480E+06  .23871150E+07 -.22687450E-01  .41252630E+04
 .10079450E+04  .29097860E+03  .94124110E+05  .22887620E+07 -.15274080E-01  .41199410E+04
 .10096150E+04  .28056950E+03  .51262610E+05  .21626620E+07 -.67388940E-02  .41157950E+04
 .10098620E+04  .27052620E+03  .99349770E+04  .20170700E+07  .39126910E-02  .41148230E+04
 .10082570E+04  .26084730E+03 -.29913450E+05  .18705270E+07  .18276540E-01  .41210500E+04
 .21252220E-02  .64132310E+03  .18598920E+07  .19866930E-09 -.40180550E-05  .30268740E+05
 .53793370E-02  .64132310E+03  .23793460E+07  .37000590E-09 -.40180550E-05  .54093310E+05
 .18589650E+03  .64132310E+03  .23793460E+07  .15211560E+06 -.19010940E+00  .54093310E+05
 .17569440E+03  .64212530E+03  .24152810E+07  .15943530E+06 -.17451750E+00  .38036390E+05
 .16632180E+03  .64322310E+03  .24512690E+07  .16708780E+06 -.16046280E+00  .28703850E+05
 .15769640E+03  .64464390E+03  .24873280E+07  .17496250E+06 -.14781140E+00  .22691060E+05
 .14974350E+03  .64641360E+03  .25234760E+07  .18293700E+06 -.13641480E+00  .18537230E+05
 .14239740E+03  .64855800E+03  .25597340E+07  .19088800E+06 -.12611830E+00  .15519320E+05
 .13560060E+03  .65110270E+03  .25961220E+07  .19870990E+06 -.11677080E+00  .13242970E+05
 .12927580E+03  .65408120E+03  .26326160E+07  .20606090E+06 -.10829180E+00  .11117630E+05
 .12343450E+03  .65757810E+03  .26693400E+07  .21453870E+06 -.10047420E+00  .99407220E+04
 .11800630E+03  .66150290E+03  .27062720E+07  .22365920E+06 -.93530390E-01  .89211020E+04
 .11294420E+03  .66589860E+03  .27434370E+07  .23348800E+06 -.87384240E-01  .80240070E+04
 .10820660E+03  .67081460E+03  .27808630E+07  .24398810E+06 -.81920230E-01  .72333820E+04
 .10375870E+03  .67630230E+03  .28185790E+07  .25506840E+06 -.77016460E-01  .65408850E+04
 .99572330E+02  .68241050E+03  .28566200E+07  .26661940E+06 -.72563390E-01  .59401580E+04
 .99572330E+02  .68241050E+03  .28566200E+07  .26661940E+06 -.72563390E-01  .59401580E+04
 .91382570E+02  .69777530E+03  .29393990E+07  .29249760E+06 -.64156420E-01  .49284750E+04
 .84129810E+02  .71644480E+03  .30242190E+07  .31931330E+06 -.56884200E-01  .42225430E+04
 .77695010E+02  .73849840E+03  .31114810E+07  .34658480E+06 -.50501020E-01  .37326280E+04
 .71977460E+02  .76391850E+03  .32015930E+07  .37411790E+06 -.44920820E-01  .33834210E+04
 .66884570E+02  .79267530E+03  .32949550E+07  .40191310E+06 -.40075550E-01  .31278900E+04
 .62333940E+02  .82470850E+03  .33919660E+07  .42997980E+06 -.35864960E-01  .29425480E+04
 .58255650E+02  .85987910E+03  .34930110E+07  .45827940E+06 -.32188660E-01  .28136590E+04
 .54590210E+02  .89797990E+03  .35984540E+07  .48678120E+06 -.28974300E-01  .27285790E+04
 .51285320E+02  .93879890E+03  .37086350E+07  .51550880E+06 -.26172520E-01  .26747240E+04
 .48294010E+02  .98217550E+03  .38238680E+07  .54453840E+06 -.23740690E-01  .26414630E+04
 .45574510E+02  .10280190E+04  .39444560E+07  .57397500E+06 -.21634950E-01  .26212130E+04
 .43090360E+02  .10763000E+04  .40706900E+07  .60393630E+06 -.19810940E-01  .26091560E+04
 .40810280E+02  .11270310E+04  .42028660E+07  .63454670E+06 -.18227060E-01  .26023850E+04
 .38707730E+02  .11802570E+04  .43412780E+07  .66593860E+06 -.16846740E-01  .25990780E+04
 .40841250E+04  .18725100E+07  .46275790E+03  .48498000E+04  .23642300E+07  .19212150E+03
 .10000000E+02  .26000000E+02  .20000000E+01  .14000000E+02  .15000000E+02  .72578000E+04
 .46275790E+03  .64213230E+03  .18725100E+07  .16499970E+06 -.47205620E+00  .34796590E+05
 .48867560E+03  .64077280E+03  .18365850E+07  .20901030E+06 -.45294540E+00  .21166140E+05
 .51342920E+03  .63873510E+03  .18007560E+07  .25997540E+06 -.43062700E+00  .15047380E+05
 .53684670E+03  .63603660E+03  .17650590E+07  .31158350E+06 -.40510740E+00  .11850690E+05
 .55872370E+03  .63276150E+03  .17295300E+07  .35384160E+06 -.37544300E+00  .10061930E+05
 .57880410E+03  .62904790E+03  .16941980E+07  .37982480E+06 -.34087600E+00  .90944580E+04
 .59684050E+03  .62508330E+03  .16590820E+07  .39560610E+06 -.30426250E+00  .86728020E+04
 .61402730E+03  .62075090E+03  .16244140E+07  .48615390E+06 -.30496550E+00  .75630140E+04
 .63067830E+03  .61601360E+03  .15897830E+07  .54531860E+06 -.29001580E+00  .70810050E+04
 .64653780E+03  .61101910E+03  .15554250E+07  .60488430E+06 -.27661290E+00  .66935800E+04
 .64653780E+03  .61101910E+03  .15554250E+07  .60488430E+06 -.27661290E+00  .66935800E+04
 .68563550E+03  .59661250E+03  .14648360E+07  .76665970E+06 -.24569540E+00  .59520040E+04
 .72049220E+03  .58109880E+03  .13764970E+07  .93221810E+06 -.21976390E+00  .54735240E+04
 .75175540E+03  .56488060E+03  .12905410E+07  .11003580E+07 -.19765720E+00  .51475520E+04
 .77994690E+03  .54826590E+03  .12070520E+07  .12675940E+07 -.17870180E+00  .49154840E+04
 .80549270E+03  .53148400E+03  .11260700E+07  .14297360E+07 -.16228330E+00  .47439440E+04
 .82873170E+03  .51470370E+03  .10476070E+07  .15833780E+07 -.14786520E+00  .46134760E+04
 .84993120E+03  .49805030E+03  .97165230E+06  .17264730E+07 -.13503130E+00  .45122480E+04
 .86930500E+03  .48161710E+03  .89818050E+06  .18581550E+07 -.12347840E+00  .44325390E+04
 .88702760E+03  .46547330E+03  .82715270E+06  .19782780E+07 -.11298340E+00  .43689610E+04
 .90324410E+03  .44966880E+03  .75852150E+06  .20869870E+07 -.10337210E+00  .43176550E+04
 .91807610E+03  .43423920E+03  .69223330E+06  .21844440E+07 -.94498810E-01  .42759060E+04
 .93162430E+03  .41920920E+03  .62822980E+06  .22706700E+07 -.86235460E-01  .42418790E+04
 .94397150E+03  .40459590E+03  .56644970E+06  .23454770E+07 -.78467980E-01  .42143480E+04
 .95518430E+03  .39041080E+03  .50682960E+06  .24084130E+07 -.71094240E-01  .41924120E+04
 .96531480E+03  .37666050E+03  .44930470E+06  .24587130E+07 -.64021960E-01  .41752610E+04
 .97440170E+03  .36334710E+03  .39380960E+06  .24952240E+07 -.57165560E-01  .41620200E+04
 .98247130E+03  .35046900E+03  .34027880E+06  .25163420E+07 -.50443840E-01  .41517450E+04
 .98953790E+03  .33802030E+03  .28864740E+06  .25199880E+07 -.43783770E-01  .41435590E+04
 .99560680E+03  .32599260E+03  .23885160E+06  .25036400E+07 -.37132050E-01  .41368310E+04
 .10006760E+04  .31437590E+03  .19082910E+06  .24642910E+07 -.30443930E-01  .41310250E+04
 .10047320E+04  .30315810E+03  .14451890E+06  .23985390E+07 -.23598180E-01  .41254890E+04
 .10077320E+04  .29232630E+03  .99862360E+05  .23037770E+07 -.16286890E-01  .41200310E+04
 .10095680E+04  .28186880E+03  .56802340E+05  .21807580E+07 -.79490220E-02  .41155010E+04
 .10100200E+04  .27177740E+03  .15283410E+05  .20367060E+07  .23503540E-02  .41137030E+04
 .10086900E+04  .26204940E+03 -.24749040E+05  .18886970E+07  .16127360E-01  .41181860E+04
 .21609570E-02  .64213230E+03  .18725100E+07  .20339070E-09 -.39756860E-05  .34796590E+05
 .52050400E-02  .64213230E+03  .23642300E+07  .36588150E-09 -.39756860E-05  .62128630E+05
 .19212150E+03  .64213230E+03  .23642300E+07  .14974850E+06 -.19876310E+00  .62128630E+05
 .18145640E+03  .64284190E+03  .24002080E+07  .15684530E+06 -.18240530E+00  .42580320E+05
 .17166270E+03  .64383300E+03  .24362340E+07  .16431000E+06 -.16762150E+00  .31585150E+05
 .16265560E+03  .64513400E+03  .24723230E+07  .17203900E+06 -.15429240E+00  .24661570E+05
 .15435740E+03  .64677150E+03  .25084950E+07  .17991860E+06 -.14227830E+00  .19961010E+05
 .14669870E+03  .64877150E+03  .25447690E+07  .18783320E+06 -.13143030E+00  .16592320E+05
 .13961820E+03  .65115930E+03  .25811650E+07  .19568000E+06 -.12159900E+00  .14078670E+05
 .13306320E+03  .65396000E+03  .26177060E+07  .20339290E+06 -.11264370E+00  .12144970E+05
 .12695790E+03  .65725650E+03  .26543690E+07  .21110210E+06 -.10456890E+00  .10400420E+05
 .12131150E+03  .66100760E+03  .26912780E+07  .22002030E+06 -.97231890E-01  .93239660E+04
 .11605220E+03  .66521140E+03  .27284100E+07  .22963460E+06 -.90732160E-01  .83797860E+04
 .11113590E+03  .66991520E+03  .27657910E+07  .23993330E+06 -.84961170E-01  .75472660E+04
 .10652530E+03  .67516990E+03  .28034510E+07  .25083920E+06 -.79796200E-01  .68161200E+04
 .10218960E+03  .68102540E+03  .28414210E+07  .26224760E+06 -.75122400E-01  .61794820E+04
 .10218960E+03  .68102540E+03  .28414210E+07  .26224760E+06 -.75122400E-01  .61794820E+04
 .93716150E+02  .69579600E+03  .29239990E+07  .28791610E+06 -.66344960E-01  .51010080E+04
 .86218380E+02  .71383050E+03  .30085430E+07  .31462300E+06 -.58789360E-01  .43443460E+04
 .79569720E+02  .73523990E+03  .30954540E+07  .34184380E+06 -.52164700E-01  .38197560E+04
 .73665790E+02  .76001680E+03  .31851350E+07  .36933770E+06 -.46367340E-01  .34478970E+04
 .68411000E+02  .78813370E+03  .32779910E+07  .39708970E+06 -.41332400E-01  .31763270E+04
 .63719410E+02  .81954210E+03  .33744190E+07  .42511950E+06 -.36962240E-01  .29782340E+04
 .59517740E+02  .85412070E+03  .34748080E+07  .45339400E+06 -.33151080E-01  .28390210E+04
 .55744010E+02  .89167240E+03  .35795270E+07  .48187450E+06 -.29819270E-01  .27461170E+04
 .52344090E+02  .93198160E+03  .36889200E+07  .51057230E+06 -.26913480E-01  .26867940E+04
 .49269480E+02  .97487610E+03  .38033060E+07  .53955440E+06 -.24390110E-01  .26499090E+04
 .46476930E+02  .10202530E+04  .39229890E+07  .56892210E+06 -.22205040E-01  .26272760E+04
 .43928550E+02  .10680710E+04  .40482640E+07  .59879140E+06 -.20313200E-01  .26136040E+04
 .41591750E+02  .11183390E+04  .41794240E+07  .62928570E+06 -.18671720E-01  .26056890E+04
 .39438850E+02  .11710940E+04  .43167650E+07  .66053580E+06 -.17242530E-01  .26015490E+04
 .41048350E+04  .18862530E+07  .45422700E+03  .48223040E+04  .23475860E+07  .19906690E+03
 .10000000E+02  .26000000E+02  .20000000E+01  .14000000E+02  .15000000E+02  .72303040E+04
 .45422700E+03  .64293450E+03  .18862530E+07  .15497650E+06 -.47244770E+00  .41049970E+05
 .48025090E+03  .64175150E+03  .18502790E+07  .19500570E+06 -.45616660E+00  .23906660E+05
 .50524760E+03  .63991160E+03  .18143890E+07  .24350850E+06 -.43605950E+00  .16451440E+05
 .52903270E+03  .63740360E+03  .17786210E+07  .29624590E+06 -.41284630E+00  .12623450E+05
 .55141310E+03  .63428660E+03  .17430110E+07  .34376420E+06 -.38570450E+00  .10488040E+05
 .57213920E+03  .63067790E+03  .17075900E+07  .37661300E+06 -.35363700E+00  .92881470E+04
 .59092550E+03  .62674800E+03  .16723810E+07  .39313280E+06 -.31668180E+00  .87291810E+04
 .60807900E+03  .62259810E+03  .16376160E+07  .46700350E+06 -.31004010E+00  .77430960E+04
 .62499860E+03  .61794850E+03  .16028790E+07  .52593950E+06 -.29456800E+00  .72247790E+04
 .64110220E+03  .61303080E+03  .15684110E+07  .58529040E+06 -.28079550E+00  .68114710E+04
 .64110220E+03  .61303080E+03  .15684110E+07  .58529040E+06 -.28079550E+00  .68114710E+04
 .68077500E+03  .59878540E+03  .14775070E+07  .74642840E+06 -.24923470E+00  .60264780E+04
 .71612620E+03  .58337770E+03  .13888330E+07  .91137030E+06 -.22283120E+00  .55234200E+04
 .74781810E+03  .56722110E+03  .13025310E+07  .10792570E+07 -.20031440E+00  .51824610E+04
 .77638120E+03  .55063430E+03  .12186880E+07  .12468200E+07 -.18101200E+00  .49408890E+04
 .80225170E+03  .53385530E+03  .11373500E+07  .14098430E+07 -.16431300E+00  .47630380E+04
 .82577780E+03  .51705930E+03  .10585320E+07  .15647500E+07 -.14967160E+00  .46281530E+04
 .84723440E+03  .50037630E+03  .98222660E+06  .17093070E+07 -.13665770E+00  .45237040E+04
 .86684060E+03  .48390340E+03  .90840880E+06  .18425140E+07 -.12495600E+00  .44415900E+04
 .88477520E+03  .46771220E+03  .83704150E+06  .19641560E+07 -.11433610E+00  .43761920E+04
 .90118660E+03  .45185500E+03  .76807840E+06  .20743640E+07 -.10461970E+00  .43234850E+04
 .91619890E+03  .43636900E+03  .70146640E+06  .21733070E+07 -.95658500E-01  .42806250E+04
 .92991530E+03  .42128000E+03  .63714780E+06  .22610340E+07 -.87322960E-01  .42456770E+04
 .94242120E+03  .40660620E+03  .57506160E+06  .23373870E+07 -.79497550E-01  .42173520E+04
 .95378500E+03  .39235940E+03  .51514460E+06  .24019550E+07 -.72078850E-01  .41947230E+04
 .96406050E+03  .37854690E+03  .45733210E+06  .24540160E+07 -.64973590E-01  .41769810E+04
 .97328840E+03  .36517150E+03  .40155870E+06  .24924750E+07 -.58095690E-01  .41632670E+04
 .98149650E+03  .35223190E+03  .34775880E+06  .25157880E+07 -.51363520E-01  .41526390E+04
 .98870100E+03  .33972290E+03  .29586760E+06  .25219380E+07 -.44702530E-01  .41442020E+04
 .99490800E+03  .32763620E+03  .24582080E+06  .25084580E+07 -.38056460E-01  .41372900E+04
 .10001170E+04  .31596200E+03  .19755610E+06  .24724050E+07 -.31382970E-01  .41313740E+04
 .10043170E+04  .30468840E+03  .15101220E+06  .24103950E+07 -.24579150E-01  .41257950E+04
 .10074700E+04  .29380270E+03  .10613010E+06  .23195760E+07 -.17367790E-01  .41202260E+04
 .10094810E+04  .28329250E+03  .62852630E+05  .22000590E+07 -.92271490E-02  .41153460E+04
 .10101490E+04  .27314900E+03  .21124060E+05  .20580030E+07  .71600430E-03  .41127740E+04
 .10091060E+04  .26336800E+03 -.19110180E+05  .19089430E+07  .13891040E-01  .41156140E+04
 .22015420E-02  .64293450E+03  .18862530E+07  .20999520E-09 -.39331250E-05  .41049970E+05
 .50234360E-02  .64293450E+03  .23475860E+07  .36318600E-09 -.39331250E-05  .73179620E+05
 .19906690E+03  .64293450E+03  .23475860E+07  .14718090E+06 -.20849780E+00  .73179620E+05
 .18788010E+03  .64354850E+03  .23836060E+07  .15402330E+06 -.19130530E+00  .48598710E+05
 .17761070E+03  .64442800E+03  .24196680E+07  .16127310E+06 -.17571740E+00  .35304340E+05
 .16817170E+03  .64560250E+03  .24557870E+07  .16883210E+06 -.16163290E+00  .27154890E+05
 .15948220E+03  .64709970E+03  .24919820E+07  .17659400E+06 -.14892470E+00  .21733060E+05
 .15146910E+03  .64894590E+03  .25282690E+07  .18444930E+06 -.13745120E+00  .17909070E+05
 .14406730E+03  .65116640E+03  .25646710E+07  .19229740E+06 -.12706650E+00  .15091820E+05
 .13721990E+03  .65378660E+03  .26012070E+07  .20006560E+06 -.11762930E+00  .12946120E+05
 .13085210E+03  .65684870E+03  .26378540E+07  .20737270E+06 -.10919460E+00  .10935750E+05
 .12495930E+03  .66041610E+03  .26747350E+07  .21607640E+06 -.10141250E+00  .97908490E+04
 .11947750E+03  .66441710E+03  .27118290E+07  .22544980E+06 -.94506670E-01  .87915980E+04
 .11436000E+03  .66889640E+03  .27491590E+07  .23551500E+06 -.88380050E-01  .79110490E+04
 .10956670E+03  .67390390E+03  .27867550E+07  .24621390E+06 -.82911340E-01  .71359790E+04
 .10506390E+03  .67949000E+03  .28246470E+07  .25744980E+06 -.77981090E-01  .64585370E+04
 .10506390E+03  .67949000E+03  .28246470E+07  .25744980E+06 -.77981090E-01  .64585370E+04
 .96274440E+02  .69362020E+03  .29070030E+07  .28285960E+06 -.68777080E-01  .53034480E+04
 .88504730E+02  .71096170E+03  .29912450E+07  .30942650E+06 -.60902080E-01  .44873970E+04
 .81618900E+02  .73166310E+03  .30777680E+07  .33658240E+06 -.54010580E-01  .39214310E+04
 .75508100E+02  .75573260E+03  .31669790E+07  .36403190E+06 -.47973260E-01  .35225680E+04
 .70073640E+02  .78314460E+03  .32592780E+07  .39173450E+06 -.42726480E-01  .32323500E+04
 .65225820E+02  .81386100E+03  .33550660E+07  .41971850E+06 -.38177330E-01  .30196920E+04
 .60887620E+02  .84778000E+03  .34547330E+07  .44796060E+06 -.34215640E-01  .28686230E+04
 .56994130E+02  .88471800E+03  .35586540E+07  .47641570E+06 -.30753520E-01  .27665900E+04
 .53489150E+02  .92445820E+03  .36671770E+07  .50508110E+06 -.27732380E-01  .27007990E+04
 .50322520E+02  .96681650E+03  .37806280E+07  .53401330E+06 -.25107140E-01  .26596030E+04
 .47449370E+02  .10116750E+04  .38993130E+07  .56330800E+06 -.22833470E-01  .26341500E+04
 .44830250E+02  .10589840E+04  .40235280E+07  .59307930E+06 -.20865690E-01  .26185930E+04
 .42431140E+02  .11087400E+04  .41535670E+07  .62344900E+06 -.19159690E-01  .26093590E+04
 .40223050E+02  .11609780E+04  .42897250E+07  .65454660E+06 -.17675770E-01  .26042670E+04
 .41278880E+04  .19015280E+07  .44467230E+03  .47917480E+04  .23289130E+07  .20697930E+03
 .10000000E+02  .26000000E+02  .20000000E+01  .14000000E+02  .15000000E+02  .71997480E+04
 .44467230E+03  .64372970E+03  .19015280E+07  .14545020E+06 -.47191060E+00  .50205420E+05
 .47076610E+03  .64273190E+03  .18655050E+07  .18083480E+06 -.45895900E+00  .27773940E+05
 .49598720E+03  .64111180E+03  .18295540E+07  .22549280E+06 -.44120400E+00  .18396110E+05
 .52012400E+03  .63882670E+03  .17937130E+07  .27745880E+06 -.42031370E+00  .13689480E+05
 .54299590E+03  .63590660E+03  .17580170E+07  .32903060E+06 -.39584790E+00  .11088670E+05
 .56437010E+03  .63244400E+03  .17225010E+07  .36940550E+06 -.36664040E+00  .96002560E+04
 .58395700E+03  .62858640E+03  .16871910E+07  .39233990E+06 -.33198890E+00  .88180650E+04
 .60151560E+03  .62452620E+03  .16521030E+07  .41051880E+06 -.29785270E+00  .84610910E+04
 .61853560E+03  .62005430E+03  .16174710E+07  .50420230E+06 -.29986380E+00  .73989410E+04
 .63492190E+03  .61522740E+03  .15828820E+07  .56331910E+06 -.28562340E+00  .69532070E+04
 .63492190E+03  .61522740E+03  .15828820E+07  .56331910E+06 -.28562340E+00  .69532070E+04
 .67525510E+03  .60117320E+03  .14916330E+07  .72377400E+06 -.25328310E+00  .61150730E+04
 .71117140E+03  .58589310E+03  .14025910E+07  .88800790E+06 -.22633510E+00  .55824150E+04
 .74335280E+03  .56981270E+03  .13159050E+07  .10555360E+07 -.20334840E+00  .52235060E+04
 .77234010E+03  .55326270E+03  .12316700E+07  .12233680E+07 -.18364560E+00  .49706110E+04
 .79858030E+03  .53649110E+03  .11499370E+07  .13872980E+07 -.16662170E+00  .47852930E+04
 .82243260E+03  .51968100E+03  .10707250E+07  .15435740E+07 -.15172170E+00  .46452210E+04
 .84418050E+03  .50296760E+03  .99402800E+06  .16897460E+07 -.13849990E+00  .45370060E+04
 .86404990E+03  .48645220E+03  .91982450E+06  .18246540E+07 -.12662720E+00  .44520860E+04
 .88222410E+03  .47020970E+03  .84807870E+06  .19479990E+07 -.11586410E+00  .43845690E+04
 .89885530E+03  .45429500E+03  .77874520E+06  .20598850E+07 -.10602700E+00  .43302380E+04
 .91407090E+03  .43874690E+03  .71177180E+06  .21604890E+07 -.96964780E-01  .42860950E+04
 .92797690E+03  .42359290E+03  .64710140E+06  .22498880E+07 -.88546000E-01  .42500920E+04
 .94066100E+03  .40885200E+03  .58467330E+06  .23279580E+07 -.80653480E-01  .42208620E+04
 .95219400E+03  .39453690E+03  .52442450E+06  .23943290E+07 -.73182330E-01  .41974440E+04
 .96263200E+03  .38065550E+03  .46629050E+06  .24483310E+07 -.66038100E-01  .41790270E+04
 .97201750E+03  .36721120E+03  .41020600E+06  .24889270E+07 -.59134040E-01  .41647660E+04
 .98038010E+03  .35420330E+03  .35610530E+06  .25146450E+07 -.52388070E-01  .41537280E+04
 .98773800E+03  .34162700E+03  .30392340E+06  .25235360E+07 -.45724190E-01  .41450000E+04
 .99409840E+03  .32947460E+03  .25359600E+06  .25131920E+07 -.39082870E-01  .41378740E+04
 .99946190E+03  .31773620E+03  .20506030E+06  .24807470E+07 -.32422620E-01  .41318260E+04
 .10038200E+04  .30640060E+03  .15825500E+06  .24228510E+07 -.25658100E-01  .41262020E+04
 .10071420E+04  .29545460E+03  .11312070E+06  .23364400E+07 -.18544920E-01  .41205470E+04
 .10093430E+04  .28488590E+03  .69599790E+05  .22209760E+07 -.10603190E-01  .41153550E+04
 .10102420E+04  .27468440E+03  .27636560E+05  .20814970E+07 -.10241790E-02  .41120590E+04
 .10095030E+04  .26484520E+03 -.12823650E+05  .19318980E+07  .11526430E-01  .41133470E+04
 .22488470E-02  .64372970E+03  .19015280E+07  .21910890E-09 -.38902110E-05  .50205420E+05
 .48314010E-02  .64372970E+03  .23289130E+07  .36240430E-09 -.38902110E-05  .89330840E+05
 .20697930E+03  .64372970E+03  .23289130E+07  .14437750E+06 -.21966650E+00  .89330840E+05
 .19519290E+03  .64424510E+03  .23649760E+07  .15091980E+06 -.20155410E+00  .56995650E+05
 .18437490E+03  .64500670E+03  .24010730E+07  .15791450E+06 -.18506670E+00  .40335410E+05
 .17443650E+03  .64604610E+03  .24372210E+07  .16526840E+06 -.17012640E+00  .30449090E+05
 .16529390E+03  .64739230E+03  .24734360E+07  .17288030E+06 -.15662340E+00  .24029550E+05
 .15687030E+03  .64907230E+03  .25097360E+07  .18064620E+06 -.14442690E+00  .19587820E+05
 .14909630E+03  .65111210E+03  .25461390E+07  .18846710E+06 -.13339640E+00  .16365500E+05
 .14191070E+03  .65353660E+03  .25826670E+07  .19626440E+06 -.12339130E+00  .13941310E+05
 .13525980E+03  .65637040E+03  .26193430E+07  .20400020E+06 -.11428060E+00  .12065570E+05
 .12906630E+03  .65969910E+03  .26561420E+07  .21173150E+06 -.10624230E+00  .10346620E+05
 .12332750E+03  .66348270E+03  .26931890E+07  .22083380E+06 -.98860790E-01  .92804250E+04
 .11797830E+03  .66772140E+03  .27304600E+07  .23062460E+06 -.92312660E-01  .83430630E+04
 .11297510E+03  .67246300E+03  .27679830E+07  .24107320E+06 -.86481750E-01  .75167810E+04
 .10828120E+03  .67775790E+03  .28057860E+07  .25209590E+06 -.81245380E-01  .67919240E+04
 .10828120E+03  .67775790E+03  .28057860E+07  .25209590E+06 -.81245380E-01  .67919240E+04
 .99132120E+02  .69118860E+03  .28878930E+07  .27717880E+06 -.71536180E-01  .55471110E+04
 .91054490E+02  .70776170E+03  .29717980E+07  .30356150E+06 -.63291260E-01  .46600460E+04
 .83900470E+02  .72767070E+03  .30578900E+07  .33063030E+06 -.56098420E-01  .40434520E+04
 .77555560E+02  .75094710E+03  .31465730E+07  .35802780E+06 -.49791560E-01  .36113740E+04
 .71917670E+02  .77756840E+03  .32382510E+07  .38567370E+06 -.44303990E-01  .32987660E+04
 .66893220E+02  .80750440E+03  .33333220E+07  .41360120E+06 -.39549830E-01  .30690450E+04
 .62400910E+02  .84067420E+03  .34321810E+07  .44180070E+06 -.35416420E-01  .29040730E+04
 .58372380E+02  .87691210E+03  .35352070E+07  .47022390E+06 -.31806730E-01  .27911500E+04
 .54748990E+02  .91600380E+03  .36427550E+07  .49885360E+06 -.28655230E-01  .27175130E+04
 .51478690E+02  .95775350E+03  .37551540E+07  .52773240E+06 -.25914490E-01  .26710450E+04
 .48514870E+02  .10020280E+04  .38727160E+07  .55694890E+06 -.23539920E-01  .26421550E+04
 .45816310E+02  .10487610E+04  .39957390E+07  .58661410E+06 -.21485400E-01  .26243260E+04
 .43347390E+02  .10979430E+04  .41245170E+07  .61684840E+06 -.19705600E-01  .26135290E+04
 .41077640E+02  .11495990E+04  .42593440E+07  .64777970E+06 -.18159120E-01  .26073220E+04
 .41543200E+04  .19190090E+07  .43363970E+03  .47568760E+04  .23073980E+07  .21626790E+03
 .10000000E+02  .26000000E+02  .20000000E+01  .14000000E+02  .15000000E+02  .71648760E+04
 .43363970E+03  .64451790E+03  .19190090E+07  .13656590E+06 -.47006040E+00  .64805370E+05
 .45975420E+03  .64371490E+03  .18829360E+07  .16668910E+06 -.46125660E+00  .33648900E+05
 .48518420E+03  .64233990E+03  .18469240E+07  .20613380E+06 -.44620640E+00  .21268540E+05
 .50966550E+03  .64031870E+03  .18110070E+07  .25506190E+06 -.42764460E+00  .15246480E+05
 .53302260E+03  .63764620E+03  .17752210E+07  .30850570E+06 -.40593780E+00  .11972800E+05
 .55505010E+03  .63438510E+03  .17396010E+07  .35614760E+06 -.37992760E+00  .10093160E+05
 .57547250E+03  .63065560E+03  .17041780E+07  .38806880E+06 -.34848140E+00  .90326620E+04
 .59397730E+03  .62663390E+03  .16689730E+07  .40313830E+06 -.31176860E+00  .85662750E+04
 .61093230E+03  .62240190E+03  .16342160E+07  .47905760E+06 -.30628460E+00  .76199530E+04
 .62765950E+03  .61768650E+03  .15994930E+07  .53790730E+06 -.29141580E+00  .71312290E+04
 .62765950E+03  .61768650E+03  .15994930E+07  .53790730E+06 -.29141580E+00  .71312290E+04
 .66877860E+03  .60386800E+03  .15078570E+07  .69761740E+06 -.25807690E+00  .62248080E+04
 .70536310E+03  .58874730E+03  .14183970E+07  .86102650E+06 -.23047460E+00  .56549500E+04
 .73812270E+03  .57276460E+03  .13312750E+07  .10280520E+07 -.20693060E+00  .52736470E+04
 .76761040E+03  .55626460E+03  .12465940E+07  .11960720E+07 -.18674990E+00  .50067060E+04
 .79428590E+03  .53950750E+03  .11644090E+07  .13609410E+07 -.16933600E+00  .48121970E+04
 .81852120E+03  .52268550E+03  .10847440E+07  .15187260E+07 -.15412570E+00  .46657930E+04
 .84061050E+03  .50594070E+03  .10075990E+07  .16667290E+07 -.14065530E+00  .45530110E+04
 .86078740E+03  .48937920E+03  .93295300E+06  .18035910E+07 -.12857910E+00  .44646970E+04
 .87924130E+03  .47307990E+03  .86077230E+06  .19289020E+07 -.11764590E+00  .43946230E+04
 .89612870E+03  .45710050E+03  .79101300E+06  .20427250E+07 -.10766560E+00  .43383360E+04
 .91158080E+03  .44148240E+03  .72362400E+06  .21452440E+07 -.98483320E-01  .42926600E+04
 .92570690E+03  .42625470E+03  .65854880E+06  .22365620E+07 -.89965270E-01  .42554040E+04
 .93859760E+03  .41143760E+03  .59572710E+06  .23165960E+07 -.81992350E-01  .42251080E+04
 .95032650E+03  .39704460E+03  .53509630E+06  .23850210E+07 -.74457900E-01  .42007620E+04
 .96095210E+03  .38308450E+03  .47659200E+06  .24412230E+07 -.67266030E-01  .41815460E+04
 .97051910E+03  .36956140E+03  .42014910E+06  .24842340E+07 -.60329080E-01  .41666320E+04
 .97905940E+03  .35647510E+03  .36570180E+06  .25126600E+07 -.53564470E-01  .41551000E+04
 .98659310E+03  .34382170E+03  .31318490E+06  .25246310E+07 -.46894810E-01  .41460200E+04
 .99312950E+03  .33159380E+03  .26253400E+06  .25178150E+07 -.40256970E-01  .41386400E+04
 .99866970E+03  .31978190E+03  .21368590E+06  .24894260E+07 -.33608610E-01  .41324260E+04
 .10032080E+04  .30837470E+03  .16657920E+06  .24361750E+07 -.26880700E-01  .41267480E+04
 .10067200E+04  .29735960E+03  .12115390E+06  .23548210E+07 -.19864490E-01  .41210360E+04
 .10091320E+04  .28672370E+03  .77352330E+05  .22441700E+07 -.12125940E-01  .41155710E+04
 .10102850E+04  .27645630E+03  .35118390E+05  .21080590E+07 -.29250360E-02  .41115960E+04
 .10098760E+04  .26655100E+03 -.56026530E+04  .19585990E+07  .89670460E-02  .41114110E+04
 .23060620E-02  .64451790E+03  .19190090E+07  .23186740E-09 -.38466660E-05  .64805370E+05
 .46238960E-02  .64451790E+03  .23073980E+07  .36442310E-09 -.38466660E-05  .11512780E+06
 .21626790E+03  .64451790E+03  .23073980E+07  .14128190E+06 -.23284800E+00  .11512780E+06
 .20377200E+03  .64493100E+03  .23435010E+07  .14745610E+06 -.21370480E+00  .69625770E+05
 .19230250E+03  .64556710E+03  .23796340E+07  .15413560E+06 -.19619110E+00  .47615730E+05
 .18176910E+03  .64646020E+03  .24158100E+07  .16123070E+06 -.18025910E+00  .35079720E+05
 .17208550E+03  .64764090E+03  .24520430E+07  .16864520E+06 -.16582250E+00  .27182870E+05
 .16317120E+03  .64913780E+03  .24883510E+07  .17627890E+06 -.15276680E+00  .21847880E+05
 .15495230E+03  .65097730E+03  .25247530E+07  .18403430E+06 -.14096060E+00  .18051540E+05
 .14736280E+03  .65318510E+03  .25612680E+07  .19182750E+06 -.13026660E+00  .15239930E+05
 .14034420E+03  .65578580E+03  .25979170E+07  .19960430E+06 -.12055160E+00  .13091510E+05
 .13382620E+03  .65881020E+03  .26346750E+07  .20682720E+06 -.11200440E+00  .11034640E+05
 .12778090E+03  .66235550E+03  .26716660E+07  .21562560E+06 -.10405140E+00  .98822790E+04
 .12215580E+03  .66633080E+03  .27088670E+07  .22508890E+06 -.96987860E-01  .88744330E+04
 .11690360E+03  .67078090E+03  .27463040E+07  .23522680E+06 -.90709570E-01  .79860680E+04
 .11198390E+03  .67575490E+03  .27840040E+07  .24597780E+06 -.85093710E-01  .72042440E+04
 .11198390E+03  .67575490E+03  .27840040E+07  .24597780E+06 -.85093710E-01  .72042440E+04
 .10241260E+03  .68840610E+03  .28658250E+07  .27063280E+06 -.74761950E-01  .58511200E+04
 .93975940E+02  .70410790E+03  .29493440E+07  .29676460E+06 -.66071460E-01  .48765200E+04
 .86510020E+02  .72310710E+03  .30349430E+07  .32370990E+06 -.58526810E-01  .41958120E+04
 .79892620E+02  .74546970E+03  .31230240E+07  .35104260E+06 -.51909500E-01  .37211070E+04
 .74017750E+02  .77117960E+03  .32139900E+07  .37862310E+06 -.46141360E-01  .33803590E+04
 .68787730E+02  .80021240E+03  .33082400E+07  .40648040E+06 -.41145440E-01  .31298760E+04
 .64116440E+02  .83250790E+03  .34061710E+07  .43462260E+06 -.36809850E-01  .29480850E+04
 .59931270E+02  .86792410E+03  .35081670E+07  .46300410E+06 -.33027950E-01  .28217670E+04
 .56170610E+02  .90625410E+03  .36145900E+07  .49159230E+06 -.29724990E-01  .27382770E+04
 .52780170E+02  .94729200E+03  .37257760E+07  .52041280E+06 -.26849690E-01  .26851040E+04
 .49711370E+02  .99088610E+03  .38420420E+07  .54954390E+06 -.24356970E-01  .26518400E+04
 .46921050E+02  .10369540E+04  .39636880E+07  .57909230E+06 -.22200470E-01  .26311560E+04
 .44371680E+02  .10854720E+04  .40910090E+07  .60917640E+06 -.20333710E-01  .26184280E+04
 .42031110E+02  .11364580E+04  .42243000E+07  .63992190E+06 -.18713500E-01  .26108630E+04
 .41860680E+04  .19399530E+07  .42028490E+03  .47153870E+04  .22815420E+07  .22769680E+03
 .10000000E+02  .26000000E+02  .20000000E+01  .14000000E+02  .15000000E+02  .71233870E+04
 .42028490E+03  .64529940E+03  .19399530E+07  .12855100E+06 -.46602720E+00  .91489730E+05
 .44633590E+03  .64470120E+03  .19038310E+07  .15276180E+06 -.46272520E+00  .43701700E+05
 .47195680E+03  .64360350E+03  .18677560E+07  .18559670E+06 -.45125670E+00  .25978110E+05
 .49679210E+03  .64190050E+03  .18317590E+07  .22889640E+06 -.43518070E+00  .17741890E+05
 .52064470E+03  .63954750E+03  .17958750E+07  .28085100E+06 -.41621290E+00  .13384390E+05
 .54334190E+03  .63656790E+03  .17601410E+07  .33382740E+06 -.39368690E+00  .10905880E+05
 .56464400E+03  .63304870E+03  .17245890E+07  .37629240E+06 -.36616350E+00  .94633960E+04
 .58424110E+03  .62913270E+03  .16892470E+07  .40066640E+06 -.33273890E+00  .86944280E+04
 .60183770E+03  .62501610E+03  .16541300E+07  .41458040E+06 -.29682250E+00  .84060630E+04
 .61867410E+03  .62055030E+03  .16194700E+07  .50707200E+06 -.29880130E+00  .73707170E+04
 .61867410E+03  .62055030E+03  .16194700E+07  .50707200E+06 -.29880130E+00  .73707170E+04
 .66078380E+03  .60703920E+03  .15273800E+07  .66594160E+06 -.26406920E+00  .63695210E+04
 .69820130E+03  .59212970E+03  .14374280E+07  .82836510E+06 -.23562730E+00  .57497060E+04
 .73168040E+03  .57627990E+03  .13497880E+07  .99467620E+06 -.21138650E+00  .53386390E+04
 .76179010E+03  .55985170E+03  .12645730E+07  .11627520E+07 -.19060470E+00  .50531520E+04
 .78900540E+03  .54312080E+03  .11818470E+07  .13285950E+07 -.17269650E+00  .48466170E+04
 .81371410E+03  .52629110E+03  .11016410E+07  .14880960E+07 -.15709250E+00  .46920130E+04
 .83622400E+03  .50951360E+03  .10239570E+07  .16382590E+07 -.14330800E+00  .45733590E+04
 .85677900E+03  .49290060E+03  .94877880E+06  .17774680E+07 -.13097600E+00  .44807030E+04
 .87557600E+03  .47653590E+03  .87607450E+06  .19051570E+07 -.11982990E+00  .44073620E+04
 .89277720E+03  .46048120E+03  .80580240E+06  .20213280E+07 -.10967050E+00  .43485870E+04
 .90851840E+03  .44478060E+03  .73791240E+06  .21261620E+07 -.10033780E+00  .43009730E+04
 .92291300E+03  .42946560E+03  .67234890E+06  .22197910E+07 -.91695020E-01  .42621490E+04
 .93605530E+03  .41455780E+03  .60905240E+06  .23021790E+07 -.83620550E-01  .42305280E+04
 .94802220E+03  .40007200E+03  .54796050E+06  .23730530E+07 -.76005540E-01  .42050320E+04
 .95887510E+03  .38601780E+03  .48900920E+06  .24318660E+07 -.68752260E-01  .41848230E+04
 .96866140E+03  .37240030E+03  .43213330E+06  .24777290E+07 -.61771750E-01  .41690870E+04
 .97741600E+03  .35922010E+03  .37726730E+06  .25093410E+07 -.54980750E-01  .41569260E+04
 .98516120E+03  .34647410E+03  .32434560E+06  .25249300E+07 -.48300600E-01  .41473960E+04
 .99190830E+03  .33415530E+03  .27330370E+06  .25222530E+07 -.41664200E-01  .41396950E+04
 .99766040E+03  .32225480E+03  .22407800E+06  .24986200E+07 -.35026300E-01  .41332630E+04
 .10024140E+04  .31076160E+03  .17660680E+06  .24508370E+07 -.28332220E-01  .41275070E+04
 .10061490E+04  .29966320E+03  .13082980E+06  .23755310E+07 -.21412570E-01  .41217650E+04
 .10088070E+04  .28894650E+03  .86688790E+05  .22708430E+07 -.13885880E-01  .41160750E+04
 .10102520E+04  .27860010E+03  .44127360E+05  .21392890E+07 -.50877070E-02  .41114620E+04
 .10102160E+04  .26861620E+03  .30906440E+04  .19909720E+07  .60907970E-02  .41098670E+04
 .23793380E-02  .64529940E+03  .19399530E+07  .25064010E-09 -.38019950E-05  .91489730E+05
 .43918050E-02  .64529940E+03  .22815420E+07  .37105660E-09 -.38019950E-05  .16263590E+06
 .22769680E+03  .64529940E+03  .22815420E+07  .13779540E+06 -.24910960E+00  .16263590E+06
 .21432340E+03  .64560590E+03  .23176870E+07  .14349440E+06 -.22877930E+00  .91015700E+05
 .20204350E+03  .64610640E+03  .23538540E+07  .14976150E+06 -.21005830E+00  .59325980E+05
 .19076700E+03  .64683730E+03  .23900550E+07  .15651140E+06 -.19293600E+00  .42251070E+05
 .18040580E+03  .64783170E+03  .24263040E+07  .16365190E+06 -.17735930E+00  .31920720E+05
 .17087560E+03  .64912000E+03  .24626180E+07  .17108630E+06 -.16323850E+00  .25159080E+05
 .16209800E+03  .65073030E+03  .24990120E+07  .17871830E+06 -.15045830E+00  .20469410E+05
 .15400160E+03  .65268910E+03  .25355060E+07  .18645900E+06 -.13888940E+00  .17068520E+05
 .14652230E+03  .65502140E+03  .25721200E+07  .19424010E+06 -.12839890E+00  .14514070E+05
 .13960320E+03  .65775160E+03  .26088760E+07  .20202970E+06 -.11886050E+00  .12541040E+05
 .13317220E+03  .66094170E+03  .26457480E+07  .20953100E+06 -.11056300E+00  .10667540E+05
 .12720120E+03  .66461870E+03  .26828620E+07  .21859690E+06 -.10283990E+00  .95650740E+04
 .12163800E+03  .66873850E+03  .27201940E+07  .22833580E+06 -.95979500E-01  .85963960E+04
 .11643760E+03  .67334770E+03  .27577700E+07  .23872400E+06 -.89865570E-01  .77422650E+04
 .11643760E+03  .67334770E+03  .27577700E+07  .23872400E+06 -.89865570E-01  .77422650E+04
 .10634560E+03  .68510220E+03  .28392500E+07  .26278730E+06 -.78718480E-01  .62519010E+04
 .97470250E+02  .69978140E+03  .29223120E+07  .28855800E+06 -.69457420E-01  .51641460E+04
 .89624950E+02  .71769410E+03  .30073270E+07  .31531470E+06 -.61478790E-01  .43979350E+04
 .82676060E+02  .73895800E+03  .30946920E+07  .34255740E+06 -.54488540E-01  .38650300E+04
 .76512450E+02  .76357210E+03  .31848110E+07  .37006080E+06 -.48380580E-01  .34863690E+04
 .71032090E+02  .79151510E+03  .32780830E+07  .39782930E+06 -.43086690E-01  .32090200E+04
 .66143300E+02  .82274650E+03  .33749060E+07  .42589230E+06 -.38501110E-01  .30058400E+04
 .61768150E+02  .85715420E+03  .34756690E+07  .45421510E+06 -.34508400E-01  .28622310E+04
 .57841090E+02  .89454730E+03  .35807430E+07  .48275160E+06 -.31021480E-01  .27657000E+04
 .54305100E+02  .93471310E+03  .36904710E+07  .51150590E+06 -.27982550E-01  .27034830E+04
 .51109210E+02  .97747930E+03  .38051780E+07  .54054120E+06 -.25345290E-01  .26642920E+04
 .48208010E+02  .10227420E+04  .39251660E+07  .56995690E+06 -.23063310E-01  .26397740E+04
 .45561710E+02  .10704590E+04  .40507340E+07  .59986860E+06 -.21089240E-01  .26245020E+04
 .43136090E+02  .11206390E+04  .41821750E+07  .63040010E+06 -.19377980E-01  .26151810E+04
