 .41860680E+04  .19399530E+07  .42028490E+03  .47153870E+04  .22815420E+07  .22769680E+03
 .10000000E+02  .26000000E+02  .20000000E+01  .14000000E+02  .15000000E+02  .71233870E+04
 .42028490E+03  .64529940E+03  .19399530E+07  .12855100E+06 -.46602720E+00  .91489730E+05
 .44633590E+03  .64470120E+03  .19038310E+07  .15276180E+06 -.46272520E+00  .43701700E+05
 .47195680E+03  .64360350E+03  .18677560E+07  .18559670E+06 -.45125670E+00  .25978110E+05
 .49679210E+03  .64190050E+03  .18317590E+07  .22889640E+06 -.43518070E+00  .17741890E+05
 .52064470E+03  .63954750E+03  .17958750E+07  .28085100E+06 -.41621290E+00  .13384390E+05
 .54334190E+03  .63656790E+03  .17601410E+07  .33382740E+06 -.39368690E+00  .10905880E+05
 .56464400E+03  .63304870E+03  .17245890E+07  .37629240E+06 -.36616350E+00  .94633960E+04
 .58424110E+03  .62913270E+03  .16892470E+07  .40066640E+06 -.33273890E+00  .86944280E+04
 .60183770E+03  .62501610E+03  .16541300E+07  .41458040E+06 -.29682250E+00  .84060630E+04
 .61867410E+03  .62055030E+03  .16194700E+07  .50707200E+06 -.29880130E+00  .73707170E+04
 .61867410E+03  .62055030E+03  .16194700E+07  .50707200E+06 -.29880130E+00  .73707170E+04
 .66078380E+03  .60703920E+03  .15273800E+07  .66594160E+06 -.26406920E+00  .63695210E+04
 .69820130E+03  .59212970E+03  .14374280E+07  .82836510E+06 -.23562730E+00  .57497060E+04
 .73168040E+03  .57627990E+03  .13497880E+07  .99467620E+06 -.21138650E+00  .53386390E+04
 .76179010E+03  .55985170E+03  .12645730E+07  .11627520E+07 -.19060470E+00  .50531520E+04
 .78900540E+03  .54312080E+03  .11818470E+07  .13285950E+07 -.17269650E+00  .48466170E+04
 .81371410E+03  .52629110E+03  .11016410E+07  .14880960E+07 -.15709250E+00  .46920130E+04
 .83622400E+03  .50951360E+03  .10239570E+07  .16382590E+07 -.14330800E+00  .45733590E+04
 .85677900E+03  .49290060E+03  .94877880E+06  .17774680E+07 -.13097600E+00  .44807030E+04
 .87557600E+03  .47653590E+03  .87607450E+06  .19051570E+07 -.11982990E+00  .44073620E+04
 .89277720E+03  .46048120E+03  .80580240E+06  .20213280E+07 -.10967050E+00  .43485870E+04
 .90851840E+03  .44478060E+03  .73791240E+06  .21261620E+07 -.10033780E+00  .43009730E+04
 .92291300E+03  .42946560E+03  .67234890E+06  .22197910E+07 -.91695020E-01  .42621490E+04
 .93605530E+03  .41455780E+03  .60905240E+06  .23021790E+07 -.83620550E-01  .42305280E+04
 .94802220E+03  .40007200E+03  .54796050E+06  .23730530E+07 -.76005540E-01  .42050320E+04
 .95887510E+03  .38601780E+03  .48900920E+06  .24318660E+07 -.68752260E-01  .41848230E+04
 .96866140E+03  .37240030E+03  .43213330E+06  .24777290E+07 -.61771750E-01  .41690870E+04
 .97741600E+03  .35922010E+03  .37726730E+06  .25093410E+07 -.54980750E-01  .41569260E+04
 .98516120E+03  .34647410E+03  .32434560E+06  .25249300E+07 -.48300600E-01  .41473960E+04
 .99190830E+03  .33415530E+03  .27330370E+06  .25222530E+07 -.41664200E-01  .41396950E+04
 .99766040E+03  .32225480E+03  .22407800E+06  .24986200E+07 -.35026300E-01  .41332630E+04
 .10024140E+04  .31076160E+03  .17660680E+06  .24508370E+07 -.28332220E-01  .41275070E+04
 .10061490E+04  .29966320E+03  .13082980E+06  .23755310E+07 -.21412570E-01  .41217650E+04
 .10088070E+04  .28894650E+03  .86688790E+05  .22708430E+07 -.13885880E-01  .41160750E+04
 .10102520E+04  .27860010E+03  .44127360E+05  .21392890E+07 -.50877070E-02  .41114620E+04
 .10102160E+04  .26861620E+03  .30906440E+04  .19909720E+07  .60907970E-02  .41098670E+04
 .23793380E-02  .64529940E+03  .19399530E+07  .25064010E-09 -.38019950E-05  .91489730E+05
 .43918050E-02  .64529940E+03  .22815420E+07  .37105660E-09 -.38019950E-05  .16263590E+06
 .22769680E+03  .64529940E+03  .22815420E+07  .13779540E+06 -.24910960E+00  .16263590E+06
 .21432340E+03  .64560590E+03  .23176870E+07  .14349440E+06 -.22877930E+00  .91015700E+05
 .20204350E+03  .64610640E+03  .23538540E+07  .14976150E+06 -.21005830E+00  .59325980E+05
 .19076700E+03  .64683730E+03  .23900550E+07  .15651140E+06 -.19293600E+00  .42251070E+05
 .18040580E+03  .64783170E+03  .24263040E+07  .16365190E+06 -.17735930E+00  .31920720E+05
 .17087560E+03  .64912000E+03  .24626180E+07  .17108630E+06 -.16323850E+00  .25159080E+05
 .16209800E+03  .65073030E+03  .24990120E+07  .17871830E+06 -.15045830E+00  .20469410E+05
 .15400160E+03  .65268910E+03  .25355060E+07  .18645900E+06 -.13888940E+00  .17068520E+05
 .14652230E+03  .65502140E+03  .25721200E+07  .19424010E+06 -.12839890E+00  .14514070E+05
 .13960320E+03  .65775160E+03  .26088760E+07  .20202970E+06 -.11886050E+00  .12541040E+05
 .13317220E+03  .66094170E+03  .26457480E+07  .20953100E+06 -.11056300E+00  .10667540E+05
 .12720120E+03  .66461870E+03  .26828620E+07  .21859690E+06 -.10283990E+00  .95650740E+04
 .12163800E+03  .66873850E+03  .27201940E+07  .22833580E+06 -.95979500E-01  .85963960E+04
 .11643760E+03  .67334770E+03  .27577700E+07  .23872400E+06 -.89865570E-01  .77422650E+04
 .11643760E+03  .67334770E+03  .27577700E+07  .23872400E+06 -.89865570E-01  .77422650E+04
 .10634560E+03  .68510220E+03  .28392500E+07  .26278730E+06 -.78718480E-01  .62519010E+04
 .97470250E+02  .69978140E+03  .29223120E+07  .28855800E+06 -.69457420E-01  .51641460E+04
 .89624950E+02  .71769410E+03  .30073270E+07  .31531470E+06 -.61478790E-01  .43979350E+04
 .82676060E+02  .73895800E+03  .30946920E+07  .34255740E+06 -.54488540E-01  .38650300E+04
 .76512450E+02  .76357210E+03  .31848110E+07  .37006080E+06 -.48380580E-01  .34863690E+04
 .71032090E+02  .79151510E+03  .32780830E+07  .39782930E+06 -.43086690E-01  .32090200E+04
 .66143300E+02  .82274650E+03  .33749060E+07  .42589230E+06 -.38501110E-01  .30058400E+04
 .61768150E+02  .85715420E+03  .34756690E+07  .45421510E+06 -.34508400E-01  .28622310E+04
 .57841090E+02  .89454730E+03  .35807430E+07  .48275160E+06 -.31021480E-01  .27657000E+04
 .54305100E+02  .93471310E+03  .36904710E+07  .51150590E+06 -.27982550E-01  .27034830E+04
 .51109210E+02  .97747930E+03  .38051780E+07  .54054120E+06 -.25345290E-01  .26642920E+04
 .48208010E+02  .10227420E+04  .39251660E+07  .56995690E+06 -.23063310E-01  .26397740E+04
 .45561710E+02  .10704590E+04  .40507340E+07  .59986860E+06 -.21089240E-01  .26245020E+04
 .43136090E+02  .11206390E+04  .41821750E+07  .63040010E+06 -.19377980E-01  .26151810E+04
 .41883960E+04  .19414860E+07  .41930190E+03  .47123680E+04  .22796510E+07  .22854520E+03
 .10000000E+02  .26000000E+02  .20000000E+01  .14000000E+02  .15000000E+02  .71203680E+04
 .41930190E+03  .64535000E+03  .19414860E+07  .12806920E+06 -.46565010E+00  .93999070E+05
 .44534420E+03  .64476550E+03  .19053610E+07  .15186960E+06 -.46277150E+00  .44611270E+05
 .47097630E+03  .64368710E+03  .18692810E+07  .18422280E+06 -.45158990E+00  .26392940E+05
 .49583560E+03  .64200720E+03  .18332790E+07  .22705820E+06 -.43569250E+00  .17958090E+05
 .51972160E+03  .63967830E+03  .17973890E+07  .27876740E+06 -.41690040E+00  .13505930E+05
 .54246360E+03  .63672080E+03  .17616470E+07  .33196360E+06 -.39460790E+00  .10976340E+05
 .56382490E+03  .63321910E+03  .17260860E+07  .37512570E+06 -.36736490E+00  .95027850E+04
 .58349740E+03  .62931370E+03  .16907340E+07  .40030080E+06 -.33422100E+00  .87104490E+04
 .60117700E+03  .62519970E+03  .16556070E+07  .41359380E+06 -.29789940E+00  .84174930E+04
 .61800360E+03  .62075620E+03  .16209350E+07  .50479830E+06 -.29936360E+00  .73895200E+04
 .61800360E+03  .62075620E+03  .16209350E+07  .50479830E+06 -.29936360E+00  .73895200E+04
 .66018820E+03  .60726880E+03  .15288130E+07  .66360830E+06 -.26451930E+00  .63807350E+04
 .69766810E+03  .59237560E+03  .14388250E+07  .82596060E+06 -.23601310E+00  .57570050E+04
 .73120100E+03  .57653620E+03  .13511470E+07  .99221510E+06 -.21171990E+00  .53436230E+04
 .76135730E+03  .56011380E+03  .12658930E+07  .11602880E+07 -.19089290E+00  .50566980E+04
 .78861300E+03  .54338530E+03  .11831280E+07  .13261950E+07 -.17294740E+00  .48492360E+04
 .81335690E+03  .52655540E+03  .11028820E+07  .14858180E+07 -.15731360E+00  .46940030E+04
 .83589810E+03  .50977560E+03  .10251590E+07  .16361370E+07 -.14350530E+00  .45749010E+04
 .85648120E+03  .49315900E+03  .94994150E+06  .17755180E+07 -.13115400E+00  .44819150E+04
 .87530360E+03  .47678970E+03  .87719890E+06  .19033820E+07 -.11999190E+00  .44083250E+04
 .89252820E+03  .46072950E+03  .80688910E+06  .20197250E+07 -.10981910E+00  .43493620E+04
 .90829080E+03  .44502300E+03  .73896230E+06  .21247300E+07 -.10047510E+00  .43016010E+04
 .92270530E+03  .42970160E+03  .67336290E+06  .22185290E+07 -.91822940E-01  .42626590E+04
 .93586610E+03  .41478720E+03  .61003150E+06  .23010890E+07 -.83740810E-01  .42309390E+04
 .94785060E+03  .40029460E+03  .54890570E+06  .23721430E+07 -.76119710E-01  .42053570E+04
 .95872020E+03  .38623360E+03  .48992150E+06  .24311460E+07 -.68861730E-01  .41850740E+04
 .96852280E+03  .37260910E+03  .43301380E+06  .24772160E+07 -.61877850E-01  .41692760E+04
 .97729310E+03  .35942210E+03  .37811690E+06  .25090580E+07 -.55084760E-01  .41570670E+04
 .98505380E+03  .34666920E+03  .32516550E+06  .25249080E+07 -.48403680E-01  .41475030E+04
 .99181640E+03  .33434380E+03  .27409480E+06  .25225310E+07 -.41767270E-01  .41397780E+04
 .99758390E+03  .32243680E+03  .22484140E+06  .24992430E+07 -.35129990E-01  .41333300E+04
 .10023530E+04  .31093730E+03  .17734340E+06  .24518550E+07 -.28438010E-01  .41275660E+04
 .10061050E+04  .29983280E+03  .13154050E+06  .23769900E+07 -.21524650E-01  .41218240E+04
 .10087810E+04  .28911020E+03  .87374440E+05  .22727460E+07 -.14012210E-01  .41161220E+04
 .10102460E+04  .27875790E+03  .44788900E+05  .21415460E+07 -.52414860E-02  .41114690E+04
 .10102360E+04  .26876830E+03  .37289350E+04  .19933510E+07  .58878890E-02  .41097830E+04
 .23849160E-02  .64535000E+03  .19414860E+07  .25217440E-09 -.37990330E-05  .93999070E+05
 .43755020E-02  .64535000E+03  .22796510E+07  .37172640E-09 -.37990330E-05  .16713400E+06
 .22854520E+03  .64535000E+03  .22796510E+07  .13755140E+06 -.25031680E+00  .16713400E+06
 .21510650E+03  .64564940E+03  .23157980E+07  .14321420E+06 -.22990200E+00  .92939840E+05
 .20276620E+03  .64614060E+03  .23519670E+07  .14944980E+06 -.21109410E+00  .60347350E+05
 .19143410E+03  .64686020E+03  .23881700E+07  .15617290E+06 -.19388510E+00  .42862570E+05
 .18102210E+03  .64784150E+03  .24244200E+07  .16329170E+06 -.17822450E+00  .32317500E+05
 .17144570E+03  .64911510E+03  .24607340E+07  .17070980E+06 -.16402460E+00  .25432250E+05
 .16262620E+03  .65070920E+03  .24971270E+07  .17833090E+06 -.15117150E+00  .20666350E+05
 .15449170E+03  .65265020E+03  .25336190E+07  .18606590E+06 -.13953660E+00  .17215840E+05
 .14697780E+03  .65496340E+03  .25702310E+07  .19384550E+06 -.12898730E+00  .14627610E+05
 .14002730E+03  .65767300E+03  .26069830E+07  .20163610E+06 -.11939700E+00  .12630700E+05
 .13356890E+03  .66083610E+03  .26438500E+07  .20909220E+06 -.11105210E+00  .10727940E+05
 .12757190E+03  .66449200E+03  .26809580E+07  .21812940E+06 -.10327910E+00  .96180070E+04
 .12198540E+03  .66858860E+03  .27182820E+07  .22783820E+06 -.96374150E-01  .86431480E+04
 .11676390E+03  .67317190E+03  .27558490E+07  .23819850E+06 -.90221870E-01  .77835370E+04
 .11676390E+03  .67317190E+03  .27558490E+07  .23819850E+06 -.90221870E-01  .77835370E+04
 .10663330E+03  .68486250E+03  .28373040E+07  .26221500E+06 -.79011920E-01  .62828220E+04
 .97725430E+02  .69946810E+03  .29203320E+07  .28795660E+06 -.69707340E-01  .51864520E+04
 .89852180E+02  .71730180E+03  .30053050E+07  .31469760E+06 -.61696290E-01  .44136180E+04
 .82878850E+02  .73848530E+03  .30926190E+07  .34193290E+06 -.54678730E-01  .38761320E+04
 .76693940E+02  .76301920E+03  .31826760E+07  .36943070E+06 -.48545850E-01  .34944950E+04
 .71195110E+02  .79088230E+03  .32758770E+07  .39719270E+06 -.43229870E-01  .32150840E+04
 .66290280E+02  .82203540E+03  .33726190E+07  .42524940E+06 -.38625670E-01  .30102860E+04
 .61901150E+02  .85636830E+03  .34732930E+07  .45356760E+06 -.34617350E-01  .28653620E+04
 .57961850E+02  .89369200E+03  .35782670E+07  .48210020E+06 -.31116870E-01  .27678230E+04
 .54415140E+02  .93379330E+03  .36878900E+07  .51084980E+06 -.28065890E-01  .27049000E+04
 .51209920E+02  .97649840E+03  .38024820E+07  .53987830E+06 -.25417940E-01  .26652440E+04
 .48300570E+02  .10217010E+04  .39223490E+07  .56928460E+06 -.23126660E-01  .26404260E+04
 .45647150E+02  .10693600E+04  .40477880E+07  .59918420E+06 -.21144620E-01  .26249570E+04
 .43215310E+02  .11194810E+04  .41790940E+07  .62970030E+06 -.19426590E-01  .26155000E+04
 .41907640E+04  .19430450E+07  .41830130E+03  .47092990E+04  .22777270E+07  .22940970E+03
 .10000000E+02  .26000000E+02  .20000000E+01  .14000000E+02  .15000000E+02  .71172990E+04
 .41830130E+03  .64540050E+03  .19430450E+07  .12759310E+06 -.46525480E+00  .96647950E+05
 .44433400E+03  .64482980E+03  .19069170E+07  .15097950E+06 -.46280930E+00  .45565700E+05
 .46997730E+03  .64377090E+03  .18708330E+07  .18284420E+06 -.45192360E+00  .26826410E+05
 .49486070E+03  .64211440E+03  .18348260E+07  .22520230E+06 -.43620860E+00  .18183380E+05
 .51878030E+03  .63981010E+03  .17989290E+07  .27664550E+06 -.41759190E+00  .13632440E+05
 .54156720E+03  .63687520E+03  .17631790E+07  .33004080E+06 -.39553340E+00  .11049700E+05
 .56298820E+03  .63339170E+03  .17276090E+07  .37389640E+06 -.36857410E+00  .95440040E+04
 .58273660E+03  .62949740E+03  .16922470E+07  .39989430E+06 -.33571770E+00  .87277410E+04
 .60050150E+03  .62538630E+03  .16571090E+07  .41281220E+06 -.29911940E+00  .84262190E+04
 .61731980E+03  .62096510E+03  .16224270E+07  .50248320E+06 -.29993890E+00  .74088380E+04
 .61731980E+03  .62096510E+03  .16224270E+07  .50248320E+06 -.29993890E+00  .74088380E+04
 .65958090E+03  .60750200E+03  .15302710E+07  .66123290E+06 -.26497880E+00  .63922320E+04
 .69712450E+03  .59262550E+03  .14402470E+07  .82351280E+06 -.23640680E+00  .57644820E+04
 .73071230E+03  .57679680E+03  .13525310E+07  .98970930E+06 -.21206010E+00  .53487250E+04
 .76091610E+03  .56038040E+03  .12672370E+07  .11577780E+07 -.19118690E+00  .50603270E+04
 .78821290E+03  .54365420E+03  .11844320E+07  .13237500E+07 -.17320320E+00  .48519140E+04
 .81299290E+03  .52682410E+03  .11041460E+07  .14834950E+07 -.15753900E+00  .46960370E+04
 .83556600E+03  .51004220E+03  .10263820E+07  .16339740E+07 -.14370650E+00  .45764770E+04
 .85617770E+03  .49342200E+03  .95112490E+06  .17735290E+07 -.13133550E+00  .44831530E+04
 .87502620E+03  .47704790E+03  .87834310E+06  .19015710E+07 -.12015710E+00  .44093100E+04
 .89227440E+03  .46098220E+03  .80799510E+06  .20180910E+07 -.10997050E+00  .43501540E+04
 .90805880E+03  .44526960E+03  .74003080E+06  .21232690E+07 -.10061500E+00  .43022430E+04
 .92249350E+03  .42994180E+03  .67439490E+06  .22172410E+07 -.91953260E-01  .42631810E+04
 .93567330E+03  .41502060E+03  .61102790E+06  .22999760E+07 -.83863300E-01  .42313590E+04
 .94767570E+03  .40052120E+03  .54986760E+06  .23712120E+07 -.76235950E-01  .42056900E+04
 .95856240E+03  .38645310E+03  .49085000E+06  .24304080E+07 -.68973190E-01  .41853310E+04
 .96838140E+03  .37282160E+03  .43390990E+06  .24766880E+07 -.61985860E-01  .41694700E+04
 .97716770E+03  .35962760E+03  .37898160E+06  .25087650E+07 -.55190600E-01  .41572120E+04
 .98494420E+03  .34686790E+03  .32599990E+06  .25248810E+07 -.48508560E-01  .41476130E+04
 .99172250E+03  .33453570E+03  .27489990E+06  .25228080E+07 -.41872120E-01  .41398630E+04
 .99750590E+03  .32262200E+03  .22561820E+06  .24998690E+07 -.35235460E-01  .41333970E+04
 .10022910E+04  .31111610E+03  .17809290E+06  .24528830E+07 -.28545570E-01  .41276280E+04
 .10060590E+04  .30000540E+03  .13226360E+06  .23784670E+07 -.21638510E-01  .41218840E+04
 .10087530E+04  .28927670E+03  .88072180E+05  .22746740E+07 -.14140380E-01  .41161690E+04
 .10102400E+04  .27891860E+03  .45462100E+05  .21438370E+07 -.53973050E-02  .41114770E+04
 .10102570E+04  .26892320E+03  .43784740E+04  .19957720E+07  .56825220E-02  .41097010E+04
 .23906210E-02  .64540050E+03  .19430450E+07  .25375860E-09 -.37960620E-05  .96647950E+05
 .43590130E-02  .64540050E+03  .22777270E+07  .37243370E-09 -.37960620E-05  .17188850E+06
 .22940970E+03  .64540050E+03  .22777270E+07  .13730500E+06 -.25154670E+00  .17188850E+06
 .21590460E+03  .64569280E+03  .23138770E+07  .14293080E+06 -.23104650E+00  .94957090E+05
 .20350260E+03  .64617470E+03  .23500480E+07  .14913400E+06 -.21215040E+00  .61413050E+05
 .19211380E+03  .64688290E+03  .23862530E+07  .15582970E+06 -.19485340E+00  .43498450E+05
 .18165000E+03  .64785100E+03  .24225040E+07  .16292620E+06 -.17910730E+00  .32728980E+05
 .17202640E+03  .64910970E+03  .24588180E+07  .17032750E+06 -.16482680E+00  .25714900E+05
 .16316410E+03  .65068730E+03  .24952100E+07  .17793730E+06 -.15189930E+00  .20869740E+05
 .15499080E+03  .65261030E+03  .25317010E+07  .18566620E+06 -.14019700E+00  .17367750E+05
 .14744170E+03  .65490410E+03  .25683100E+07  .19344400E+06 -.12958760E+00  .14744540E+05
 .14045900E+03  .65759300E+03  .26050580E+07  .20123540E+06 -.11994430E+00  .12722910E+05
 .13397260E+03  .66072850E+03  .26419200E+07  .20864690E+06 -.11155120E+00  .10789800E+05
 .12794910E+03  .66436310E+03  .26790210E+07  .21765510E+06 -.10372730E+00  .96721880E+04
 .12233890E+03  .66843600E+03  .27163370E+07  .22733330E+06 -.96776840E-01  .86909960E+04
 .11709600E+03  .67299330E+03  .27538950E+07  .23766490E+06 -.90585280E-01  .78257820E+04
 .11709600E+03  .67299330E+03  .27538950E+07  .23766490E+06 -.90585280E-01  .78257820E+04
 .10692580E+03  .68461930E+03  .28353240E+07  .26163330E+06 -.79310920E-01  .63144950E+04
 .97984900E+02  .69915010E+03  .29183200E+07  .28734490E+06 -.69961820E-01  .52093170E+04
 .90083180E+02  .71690340E+03  .30032500E+07  .31406960E+06 -.61917700E-01  .44296970E+04
 .83084980E+02  .73800520E+03  .30905100E+07  .34129740E+06 -.54872350E-01  .38875070E+04
 .76878360E+02  .76245750E+03  .31805050E+07  .36878950E+06 -.48714130E-01  .35028130E+04
 .71360730E+02  .79023930E+03  .32736330E+07  .39654480E+06 -.43375630E-01  .32212900E+04
 .66439580E+02  .82131270E+03  .33702940E+07  .42459520E+06 -.38752460E-01  .30148390E+04
 .62036220E+02  .85556960E+03  .34708760E+07  .45290860E+06 -.34728220E-01  .28685700E+04
 .58084460E+02  .89282250E+03  .35757510E+07  .48143710E+06 -.31213940E-01  .27700000E+04
 .54526850E+02  .93285800E+03  .36852650E+07  .51018200E+06 -.28150700E-01  .27063520E+04
 .51312110E+02  .97550090E+03  .37997410E+07  .53920370E+06 -.25491880E-01  .26662180E+04
 .48394470E+02  .10206440E+04  .39194850E+07  .56860050E+06 -.23191120E-01  .26410910E+04
 .45733820E+02  .10682430E+04  .40447930E+07  .59848770E+06 -.21200950E-01  .26254200E+04
 .43295640E+02  .11183040E+04  .41759620E+07  .62898840E+06 -.19476020E-01  .26158270E+04
 .41931750E+04  .19446320E+07  .41728240E+03  .47061800E+04  .22757700E+07  .23029110E+03
 .10000000E+02  .26000000E+02  .20000000E+01  .14000000E+02  .15000000E+02  .71141800E+04
 .41728240E+03  .64545100E+03  .19446320E+07  .12712290E+06 -.46484010E+00  .99448110E+05
 .44330470E+03  .64489400E+03  .19085010E+07  .15009150E+06 -.46283780E+00  .46568480E+05
 .46895890E+03  .64385490E+03  .18724130E+07  .18146080E+06 -.45225780E+00  .27279870E+05
 .49386650E+03  .64222220E+03  .18364000E+07  .22332850E+06 -.43672920E+00  .18418380E+05
 .51781990E+03  .63994290E+03  .18004960E+07  .27448470E+06 -.41828780E+00  .13764220E+05
 .54065220E+03  .63703130E+03  .17647380E+07  .32805720E+06 -.39646360E+00  .11126150E+05
 .56213310E+03  .63356650E+03  .17291590E+07  .37260180E+06 -.36979130E+00  .95871600E+04
 .58195800E+03  .62968410E+03  .16937870E+07  .39944360E+06 -.33722920E+00  .87463750E+04
 .59981040E+03  .62557600E+03  .16586390E+07  .41219320E+06 -.30046110E+00  .84329660E+04
 .61662200E+03  .62117720E+03  .16239450E+07  .50012490E+06 -.30052770E+00  .74287010E+04
 .61662200E+03  .62117720E+03  .16239450E+07  .50012490E+06 -.30052770E+00  .74287010E+04
 .65896120E+03  .60773880E+03  .15317550E+07  .65881340E+06 -.26544820E+00  .64040290E+04
 .69656990E+03  .59287950E+03  .14416940E+07  .82101980E+06 -.23680860E+00  .57721480E+04
 .73021390E+03  .57706190E+03  .13539390E+07  .98715670E+06 -.21240750E+00  .53539520E+04
 .76046610E+03  .56065160E+03  .12686050E+07  .11552200E+07 -.19148700E+00  .50640420E+04
 .78780490E+03  .54392800E+03  .11857590E+07  .13212570E+07 -.17346430E+00  .48546550E+04
 .81262160E+03  .52709770E+03  .11054320E+07  .14811260E+07 -.15776890E+00  .46981180E+04
 .83522730E+03  .51031360E+03  .10276280E+07  .16317660E+07 -.14391160E+00  .45780890E+04
 .85586830E+03  .49368970E+03  .95232980E+06  .17715000E+07 -.13152060E+00  .44844190E+04
 .87474320E+03  .47731080E+03  .87950830E+06  .18997230E+07 -.12032550E+00  .44103160E+04
 .89201560E+03  .46123950E+03  .80912120E+06  .20164220E+07 -.11012490E+00  .43509630E+04
 .90782220E+03  .44552080E+03  .74111880E+06  .21217770E+07 -.10075760E+00  .43028990E+04
 .92227760E+03  .43018630E+03  .67544580E+06  .22159250E+07 -.92086060E-01  .42637130E+04
 .93547670E+03  .41525840E+03  .61204260E+06  .22988380E+07 -.83988100E-01  .42317890E+04
 .94749730E+03  .40075190E+03  .55084710E+06  .23702590E+07 -.76354380E-01  .42060300E+04
 .95840130E+03  .38667670E+03  .49179540E+06  .24296520E+07 -.69086720E-01  .41855940E+04
 .96823710E+03  .37303810E+03  .43482230E+06  .24761460E+07 -.62095850E-01  .41696690E+04
 .97703970E+03  .35983700E+03  .37986210E+06  .25084610E+07 -.55298370E-01  .41573610E+04
 .98483230E+03  .34707020E+03  .32684950E+06  .25248470E+07 -.48615320E-01  .41477260E+04
 .99162660E+03  .33473110E+03  .27571970E+06  .25230830E+07 -.41978840E-01  .41399510E+04
 .99742600E+03  .32281070E+03  .22640920E+06  .25004980E+07 -.35342790E-01  .41334670E+04
 .10022270E+04  .31129820E+03  .17885600E+06  .24539210E+07 -.28654970E-01  .41276910E+04
 .10060120E+04  .30018120E+03  .13300000E+06  .23799610E+07 -.21754210E-01  .41219460E+04
 .10087250E+04  .28944640E+03  .88782590E+05  .22766290E+07 -.14270470E-01  .41162200E+04
 .10102320E+04  .27908220E+03  .46147520E+05  .21461630E+07 -.55552600E-02  .41114870E+04
 .10102770E+04  .26908090E+03  .50397890E+04  .19982370E+07  .54745800E-02  .41096220E+04
 .23964590E-02  .64545100E+03  .19446320E+07  .25539540E-09 -.37930820E-05  .99448110E+05
 .43423300E-02  .64545100E+03  .22757700E+07  .37318050E-09 -.37930820E-05  .17692160E+06
 .23029110E+03  .64545100E+03  .22757700E+07  .13705590E+06 -.25280040E+00  .17692160E+06
 .21671810E+03  .64573610E+03  .23119230E+07  .14264390E+06 -.23221360E+00  .97074530E+05
 .20425330E+03  .64620870E+03  .23480960E+07  .14881400E+06 -.21322820E+00  .62526210E+05
 .19280670E+03  .64690550E+03  .23843030E+07  .15548150E+06 -.19584160E+00  .44160300E+05
 .18229000E+03  .64786020E+03  .24205550E+07  .16255520E+06 -.18000860E+00  .33156080E+05
 .17261830E+03  .64910380E+03  .24568680E+07  .16993920E+06 -.16564590E+00  .26007610E+05
 .16371230E+03  .65066460E+03  .24932600E+07  .17753720E+06 -.15264250E+00  .21079970E+05
 .15549930E+03  .65256950E+03  .25297490E+07  .18525970E+06 -.14087140E+00  .17524500E+05
 .14791410E+03  .65484350E+03  .25663550E+07  .19303540E+06 -.13020060E+00  .14865020E+05
 .14089870E+03  .65751140E+03  .26030990E+07  .20082740E+06 -.12050290E+00  .12817830E+05
 .13438380E+03  .66061880E+03  .26399560E+07  .20819500E+06 -.11206080E+00  .10853200E+05
 .12833320E+03  .66423180E+03  .26770500E+07  .21717370E+06 -.10418510E+00  .97276790E+04
 .12269860E+03  .66828080E+03  .27143580E+07  .22682070E+06 -.97187930E-01  .87399900E+04
 .11743390E+03  .67281160E+03  .27519060E+07  .23712290E+06 -.90956140E-01  .78690450E+04
 .11743390E+03  .67281160E+03  .27519060E+07  .23712290E+06 -.90956140E-01  .78690450E+04
 .10722340E+03  .68437210E+03  .28333110E+07  .26104190E+06 -.79615750E-01  .63469560E+04
 .98248830E+02  .69882720E+03  .29162720E+07  .28672260E+06 -.70221060E-01  .52327710E+04
 .90318100E+02  .71649880E+03  .30011580E+07  .31343040E+06 -.62143180E-01  .44461940E+04
 .83294580E+02  .73751730E+03  .30883650E+07  .34065030E+06 -.55069560E-01  .38991690E+04
 .77065870E+02  .76188670E+03  .31782960E+07  .36813670E+06 -.48885550E-01  .35113330E+04
 .71529080E+02  .78958580E+03  .32713510E+07  .39588520E+06 -.43524110E-01  .32276450E+04
 .66591310E+02  .82057800E+03  .33679290E+07  .42392910E+06 -.38881590E-01  .30195040E+04
 .62173450E+02  .85475750E+03  .34684180E+07  .45223740E+06 -.34841120E-01  .28718600E+04
 .58209000E+02  .89193820E+03  .35731910E+07  .48076190E+06 -.31312790E-01  .27722330E+04
 .54640290E+02  .93190670E+03  .36825940E+07  .50950200E+06 -.28237060E-01  .27078400E+04
 .51415870E+02  .97448620E+03  .37969530E+07  .53851680E+06 -.25567160E-01  .26672150E+04
 .48489800E+02  .10195680E+04  .39165710E+07  .56790400E+06 -.23256740E-01  .26417720E+04
 .45821780E+02  .10671060E+04  .40417470E+07  .59777860E+06 -.21258280E-01  .26258940E+04
 .43377160E+02  .11171060E+04  .41727750E+07  .62826360E+06 -.19526310E-01  .26161590E+04
 .41956290E+04  .19462480E+07  .41624420E+03  .47030070E+04  .22737790E+07  .23119010E+03
 .10000000E+02  .26000000E+02  .20000000E+01  .14000000E+02  .15000000E+02  .71110070E+04
 .41624420E+03  .64550150E+03  .19462480E+07  .12665890E+06 -.46440510E+00  .10241260E+06
 .44225530E+03  .64495840E+03  .19101130E+07  .14920590E+06 -.46285640E+00  .47623430E+05
 .46792010E+03  .64393910E+03  .18740220E+07  .18007240E+06 -.45259230E+00  .27754800E+05
 .49285210E+03  .64233060E+03  .18380030E+07  .22143650E+06 -.43725450E+00  .18663770E+05
 .51683970E+03  .64007680E+03  .18020930E+07  .27228420E+06 -.41898840E+00  .13901640E+05
 .53971740E+03  .63718900E+03  .17663260E+07  .32601100E+06 -.39739900E+00  .11205870E+05
 .56125870E+03  .63374360E+03  .17307380E+07  .37123860E+06 -.37101680E+00  .96323700E+04
 .58116080E+03  .62987370E+03  .16953550E+07  .39894560E+06 -.33875600E+00  .87664250E+04
 .59910260E+03  .62576890E+03  .16601970E+07  .41170170E+06 -.30190720E+00  .84383470E+04
 .61590950E+03  .62139250E+03  .16254910E+07  .49772120E+06 -.30113090E+00  .74491380E+04
 .61590950E+03  .62139250E+03  .16254910E+07  .49772120E+06 -.30113090E+00  .74491380E+04
 .65832870E+03  .60797960E+03  .15332670E+07  .65634770E+06 -.26592800E+00  .64161420E+04
 .69600390E+03  .59313790E+03  .14431690E+07  .81847950E+06 -.23721920E+00  .57800110E+04
 .72970520E+03  .57733160E+03  .13553740E+07  .98455520E+06 -.21276220E+00  .53593100E+04
 .76000690E+03  .56092770E+03  .12699990E+07  .11526120E+07 -.19179360E+00  .50678470E+04
 .78738850E+03  .54420670E+03  .11871110E+07  .13187140E+07 -.17373090E+00  .48574610E+04
 .81224280E+03  .52737620E+03  .11067420E+07  .14787090E+07 -.15800360E+00  .47002480E+04
 .83488170E+03  .51058990E+03  .10288960E+07  .16295130E+07 -.14412100E+00  .45797380E+04
 .85555250E+03  .49396230E+03  .95355740E+06  .17694270E+07 -.13170940E+00  .44857140E+04
 .87445440E+03  .47757860E+03  .88069530E+06  .18978360E+07 -.12049730E+00  .44113460E+04
 .89175150E+03  .46150160E+03  .81026840E+06  .20147170E+07 -.11028230E+00  .43517910E+04
 .90758080E+03  .44577660E+03  .74222720E+06  .21202520E+07 -.10090310E+00  .43035700E+04
 .92205730E+03  .43043550E+03  .67651630E+06  .22145800E+07 -.92221480E-01  .42642590E+04
 .93527600E+03  .41550060E+03  .61307620E+06  .22976750E+07 -.84115350E-01  .42322290E+04
 .94731510E+03  .40098700E+03  .55184500E+06  .23692840E+07 -.76475110E-01  .42063790E+04
 .95823690E+03  .38690460E+03  .49275860E+06  .24288770E+07 -.69202420E-01  .41858640E+04
 .96808970E+03  .37325870E+03  .43575180E+06  .24755890E+07 -.62207930E-01  .41698730E+04
 .97690910E+03  .36005030E+03  .38075910E+06  .25081460E+07 -.55408150E-01  .41575140E+04
 .98471800E+03  .34727630E+03  .32771500E+06  .25248060E+07 -.48724060E-01  .41478420E+04
 .99152860E+03  .33493020E+03  .27655480E+06  .25233560E+07 -.42087510E-01  .41400410E+04
 .99734420E+03  .32300290E+03  .22721500E+06  .25011320E+07 -.35452060E-01  .41335400E+04
 .10021620E+04  .31148380E+03  .17963350E+06  .24549700E+07 -.28766310E-01  .41277550E+04
 .10059640E+04  .30036030E+03  .13375000E+06  .23814750E+07 -.21871850E-01  .41220100E+04
 .10086950E+04  .28961920E+03  .89506290E+05  .22786120E+07 -.14402590E-01  .41162710E+04
 .10102250E+04  .27924900E+03  .46845740E+05  .21485280E+07 -.57154540E-02  .41115000E+04
 .10102960E+04  .26924160E+03  .57134510E+04  .20007460E+07  .52639370E-02  .41095440E+04
 .24024360E-02  .64550150E+03  .19462480E+07  .25708770E-09 -.37900930E-05  .10241260E+06
 .43254440E-02  .64550150E+03  .22737790E+07  .37396870E-09 -.37900930E-05  .18225820E+06
 .23119010E+03  .64550150E+03  .22737790E+07  .13680430E+06 -.25407900E+00  .18225820E+06
 .21754800E+03  .64577950E+03  .23099340E+07  .14235360E+06 -.23340450E+00  .99300000E+05
 .20501900E+03  .64624260E+03  .23461100E+07  .14848970E+06 -.21432830E+00  .63690270E+05
 .19351340E+03  .64692770E+03  .23823170E+07  .15512830E+06 -.19685080E+00  .44849910E+05
 .18294260E+03  .64786900E+03  .24185700E+07  .16217850E+06 -.18092920E+00  .33599820E+05
 .17322170E+03  .64909720E+03  .24548840E+07  .16954460E+06 -.16648270E+00  .26311020E+05
 .16427110E+03  .65064120E+03  .24912750E+07  .17713030E+06 -.15340180E+00  .21297450E+05
 .15601760E+03  .65252750E+03  .25277620E+07  .18484590E+06 -.14156040E+00  .17686380E+05
 .14839560E+03  .65478160E+03  .25643650E+07  .19261930E+06 -.13082670E+00  .14989270E+05
 .14134670E+03  .65742800E+03  .26011050E+07  .20041180E+06 -.12107350E+00  .12915590E+05
 .13480260E+03  .66050690E+03  .26379570E+07  .20773610E+06 -.11258160E+00  .10918210E+05
 .12872440E+03  .66409800E+03  .26750440E+07  .21668490E+06 -.10465270E+00  .97845440E+04
 .12306500E+03  .66812270E+03  .27123440E+07  .22630000E+06 -.97607850E-01  .87901880E+04
 .11777790E+03  .67262680E+03  .27498830E+07  .23657210E+06 -.91334790E-01  .79133770E+04
 .11777790E+03  .67262680E+03  .27498830E+07  .23657210E+06 -.91334790E-01  .79133770E+04
 .10752640E+03  .68412080E+03  .28312610E+07  .26044030E+06 -.79926690E-01  .63802450E+04
 .98517430E+02  .69849900E+03  .29141870E+07  .28608910E+06 -.70485300E-01  .52568410E+04
 .90557150E+02  .71608760E+03  .29990290E+07  .31277940E+06 -.62372930E-01  .44631290E+04
 .83507810E+02  .73702140E+03  .30861820E+07  .33999120E+06 -.55270510E-01  .39111320E+04
 .77256590E+02  .76130630E+03  .31760480E+07  .36747170E+06 -.49060250E-01  .35200630E+04
 .71700260E+02  .78892130E+03  .32690290E+07  .39521330E+06 -.43675430E-01  .32341570E+04
 .66745570E+02  .81983070E+03  .33655210E+07  .42325050E+06 -.39013150E-01  .30242870E+04
 .62312940E+02  .85393130E+03  .34659160E+07  .45155380E+06 -.34956140E-01  .28752350E+04
 .58335570E+02  .89103850E+03  .35705850E+07  .48007410E+06 -.31413490E-01  .27745250E+04
 .54755550E+02  .93093850E+03  .36798770E+07  .50880920E+06 -.28325030E-01  .27093670E+04
 .51521270E+02  .97345360E+03  .37941150E+07  .53781710E+06 -.25643840E-01  .26682370E+04
 .48586590E+02  .10184720E+04  .39136060E+07  .56719460E+06 -.23323570E-01  .26424690E+04
 .45911080E+02  .10659490E+04  .40386470E+07  .59705640E+06 -.21316660E-01  .26263780E+04
 .43459890E+02  .11158870E+04  .41695320E+07  .62752550E+06 -.19577510E-01  .26164980E+04
 .41981310E+04  .19478940E+07  .41518580E+03  .46997790E+04  .22717510E+07  .23210770E+03
 .10000000E+02  .26000000E+02  .20000000E+01  .14000000E+02  .15000000E+02  .71077790E+04
 .41518580E+03  .64555190E+03  .19478940E+07  .12620130E+06 -.46394870E+00  .10555590E+06
 .44118480E+03  .64502270E+03  .19117560E+07  .14832270E+06 -.46286420E+00  .48734820E+05
 .46685990E+03  .64402360E+03  .18756600E+07  .17867920E+06 -.45292710E+00  .28252840E+05
 .49181660E+03  .64243960E+03  .18396370E+07  .21952630E+06 -.43778510E+00  .18920300E+05
 .51583860E+03  .64021190E+03  .18037190E+07  .27004320E+06 -.41969420E+00  .14045070E+05
 .53876210E+03  .63734850E+03  .17679450E+07  .32390020E+06 -.39834000E+00  .11289090E+05
 .56036400E+03  .63392320E+03  .17323470E+07  .36980380E+06 -.37225110E+00  .96797600E+04
 .58034400E+03  .63006630E+03  .16969530E+07  .39839670E+06 -.34029840E+00  .87879740E+04
 .59837700E+03  .62596540E+03  .16617840E+07  .41130840E+06 -.30344330E+00  .84428800E+04
 .61518160E+03  .62161130E+03  .16270670E+07  .49527000E+06 -.30174930E+00  .74701840E+04
 .61518160E+03  .62161130E+03  .16270670E+07  .49527000E+06 -.30174930E+00  .74701840E+04
 .65768270E+03  .60822440E+03  .15348080E+07  .65383350E+06 -.26641860E+00  .64285860E+04
 .69542580E+03  .59340090E+03  .14446720E+07  .81588950E+06 -.23763880E+00  .57880830E+04
 .72918570E+03  .57760620E+03  .13568360E+07  .98190230E+06 -.21312480E+00  .53648060E+04
 .75953800E+03  .56120890E+03  .12714200E+07  .11499520E+07 -.19210680E+00  .50717490E+04
 .78696350E+03  .54449050E+03  .11884900E+07  .13161180E+07 -.17400330E+00  .48603350E+04
 .81185600E+03  .52766000E+03  .11080780E+07  .14762410E+07 -.15824340E+00  .47024300E+04
 .83452890E+03  .51087160E+03  .10301890E+07  .16272110E+07 -.14433490E+00  .45814270E+04
 .85523010E+03  .49424020E+03  .95480860E+06  .17673110E+07 -.13190220E+00  .44870400E+04
 .87415950E+03  .47785150E+03  .88190530E+06  .18959080E+07 -.12067260E+00  .44124000E+04
 .89148180E+03  .46176870E+03  .81143790E+06  .20129750E+07 -.11044300E+00  .43526380E+04
 .90733440E+03  .44603740E+03  .74335700E+06  .21186940E+07 -.10105150E+00  .43042570E+04
 .92183220E+03  .43068950E+03  .67760740E+06  .22132040E+07 -.92359660E-01  .42648170E+04
 .93507110E+03  .41574750E+03  .61412990E+06  .22964840E+07 -.84245160E-01  .42326790E+04
 .94712920E+03  .40122670E+03  .55286210E+06  .23682860E+07 -.76598230E-01  .42067360E+04
 .95806900E+03  .38713690E+03  .49374030E+06  .24280820E+07 -.69320400E-01  .41861400E+04
 .96793920E+03  .37348350E+03  .43669930E+06  .24750150E+07 -.62322190E-01  .41700820E+04
 .97677550E+03  .36026770E+03  .38167340E+06  .25078180E+07 -.55520040E-01  .41576700E+04
 .98460110E+03  .34748650E+03  .32859720E+06  .25247580E+07 -.48834870E-01  .41479610E+04
 .99142830E+03  .33513320E+03  .27740600E+06  .25236270E+07 -.42198230E-01  .41401340E+04
 .99726060E+03  .32319890E+03  .22803630E+06  .25017700E+07 -.35563380E-01  .41336140E+04
 .10020950E+04  .31167300E+03  .18042590E+06  .24560300E+07 -.28879680E-01  .41278220E+04
 .10059150E+04  .30054290E+03  .13451460E+06  .23830070E+07 -.21991540E-01  .41220760E+04
 .10086650E+04  .28979550E+03  .90243920E+05  .22806240E+07 -.14536840E-01  .41163260E+04
 .10102160E+04  .27941910E+03  .47557410E+05  .21509310E+07 -.58780030E-02  .41115150E+04
 .10103160E+04  .26940550E+03  .64000700E+04  .20033040E+07  .50504590E-02  .41094700E+04
 .24085600E-02  .64555190E+03  .19478940E+07  .25883880E-09 -.37870930E-05  .10555590E+06
 .43083450E-02  .64555190E+03  .22717510E+07  .37480080E-09 -.37870930E-05  .18792600E+06
 .23210770E+03  .64555190E+03  .22717510E+07  .13654980E+06 -.25538370E+00  .18792600E+06
 .21839490E+03  .64582280E+03  .23079090E+07  .14205950E+06 -.23462030E+00  .10164220E+06
 .20580040E+03  .64627640E+03  .23440860E+07  .14816080E+06 -.21545190E+00  .64909010E+05
 .19423450E+03  .64694980E+03  .23802960E+07  .15476980E+06 -.19788180E+00  .45569240E+05
 .18360850E+03  .64787730E+03  .24165500E+07  .16179580E+06 -.18187010E+00  .34061340E+05
 .17383740E+03  .64909010E+03  .24528630E+07  .16914340E+06 -.16733800E+00  .26625820E+05
 .16484110E+03  .65061690E+03  .24892540E+07  .17671630E+06 -.15417790E+00  .21522630E+05
 .15654620E+03  .65248450E+03  .25257390E+07  .18442470E+06 -.14226460E+00  .17853710E+05
 .14888660E+03  .65471840E+03  .25623390E+07  .19219550E+06 -.13146670E+00  .15117510E+05
 .14180350E+03  .65734310E+03  .25990740E+07  .19998820E+06 -.12165650E+00  .13016360E+05
 .13522960E+03  .66039260E+03  .26359210E+07  .20726980E+06 -.11311390E+00  .10984930E+05
 .12912310E+03  .66396150E+03  .26730010E+07  .21618840E+06 -.10513080E+00  .98428560E+04
 .12343840E+03  .66796190E+03  .27102930E+07  .22577090E+06 -.98037030E-01  .88416530E+04
 .11812850E+03  .67243870E+03  .27478210E+07  .23601220E+06 -.91721650E-01  .79588330E+04
 .11812850E+03  .67243870E+03  .27478210E+07  .23601220E+06 -.91721650E-01  .79588330E+04
 .10783490E+03  .68386550E+03  .28291730E+07  .25982820E+06 -.80244030E-01  .64144040E+04
 .98790920E+02  .69816550E+03  .29120640E+07  .28544400E+06 -.70754770E-01  .52815610E+04
 .90800510E+02  .71566960E+03  .29968610E+07  .31211610E+06 -.62607150E-01  .44805250E+04
 .83724860E+02  .73651720E+03  .30839590E+07  .33931950E+06 -.55475380E-01  .39234130E+04
 .77450680E+02  .76071600E+03  .31737590E+07  .36679400E+06 -.49238390E-01  .35290170E+04
 .71874450E+02  .78824520E+03  .32666640E+07  .39452860E+06 -.43829710E-01  .32408330E+04
 .66902480E+02  .81907040E+03  .33630700E+07  .42255890E+06 -.39147270E-01  .30291940E+04
 .62454800E+02  .85309050E+03  .34633690E+07  .45085690E+06 -.35073380E-01  .28787010E+04
 .58464250E+02  .89012250E+03  .35679330E+07  .47937290E+06 -.31516130E-01  .27768790E+04
 .54872710E+02  .92995280E+03  .36771100E+07  .50810310E+06 -.28414700E-01  .27109350E+04
 .51628370E+02  .97240200E+03  .37912260E+07  .53710390E+06 -.25722000E-01  .26692840E+04
 .48684940E+02  .10173570E+04  .39105870E+07  .56647160E+06 -.23391670E-01  .26431820E+04
 .46001790E+02  .10647710E+04  .40354900E+07  .59632050E+06 -.21376130E-01  .26268720E+04
 .43543910E+02  .11146460E+04  .41662300E+07  .62677350E+06 -.19629650E-01  .26168440E+04
 .42006820E+04  .19495720E+07  .41410620E+03  .46964920E+04  .22696850E+07  .23304460E+03
 .10000000E+02  .26000000E+02  .20000000E+01  .14000000E+02  .15000000E+02  .71044920E+04
 .41410620E+03  .64560240E+03  .19495720E+07  .12575040E+06 -.46346940E+00  .10889440E+06
 .44009210E+03  .64508700E+03  .19134310E+07  .14744210E+06 -.46286040E+00  .49907390E+05
 .46577730E+03  .64410830E+03  .18773310E+07  .17728110E+06 -.45326180E+00  .28775810E+05
 .49075870E+03  .64254920E+03  .18413020E+07  .21759730E+06 -.43832130E+00  .19188780E+05
 .51481560E+03  .64034810E+03  .18053780E+07  .26776100E+06 -.42040580E+00  .14194950E+05
 .53778520E+03  .63750990E+03  .17695950E+07  .32172280E+06 -.39928680E+00  .11376050E+05
 .55944820E+03  .63410530E+03  .17339870E+07  .36829370E+06 -.37349450E+00  .97294710E+04
 .57950670E+03  .63026210E+03  .16985830E+07  .39779300E+06 -.34185700E+00  .88111070E+04
 .59763260E+03  .62616560E+03  .16634030E+07  .41098870E+06 -.30505810E+00  .84470070E+04
 .61443740E+03  .62183360E+03  .16286740E+07  .49276880E+06 -.30238360E+00  .74918750E+04
 .61443740E+03  .62183360E+03  .16286740E+07  .49276880E+06 -.30238360E+00  .74918750E+04
 .65702250E+03  .60847360E+03  .15363800E+07  .65126830E+06 -.26692080E+00  .64413820E+04
 .69483510E+03  .59366870E+03  .14462040E+07  .81324730E+06 -.23806800E+00  .57963750E+04
 .72865490E+03  .57788600E+03  .13583280E+07  .97919540E+06 -.21349570E+00  .53704480E+04
 .75905890E+03  .56149540E+03  .12728690E+07  .11472360E+07 -.19242710E+00  .50757500E+04
 .78652920E+03  .54478000E+03  .11898950E+07  .13134680E+07 -.17428180E+00  .48632830E+04
 .81146090E+03  .52794930E+03  .11094400E+07  .14737200E+07 -.15848850E+00  .47046650E+04
 .83416850E+03  .51115870E+03  .10315080E+07  .16248600E+07 -.14455330E+00  .45831570E+04
 .85490080E+03  .49452350E+03  .95608480E+06  .17651470E+07 -.13209910E+00  .44883980E+04
 .87385840E+03  .47812980E+03  .88313930E+06  .18939360E+07 -.12085170E+00  .44134790E+04
 .89120640E+03  .46204120E+03  .81263060E+06  .20111940E+07 -.11060720E+00  .43535050E+04
 .90708250E+03  .44630330E+03  .74450940E+06  .21171000E+07 -.10120300E+00  .43049600E+04
 .92160240E+03  .43094850E+03  .67872040E+06  .22117960E+07 -.92500720E-01  .42653890E+04
 .93486170E+03  .41599930E+03  .61520450E+06  .22952650E+07 -.84377650E-01  .42331410E+04
 .94693910E+03  .40147110E+03  .55389960E+06  .23672620E+07 -.76723900E-01  .42071020E+04
 .95789740E+03  .38737380E+03  .49474160E+06  .24272660E+07 -.69440790E-01  .41864240E+04
 .96778530E+03  .37371290E+03  .43766560E+06  .24744240E+07 -.62438750E-01  .41702970E+04
 .97663890E+03  .36048960E+03  .38260590E+06  .25074780E+07 -.55634160E-01  .41578320E+04
 .98448150E+03  .34770090E+03  .32949700E+06  .25247020E+07 -.48947850E-01  .41480840E+04
 .99132570E+03  .33534030E+03  .27827420E+06  .25238960E+07 -.42311110E-01  .41402290E+04
 .99717500E+03  .32339890E+03  .22887390E+06  .25024110E+07 -.35676850E-01  .41336900E+04
 .10020260E+04  .31186600E+03  .18123410E+06  .24571010E+07 -.28995190E-01  .41278910E+04
 .10058640E+04  .30072920E+03  .13529430E+06  .23845600E+07 -.22113360E-01  .41221450E+04
 .10086330E+04  .28997530E+03  .90996200E+05  .22826670E+07 -.14673310E-01  .41163830E+04
 .10102070E+04  .27959250E+03  .48283200E+05  .21533750E+07 -.60430260E-02  .41115330E+04
 .10103350E+04  .26957270E+03  .71003090E+04  .20059110E+07  .48340010E-02  .41093970E+04
 .24148390E-02  .64560240E+03  .19495720E+07  .26065220E-09 -.37840820E-05  .10889440E+06
 .42910240E-02  .64560240E+03  .22696850E+07  .37567900E-09 -.37840820E-05  .19395630E+06
 .23304460E+03  .64560240E+03  .22696850E+07  .13629250E+06 -.25671560E+00  .19395630E+06
 .21925980E+03  .64586600E+03  .23058450E+07  .14176160E+06 -.23586200E+00  .10411070E+06
 .20659840E+03  .64631000E+03  .23420250E+07  .14782730E+06 -.21660010E+00  .66186610E+05
 .19497080E+03  .64697160E+03  .23782360E+07  .15440580E+06 -.19893580E+00  .46320410E+05
 .18428840E+03  .64788530E+03  .24144910E+07  .16140690E+06 -.18283210E+00  .34541830E+05
 .17446580E+03  .64908240E+03  .24508040E+07  .16873530E+06 -.16821280E+00  .26952750E+05
 .16542280E+03  .65059170E+03  .24871940E+07  .17629500E+06 -.15497180E+00  .21756000E+05
 .15708560E+03  .65244030E+03  .25236770E+07  .18399570E+06 -.14298490E+00  .18026820E+05
 .14938750E+03  .65465370E+03  .25602740E+07  .19176350E+06 -.13212110E+00  .15249980E+05
 .14226940E+03  .65725630E+03  .25970050E+07  .19955620E+06 -.12225270E+00  .13120330E+05
 .13566510E+03  .66027600E+03  .26338460E+07  .20679580E+06 -.11365850E+00  .11053450E+05
 .12952970E+03  .66382240E+03  .26709190E+07  .21568380E+06 -.10561980E+00  .99026920E+04
 .12381900E+03  .66779790E+03  .27082020E+07  .22523310E+06 -.98475960E-01  .88944490E+04
 .11848580E+03  .67224730E+03  .27457210E+07  .23544280E+06 -.92117130E-01  .80054700E+04
 .11848580E+03  .67224730E+03  .27457210E+07  .23544280E+06 -.92117130E-01  .80054700E+04
 .10814930E+03  .68360570E+03  .28270460E+07  .25920490E+06 -.80568120E-01  .64494790E+04
 .99069550E+02  .69782630E+03  .29099010E+07  .28478670E+06 -.71029750E-01  .53069650E+04
 .91048390E+02  .71524430E+03  .29946520E+07  .31144000E+06 -.62846050E-01  .44984080E+04
 .83945920E+02  .73600410E+03  .30816940E+07  .33863460E+06 -.55684380E-01  .39360280E+04
 .77648320E+02  .76011520E+03  .31714280E+07  .36610300E+06 -.49420140E-01  .35382050E+04
 .72051760E+02  .78755720E+03  .32642550E+07  .39383040E+06 -.43987120E-01  .32476810E+04
 .67062180E+02  .81829640E+03  .33605730E+07  .42185370E+06 -.39284070E-01  .30342300E+04
 .62599150E+02  .85223430E+03  .34607740E+07  .45014630E+06 -.35192940E-01  .28822610E+04
 .58595160E+02  .88918960E+03  .35652300E+07  .47865790E+06 -.31620800E-01  .27792990E+04
 .54991870E+02  .92894880E+03  .36742910E+07  .50738300E+06 -.28506150E-01  .27125450E+04
 .51737270E+02  .97133090E+03  .37882830E+07  .53637660E+06 -.25801700E-01  .26703600E+04
 .48784910E+02  .10162210E+04  .39075110E+07  .56573440E+06 -.23461110E-01  .26439130E+04
 .46093960E+02  .10635710E+04  .40322740E+07  .59557030E+06 -.21436760E-01  .26273780E+04
 .43629280E+02  .11133810E+04  .41628670E+07  .62600680E+06 -.19682790E-01  .26171980E+04
 .42032840E+04  .19512840E+07  .41300440E+03  .46931430E+04  .22675780E+07  .23400200E+03
 .10000000E+02  .26000000E+02  .20000000E+01  .14000000E+02  .15000000E+02  .71011430E+04
 .41300440E+03  .64565280E+03  .19512840E+07  .12530640E+06 -.46296610E+00  .11244630E+06
 .43897610E+03  .64515140E+03  .19151390E+07  .14656420E+06 -.46284410E+00  .51146430E+05
 .46467100E+03  .64419330E+03  .18790350E+07  .17587800E+06 -.45359640E+00  .29325720E+05
 .48967740E+03  .64265950E+03  .18430010E+07  .21564930E+06 -.43886330E+00  .19470120E+05
 .51376940E+03  .64048550E+03  .18070690E+07  .26543660E+06 -.42112370E+00  .14351730E+05
 .53678540E+03  .63767320E+03  .17712780E+07  .31947660E+06 -.40024000E+00  .11467010E+05
 .55851000E+03  .63429000E+03  .17356610E+07  .36670480E+06 -.37474760E+00  .97816540E+04
 .57864780E+03  .63046130E+03  .17002460E+07  .39713060E+06 -.34343220E+00  .88359250E+04
 .59686820E+03  .62636960E+03  .16650540E+07  .41072180E+06 -.30674230E+00  .84511060E+04
 .61367620E+03  .62205980E+03  .16303140E+07  .49021500E+06 -.30303490E+00  .75142510E+04
 .61367620E+03  .62205980E+03  .16303140E+07  .49021500E+06 -.30303490E+00  .75142510E+04
 .65634720E+03  .60872720E+03  .15379830E+07  .64864950E+06 -.26743510E+00  .64545500E+04
 .69423110E+03  .59394150E+03  .14477680E+07  .81055030E+06 -.23850730E+00  .58048990E+04
 .72811210E+03  .57817110E+03  .13598500E+07  .97643170E+06 -.21387520E+00  .53762440E+04
 .75856910E+03  .56178760E+03  .12743470E+07  .11444620E+07 -.19275490E+00  .50798590E+04
 .78608520E+03  .54507510E+03  .11913300E+07  .13107590E+07 -.17456670E+00  .48663070E+04
 .81105700E+03  .52824450E+03  .11108310E+07  .14711420E+07 -.15873910E+00  .47069580E+04
 .83380000E+03  .51145170E+03  .10328550E+07  .16224540E+07 -.14477670E+00  .45849320E+04
 .85456410E+03  .49481260E+03  .95738730E+06  .17629330E+07 -.13230050E+00  .44897920E+04
 .87355050E+03  .47841380E+03  .88439880E+06  .18919190E+07 -.12103480E+00  .44145860E+04
 .89092480E+03  .46231920E+03  .81384790E+06  .20093710E+07 -.11077490E+00  .43543950E+04
 .90682510E+03  .44657480E+03  .74568540E+06  .21154680E+07 -.10135780E+00  .43056810E+04
 .92136730E+03  .43121300E+03  .67985630E+06  .22103540E+07 -.92644840E-01  .42659750E+04
 .93464760E+03  .41625640E+03  .61630130E+06  .22940160E+07 -.84512990E-01  .42336140E+04
 .94674480E+03  .40172060E+03  .55495830E+06  .23662130E+07 -.76852220E-01  .42074780E+04
 .95772190E+03  .38761560E+03  .49576350E+06  .24264280E+07 -.69563690E-01  .41867150E+04
 .96762800E+03  .37394700E+03  .43865180E+06  .24738160E+07 -.62557730E-01  .41705180E+04
 .97649910E+03  .36071600E+03  .38355760E+06  .25071250E+07 -.55750630E-01  .41579970E+04
 .98435910E+03  .34791970E+03  .33041530E+06  .25246380E+07 -.49063130E-01  .41482100E+04
 .99122060E+03  .33555170E+03  .27916020E+06  .25241630E+07 -.42426260E-01  .41403280E+04
 .99708720E+03  .32360300E+03  .22972880E+06  .25030580E+07 -.35792570E-01  .41337690E+04
 .10019560E+04  .31206300E+03  .18205890E+06  .24581850E+07 -.29112940E-01  .41279610E+04
 .10058120E+04  .30091940E+03  .13609010E+06  .23861350E+07 -.22237450E-01  .41222140E+04
 .10086000E+04  .29015880E+03  .91763910E+05  .22847410E+07 -.14812140E-01  .41164420E+04
 .10101970E+04  .27976960E+03  .49023850E+05  .21558630E+07 -.62106550E-02  .41115530E+04
 .10103540E+04  .26974340E+03  .78148810E+04  .20085710E+07  .46144070E-02  .41093280E+04
 .24212820E-02  .64565280E+03  .19512840E+07  .26253150E-09 -.37810610E-05  .11244630E+06
 .42734680E-02  .64565280E+03  .22675780E+07  .37660620E-09 -.37810610E-05  .20038450E+06
 .23400200E+03  .64565280E+03  .22675780E+07  .13603230E+06 -.25807620E+00  .20038450E+06
 .22014350E+03  .64590920E+03  .23037410E+07  .14145980E+06 -.23713120E+00  .10671640E+06
 .20741370E+03  .64634350E+03  .23399240E+07  .14748880E+06 -.21777410E+00  .67527690E+05
 .19572300E+03  .64699320E+03  .23761360E+07  .15403610E+06 -.20001390E+00  .47105800E+05
 .18498290E+03  .64789280E+03  .24123920E+07  .16101150E+06 -.18381650E+00  .35042650E+05
 .17510770E+03  .64907400E+03  .24487050E+07  .16832010E+06 -.16910810E+00  .27292640E+05
 .16601690E+03  .65056570E+03  .24850940E+07  .17586600E+06 -.15578430E+00  .21998100E+05
 .15763630E+03  .65239500E+03  .25215750E+07  .18355850E+06 -.14372210E+00  .18206070E+05
 .14989890E+03  .65458750E+03  .25581690E+07  .19132300E+06 -.13279090E+00  .15386940E+05
 .14274500E+03  .65716770E+03  .25948960E+07  .19911550E+06 -.12286270E+00  .13227680E+05
 .13610960E+03  .66015690E+03  .26317310E+07  .20631380E+06 -.11421590E+00  .11123870E+05
 .12994460E+03  .66368040E+03  .26687970E+07  .21517080E+06 -.10612050E+00  .99641390E+04
 .12420730E+03  .66763060E+03  .27060710E+07  .22468620E+06 -.98925160E-01  .89486480E+04
 .11885020E+03  .67205210E+03  .27435800E+07  .23486330E+06 -.92521690E-01  .80533500E+04
 .11885020E+03  .67205210E+03  .27435800E+07  .23486330E+06 -.92521690E-01  .80533500E+04
 .10846980E+03  .68334130E+03  .28248770E+07  .25857000E+06 -.80899290E-01  .64855180E+04
 .99353570E+02  .69748110E+03  .29076960E+07  .28411660E+06 -.71310490E-01  .53330900E+04
 .91301030E+02  .71481160E+03  .29924010E+07  .31075030E+06 -.63089880E-01  .45168050E+04
 .84171160E+02  .73548180E+03  .30793850E+07  .33793580E+06 -.55897690E-01  .39489970E+04
 .77849660E+02  .75950360E+03  .31690500E+07  .36539810E+06 -.49605690E-01  .35476400E+04
 .72232360E+02  .78685640E+03  .32617990E+07  .39311820E+06 -.44147800E-01  .32547120E+04
 .67224800E+02  .81750810E+03  .33580280E+07  .42113420E+06 -.39423700E-01  .30394040E+04
 .62746100E+02  .85136200E+03  .34581290E+07  .44942120E+06 -.35314950E-01  .28859220E+04
 .58728400E+02  .88823900E+03  .35624760E+07  .47792830E+06 -.31727620E-01  .27817870E+04
 .55113120E+02  .92792550E+03  .36714190E+07  .50664820E+06 -.28599460E-01  .27142010E+04
 .51848060E+02  .97023900E+03  .37852830E+07  .53563460E+06 -.25883010E-01  .26714640E+04
 .48886580E+02  .10150630E+04  .39043760E+07  .56498230E+06 -.23531940E-01  .26446620E+04
 .46187690E+02  .10623480E+04  .40289970E+07  .59480490E+06 -.21498590E-01  .26278960E+04
 .43716060E+02  .11120920E+04  .41594380E+07  .62522480E+06 -.19736980E-01  .26175590E+04
 .42059410E+04  .19530310E+07  .41187920E+03  .46897300E+04  .22654300E+07  .23498090E+03
 .10000000E+02  .26000000E+02  .20000000E+01  .14000000E+02  .15000000E+02  .70977300E+04
 .41187920E+03  .64570310E+03  .19530310E+07  .12486980E+06 -.46243720E+00  .11623240E+06
 .43783550E+03  .64521580E+03  .19168830E+07  .14568910E+06 -.46281420E+00  .52457840E+05
 .46353980E+03  .64427840E+03  .18807750E+07  .17446980E+06 -.45393050E+00  .29904820E+05
 .48857140E+03  .64277040E+03  .18447350E+07  .21368190E+06 -.43941180E+00  .19765340E+05
 .51269890E+03  .64062430E+03  .18087960E+07  .26306910E+06 -.42184840E+00  .14515940E+05
 .53576170E+03  .63783840E+03  .17729970E+07  .31715950E+06 -.40120010E+00  .11562260E+05
 .55754830E+03  .63447750E+03  .17373690E+07  .36503310E+06 -.37601080E+00  .98364800E+04
 .57776610E+03  .63066400E+03  .17019440E+07  .39640510E+06 -.34502480E+00  .88625300E+04
 .59608270E+03  .62657770E+03  .16667400E+07  .41048980E+06 -.30848850E+00  .84555060E+04
 .61289690E+03  .62228990E+03  .16319880E+07  .48760590E+06 -.30370410E+00  .75373550E+04
 .61289690E+03  .62228990E+03  .16319880E+07  .48760590E+06 -.30370410E+00  .75373550E+04
 .65565610E+03  .60898570E+03  .15396210E+07  .64597430E+06 -.26796220E+00  .64681130E+04
 .69361300E+03  .59421960E+03  .14493650E+07  .80779530E+06 -.23895730E+00  .58136690E+04
 .72755680E+03  .57846200E+03  .13614040E+07  .97360830E+06 -.21426380E+00  .53822030E+04
 .75806800E+03  .56208570E+03  .12758570E+07  .11416270E+07 -.19309060E+00  .50840800E+04
 .78563100E+03  .54537630E+03  .11927950E+07  .13079890E+07 -.17485830E+00  .48694130E+04
 .81064380E+03  .52854580E+03  .11122500E+07  .14685050E+07 -.15899560E+00  .47093120E+04
 .83342310E+03  .51175070E+03  .10342290E+07  .16199930E+07 -.14500530E+00  .45867520E+04
 .85421980E+03  .49510780E+03  .95871740E+06  .17606680E+07 -.13250640E+00  .44912200E+04
 .87323570E+03  .47870390E+03  .88568490E+06  .18898530E+07 -.12122210E+00  .44157210E+04
 .89063680E+03  .46260310E+03  .81509100E+06  .20075040E+07 -.11094640E+00  .43553060E+04
 .90656180E+03  .44685200E+03  .74688650E+06  .21137960E+07 -.10151620E+00  .43064200E+04
 .92112690E+03  .43148290E+03  .68101630E+06  .22088770E+07 -.92792160E-01  .42665760E+04
 .93442860E+03  .41651890E+03  .61742130E+06  .22927360E+07 -.84651310E-01  .42341000E+04
 .94654600E+03  .40197540E+03  .55603960E+06  .23651350E+07 -.76983350E-01  .42078630E+04
 .95754230E+03  .38786260E+03  .49680720E+06  .24255660E+07 -.69689270E-01  .41870140E+04
 .96746690E+03  .37418620E+03  .43965900E+06  .24731880E+07 -.62679250E-01  .41707440E+04
 .97635610E+03  .36094730E+03  .38452940E+06  .25067580E+07 -.55869560E-01  .41581670E+04
 .98423380E+03  .34814320E+03  .33135300E+06  .25245650E+07 -.49180820E-01  .41483400E+04
 .99111290E+03  .33576760E+03  .28006500E+06  .25244270E+07 -.42543800E-01  .41404290E+04
 .99699710E+03  .32381150E+03  .23060180E+06  .25037090E+07 -.35910690E-01  .41338500E+04
 .10018840E+04  .31226430E+03  .18290110E+06  .24592810E+07 -.29233070E-01  .41280340E+04
 .10057580E+04  .30111370E+03  .13690270E+06  .23877320E+07 -.22363910E-01  .41222870E+04
 .10085670E+04  .29034630E+03  .92547870E+05  .22868500E+07 -.14953450E-01  .41165040E+04
 .10101860E+04  .27995050E+03  .49780180E+05  .21583950E+07 -.63810300E-02  .41115760E+04
 .10103720E+04  .26991780E+03  .85445620E+04  .20112860E+07  .43915070E-02  .41092610E+04
 .24278960E-02  .64570310E+03  .19530310E+07  .26448100E-09 -.37780280E-05  .11623240E+06
 .42556650E-02  .64570310E+03  .22654300E+07  .37758490E-09 -.37780280E-05  .20725040E+06
 .23498090E+03  .64570310E+03  .22654300E+07  .13576900E+06 -.25946700E+00  .20725040E+06
 .22104710E+03  .64595230E+03  .23015960E+07  .14115380E+06 -.23842900E+00  .10947110E+06
 .20824720E+03  .64637690E+03  .23377800E+07  .14714530E+06 -.21897520E+00  .68937400E+05
 .19649200E+03  .64701450E+03  .23739940E+07  .15366040E+06 -.20111740E+00  .47928020E+05
 .18569280E+03  .64790000E+03  .24102500E+07  .16060930E+06 -.18482440E+00  .35565290E+05
 .17576380E+03  .64906500E+03  .24465640E+07  .16789750E+06 -.17002490E+00  .27646410E+05
 .16662410E+03  .65053880E+03  .24829510E+07  .17542880E+06 -.15661650E+00  .22249530E+05
 .15819910E+03  .65234840E+03  .25194310E+07  .18311270E+06 -.14447720E+00  .18391880E+05
 .15042140E+03  .65451970E+03  .25560210E+07  .19087360E+06 -.13347680E+00  .15528680E+05
 .14323080E+03  .65707720E+03  .25927440E+07  .19866570E+06 -.12348720E+00  .13338630E+05
 .13656350E+03  .66003500E+03  .26295740E+07  .20582330E+06 -.11478680E+00  .11196300E+05
 .13036810E+03  .66353550E+03  .26666320E+07  .21464890E+06 -.10663320E+00  .10027280E+05
 .12460360E+03  .66746010E+03  .27038970E+07  .22412960E+06 -.99385170E-01  .90043300E+04
 .11922210E+03  .67185330E+03  .27413960E+07  .23427340E+06 -.92935830E-01  .81025440E+04
 .11922210E+03  .67185330E+03  .27413960E+07  .23427340E+06 -.92935830E-01  .81025440E+04
 .10879690E+03  .68307210E+03  .28226650E+07  .25792280E+06 -.81237930E-01  .65225740E+04
 .99643260E+02  .69712980E+03  .29054470E+07  .28343300E+06 -.71597320E-01  .53599770E+04
 .91558670E+02  .71437110E+03  .29901040E+07  .31004650E+06 -.63338880E-01  .45357450E+04
 .84400830E+02  .73495000E+03  .30770300E+07  .33722250E+06 -.56115550E-01  .39623400E+04
 .78054890E+02  .75888060E+03  .31666260E+07  .36467840E+06 -.49795230E-01  .35573370E+04
 .72416420E+02  .78614250E+03  .32592940E+07  .39239110E+06 -.44311940E-01  .32619350E+04
 .67390500E+02  .81670460E+03  .33554320E+07  .42039970E+06 -.39566290E-01  .30447230E+04
 .62895790E+02  .85047280E+03  .34554320E+07  .44868080E+06 -.35439540E-01  .28896880E+04
 .58864100E+02  .88726980E+03  .35596670E+07  .47718330E+06 -.31836670E-01  .27843480E+04
 .55236570E+02  .92688200E+03  .36684890E+07  .50589810E+06 -.28694730E-01  .27159050E+04
 .51960830E+02  .96912550E+03  .37822240E+07  .53487710E+06 -.25966040E-01  .26725990E+04
 .48990050E+02  .10138820E+04  .39011800E+07  .56421460E+06 -.23604260E-01  .26454300E+04
 .46283040E+02  .10611000E+04  .40256540E+07  .59402360E+06 -.21561700E-01  .26284270E+04
 .43804320E+02  .11107770E+04  .41559420E+07  .62442670E+06 -.19792260E-01  .26179280E+04
 .42086540E+04  .19548150E+07  .41072920E+03  .46862490E+04  .22632380E+07  .23598240E+03
 .10000000E+02  .26000000E+02  .20000000E+01  .14000000E+02  .15000000E+02  .70942490E+04
 .41072920E+03  .64575350E+03  .19548150E+07  .12444080E+06 -.46188120E+00  .12027610E+06
 .43666910E+03  .64528020E+03  .19186640E+07  .14481710E+06 -.46276940E+00  .53848270E+05
 .46238220E+03  .64436390E+03  .18825510E+07  .17305650E+06 -.45426380E+00  .30515620E+05
 .48743930E+03  .64288200E+03  .18465060E+07  .21169480E+06 -.43996690E+00  .20075550E+05
 .51160270E+03  .64076420E+03  .18105610E+07  .26065750E+06 -.42258050E+00  .14688150E+05
 .53471280E+03  .63800570E+03  .17747520E+07  .31476900E+06 -.40216760E+00  .11662120E+05
 .55656190E+03  .63466780E+03  .17391150E+07  .36327450E+06 -.37728470E+00  .98941340E+04
 .57686040E+03  .63087030E+03  .17036780E+07  .39561170E+06 -.34663520E+00  .88910390E+04
 .59527470E+03  .62679020E+03  .16684630E+07  .41027740E+06 -.31029100E+00  .84604900E+04
 .61209840E+03  .62252420E+03  .16336980E+07  .48493830E+06 -.30439250E+00  .75612350E+04
 .61209840E+03  .62252420E+03  .16336980E+07  .48493830E+06 -.30439250E+00  .75612350E+04
 .65494840E+03  .60924910E+03  .15412930E+07  .64323930E+06 -.26850290E+00  .64820940E+04
 .69298000E+03  .59450330E+03  .14509970E+07  .80497940E+06 -.23941850E+00  .58227010E+04
 .72698820E+03  .57875890E+03  .13629920E+07  .97072180E+06 -.21466220E+00  .53883340E+04
 .75755490E+03  .56239010E+03  .12774000E+07  .11387270E+07 -.19343450E+00  .50884200E+04
 .78516600E+03  .54568400E+03  .11942920E+07  .13051550E+07 -.17515710E+00  .48726040E+04
 .81022080E+03  .52885360E+03  .11137010E+07  .14658050E+07 -.15925830E+00  .47117290E+04
 .83303730E+03  .51205630E+03  .10356340E+07  .16174720E+07 -.14523930E+00  .45886220E+04
 .85386730E+03  .49540930E+03  .96007660E+06  .17583470E+07 -.13271730E+00  .44926870E+04
 .87291330E+03  .47900020E+03  .88699930E+06  .18877380E+07 -.12141370E+00  .44168860E+04
 .89034190E+03  .46289330E+03  .81636140E+06  .20055910E+07 -.11112200E+00  .43562420E+04
 .90629220E+03  .44713520E+03  .74811390E+06  .21120830E+07 -.10167820E+00  .43071790E+04
 .92088070E+03  .43175890E+03  .68220180E+06  .22073620E+07 -.92942870E-01  .42671930E+04
 .93420430E+03  .41678720E+03  .61856600E+06  .22914220E+07 -.84792790E-01  .42345980E+04
 .94634230E+03  .40223590E+03  .55714460E+06  .23640290E+07 -.77117440E-01  .42082600E+04
 .95735830E+03  .38811510E+03  .49787370E+06  .24246800E+07 -.69817650E-01  .41873220E+04
 .96730190E+03  .37443060E+03  .44068820E+06  .24725410E+07 -.62803480E-01  .41709780E+04
 .97620950E+03  .36118370E+03  .38552260E+06  .25063750E+07 -.55991090E-01  .41583430E+04
 .98410530E+03  .34837170E+03  .33231140E+06  .25244840E+07 -.49301070E-01  .41484740E+04
 .99100240E+03  .33598830E+03  .28098970E+06  .25246880E+07 -.42663870E-01  .41405330E+04
 .99690470E+03  .32402460E+03  .23149390E+06  .25043650E+07 -.36031310E-01  .41339340E+04
 .10018100E+04  .31247000E+03  .18376180E+06  .24603910E+07 -.29355690E-01  .41281090E+04
 .10057020E+04  .30131230E+03  .13773300E+06  .23893530E+07 -.22492880E-01  .41223620E+04
 .10085310E+04  .29053800E+03  .93348970E+05  .22889940E+07 -.15097380E-01  .41165680E+04
 .10101750E+04  .28013540E+03  .50553050E+05  .21609760E+07 -.65543060E-02  .41116020E+04
 .10103900E+04  .27009600E+03  .92901890E+04  .20140580E+07  .41651180E-02  .41091970E+04
 .24346940E-02  .64575350E+03  .19548150E+07  .26650500E-09 -.37749820E-05  .12027610E+06
 .42376040E-02  .64575350E+03  .22632380E+07  .37861840E-09 -.37749820E-05  .21459960E+06
 .23598240E+03  .64575350E+03  .22632380E+07  .13550250E+06 -.26088940E+00  .21459960E+06
 .22197160E+03  .64599540E+03  .22994060E+07  .14084350E+06 -.23975720E+00  .11238850E+06
 .20910010E+03  .64641020E+03  .23355920E+07  .14679630E+06 -.22020510E+00  .70421460E+05
 .19727880E+03  .64703560E+03  .23718080E+07  .15327830E+06 -.20224770E+00  .48789960E+05
 .18641900E+03  .64790660E+03  .24080650E+07  .16020000E+06 -.18585710E+00  .36111370E+05
 .17643480E+03  .64905520E+03  .24443780E+07  .16746690E+06 -.17096450E+00  .28015050E+05
 .16724490E+03  .65051090E+03  .24807650E+07  .17498320E+06 -.15746930E+00  .22510940E+05
 .15877440E+03  .65230060E+03  .25172420E+07  .18265800E+06 -.14525100E+00  .18584700E+05
 .15095540E+03  .65445030E+03  .25538290E+07  .19041480E+06 -.13417960E+00  .15675520E+05
 .14372730E+03  .65698470E+03  .25905480E+07  .19820620E+06 -.12412710E+00  .13453420E+05
 .13703630E+03  .65992750E+03  .26274190E+07  .20603140E+06 -.11497590E+00  .11714140E+05
 .13080090E+03  .66338740E+03  .26644220E+07  .21411770E+06 -.10715890E+00  .10092230E+05
 .12500850E+03  .66728610E+03  .27016780E+07  .22356300E+06 -.99856620E-01  .90615780E+04
 .11960190E+03  .67165050E+03  .27391660E+07  .23367260E+06 -.93360080E-01  .81531240E+04
 .11960190E+03  .67165050E+03  .27391660E+07  .23367260E+06 -.93360080E-01  .81531240E+04
 .10913070E+03  .68279780E+03  .28204070E+07  .25726300E+06 -.81584460E-01  .65607060E+04
 .99938920E+02  .69677200E+03  .29031510E+07  .28273550E+06 -.71890560E-01  .53876690E+04
 .91821570E+02  .71392240E+03  .29877600E+07  .30932770E+06 -.63593340E-01  .45552600E+04
 .84635140E+02  .73440800E+03  .30746260E+07  .33649390E+06 -.56338190E-01  .39760800E+04
 .78264250E+02  .75824550E+03  .31641520E+07  .36394330E+06 -.49988960E-01  .35673110E+04
 .72604120E+02  .78541470E+03  .32567380E+07  .39164840E+06 -.44479710E-01  .32693620E+04
 .67559430E+02  .81588540E+03  .33527840E+07  .41964940E+06 -.39712000E-01  .30501950E+04
 .63048370E+02  .84956600E+03  .34526790E+07  .44792460E+06 -.35566830E-01  .28935670E+04
 .59002380E+02  .88628110E+03  .35568010E+07  .47642230E+06 -.31948090E-01  .27869870E+04
 .55362350E+02  .92581730E+03  .36655000E+07  .50513170E+06 -.28792070E-01  .27176590E+04
 .52075690E+02  .96798930E+03  .37791020E+07  .53410330E+06 -.26050860E-01  .26737660E+04
 .49095390E+02  .10126770E+04  .38979180E+07  .56343030E+06 -.23678120E-01  .26462200E+04
 .46380110E+02  .10598260E+04  .40222430E+07  .59322580E+06 -.21626150E-01  .26289700E+04
 .43894150E+02  .11094350E+04  .41523740E+07  .62361160E+06 -.19848700E-01  .26183070E+04
 .42114290E+04  .19566380E+07  .40955320E+03  .46826960E+04  .22609980E+07  .23700780E+03
 .10000000E+02  .26000000E+02  .20000000E+01  .14000000E+02  .15000000E+02  .70906960E+04
 .40955320E+03  .64580380E+03  .19566380E+07  .12401970E+06 -.46129620E+00  .12460380E+06
 .43547530E+03  .64534470E+03  .19204840E+07  .14394830E+06 -.46270870E+00  .55325220E+05
 .46119680E+03  .64444960E+03  .18843670E+07  .17163800E+06 -.45459600E+00  .31160930E+05
 .48627950E+03  .64299430E+03  .18483160E+07  .20968760E+06 -.44052930E+00  .20402010E+05
 .51047940E+03  .64090560E+03  .18123640E+07  .25820080E+06 -.42332090E+00  .14868990E+05
 .53363700E+03  .63817520E+03  .17765470E+07  .31230270E+06 -.40314310E+00  .11766930E+05
 .55554920E+03  .63486120E+03  .17408990E+07  .36142460E+06 -.37856990E+00  .99548230E+04
 .57592930E+03  .63108050E+03  .17054510E+07  .39474550E+06 -.34826420E+00  .89215790E+04
 .59444300E+03  .62700710E+03  .16702240E+07  .41007100E+06 -.31214540E+00  .84663150E+04
 .61127980E+03  .62276290E+03  .16354470E+07  .48220900E+06 -.30510110E+00  .75859440E+04
 .61127980E+03  .62276290E+03  .16354470E+07  .48220900E+06 -.30510110E+00  .75859440E+04
 .65422290E+03  .60951780E+03  .15430040E+07  .64044130E+06 -.26905800E+00  .64965210E+04
 .69233120E+03  .59479290E+03  .14526650E+07  .80209900E+06 -.23989160E+00  .58320100E+04
 .72640540E+03  .57906210E+03  .13646160E+07  .96776860E+06 -.21507080E+00  .53946500E+04
 .75702910E+03  .56270100E+03  .12789780E+07  .11357590E+07 -.19378730E+00  .50928880E+04
 .78468960E+03  .54599840E+03  .11958230E+07  .13022530E+07 -.17546350E+00  .48758860E+04
 .80978750E+03  .52916820E+03  .11151850E+07  .14630390E+07 -.15952760E+00  .47142140E+04
 .83264200E+03  .51236870E+03  .10370710E+07  .16148890E+07 -.14547920E+00  .45905430E+04
 .85350620E+03  .49571770E+03  .96146680E+06  .17559680E+07 -.13293330E+00  .44941940E+04
 .87258310E+03  .47930320E+03  .88834360E+06  .18855680E+07 -.12161000E+00  .44180830E+04
 .89003990E+03  .46319000E+03  .81766080E+06  .20036290E+07 -.11130180E+00  .43572040E+04
 .90601610E+03  .44742490E+03  .74936920E+06  .21103250E+07 -.10184400E+00  .43079590E+04
 .92062850E+03  .43204110E+03  .68341420E+06  .22058070E+07 -.93097170E-01  .42678270E+04
 .93397450E+03  .41706160E+03  .61973660E+06  .22900720E+07 -.84937610E-01  .42351100E+04
 .94613370E+03  .40250220E+03  .55827470E+06  .23628920E+07 -.77254670E-01  .42086670E+04
 .95716980E+03  .38837330E+03  .49896440E+06  .24237680E+07 -.69949010E-01  .41876390E+04
 .96713270E+03  .37468060E+03  .44174090E+06  .24718720E+07 -.62930550E-01  .41712180E+04
 .97605910E+03  .36142550E+03  .38653840E+06  .25059770E+07 -.56115390E-01  .41585240E+04
 .98397350E+03  .34860550E+03  .33329140E+06  .25243920E+07 -.49424010E-01  .41486120E+04
 .99088900E+03  .33621410E+03  .28193530E+06  .25249470E+07 -.42786600E-01  .41406410E+04
 .99680980E+03  .32424260E+03  .23240620E+06  .25050250E+07 -.36154600E-01  .41340210E+04
 .10017330E+04  .31268050E+03  .18464200E+06  .24615160E+07 -.29480970E-01  .41281860E+04
 .10056450E+04  .30151540E+03  .13858220E+06  .23909980E+07 -.22624520E-01  .41224390E+04
 .10084950E+04  .29073410E+03  .94168230E+05  .22911750E+07 -.15244080E-01  .41166350E+04
 .10101620E+04  .28032460E+03  .51343410E+05  .21636060E+07 -.67306500E-02  .41116300E+04
 .10104080E+04  .27027840E+03  .10052680E+05  .20168920E+07  .39350410E-02  .41091360E+04
 .24416850E-02  .64580380E+03  .19566380E+07  .26860860E-09 -.37719240E-05  .12460380E+06
 .42192700E-02  .64580380E+03  .22609980E+07  .37971000E-09 -.37719240E-05  .22248380E+06
 .23700780E+03  .64580380E+03  .22609980E+07  .13523270E+06 -.26234530E+00  .22248380E+06
 .22291810E+03  .64603840E+03  .22971690E+07  .14052880E+06 -.24111730E+00  .11548370E+06
 .20997320E+03  .64644330E+03  .23333580E+07  .14644180E+06 -.22146500E+00  .71986270E+05
 .19808420E+03  .64705640E+03  .23695750E+07  .15288970E+06 -.20340630E+00  .49694860E+05
 .18716240E+03  .64791280E+03  .24058330E+07  .15978320E+06 -.18691590E+00  .36682720E+05
 .17712160E+03  .64904490E+03  .24421460E+07  .16702810E+06 -.17192800E+00  .28399670E+05
 .16788030E+03  .65048190E+03  .24785320E+07  .17452870E+06 -.15834410E+00  .22783030E+05
 .15936310E+03  .65225140E+03  .25150060E+07  .18219380E+06 -.14604460E+00  .18784990E+05
 .15150170E+03  .65437920E+03  .25515900E+07  .18994620E+06 -.13490040E+00  .15827810E+05
 .14423510E+03  .65689000E+03  .25883040E+07  .19773660E+06 -.12478320E+00  .13572290E+05
 .13750900E+03  .65980770E+03  .26251700E+07  .20556150E+06 -.11557480E+00  .11808920E+05
 .13124330E+03  .66323600E+03  .26621650E+07  .21357670E+06 -.10769810E+00  .10159080E+05
 .12542230E+03  .66710830E+03  .26994120E+07  .22298580E+06 -.10034020E+00  .91204830E+04
 .11999000E+03  .67144360E+03  .27368890E+07  .23306020E+06 -.93795040E-01  .82051730E+04
 .11999000E+03  .67144360E+03  .27368890E+07  .23306020E+06 -.93795040E-01  .82051730E+04
 .10947180E+03  .68251820E+03  .28181010E+07  .25658960E+06 -.81939320E-01  .65999750E+04
 .10024090E+03  .69640740E+03  .29008060E+07  .28202310E+06 -.72190580E-01  .54162160E+04
 .92090020E+02  .71346500E+03  .29853660E+07  .30859330E+06 -.63853550E-01  .45753850E+04
 .84874360E+02  .73385540E+03  .30721720E+07  .33574910E+06 -.56565880E-01  .39902390E+04
 .78477940E+02  .75759780E+03  .31616250E+07  .36319200E+06 -.50187130E-01  .35775780E+04
 .72795660E+02  .78467230E+03  .32541280E+07  .39088940E+06 -.44651310E-01  .32770040E+04
 .67731770E+02  .81504960E+03  .33500790E+07  .41888250E+06 -.39861020E-01  .30558280E+04
 .63204010E+02  .84864040E+03  .34498690E+07  .44715140E+06 -.35696980E-01  .28975640E+04
 .59143390E+02  .88527180E+03  .35538740E+07  .47564430E+06 -.32062010E-01  .27897080E+04
 .55490560E+02  .92473020E+03  .36624470E+07  .50434830E+06 -.28891600E-01  .27194680E+04
 .52192750E+02  .96682900E+03  .37759150E+07  .53331240E+06 -.26137580E-01  .26749680E+04
 .49202740E+02  .10114460E+04  .38945870E+07  .56262880E+06 -.23753630E-01  .26470320E+04
 .46478980E+02  .10585260E+04  .40187600E+07  .59241030E+06 -.21692010E-01  .26295290E+04
 .43985620E+02  .11080640E+04  .41487310E+07  .62277880E+06 -.19906360E-01  .26186950E+04
