 .42114290E+04  .19566380E+07  .40955320E+03  .46826960E+04  .22609980E+07  .23700780E+03
 .10000000E+02  .26000000E+02  .20000000E+01  .14000000E+02  .15000000E+02  .70906960E+04
 .40955320E+03  .64580380E+03  .19566380E+07  .12401970E+06 -.46129620E+00  .12460380E+06
 .43547530E+03  .64534470E+03  .19204840E+07  .14394830E+06 -.46270870E+00  .55325220E+05
 .46119680E+03  .64444960E+03  .18843670E+07  .17163800E+06 -.45459600E+00  .31160930E+05
 .48627950E+03  .64299430E+03  .18483160E+07  .20968760E+06 -.44052930E+00  .20402010E+05
 .51047940E+03  .64090560E+03  .18123640E+07  .25820080E+06 -.42332090E+00  .14868990E+05
 .53363700E+03  .63817520E+03  .17765470E+07  .31230270E+06 -.40314310E+00  .11766930E+05
 .55554920E+03  .63486120E+03  .17408990E+07  .36142460E+06 -.37856990E+00  .99548230E+04
 .57592930E+03  .63108050E+03  .17054510E+07  .39474550E+06 -.34826420E+00  .89215790E+04
 .59444300E+03  .62700710E+03  .16702240E+07  .41007100E+06 -.31214540E+00  .84663150E+04
 .61127980E+03  .62276290E+03  .16354470E+07  .48220900E+06 -.30510110E+00  .75859440E+04
 .61127980E+03  .62276290E+03  .16354470E+07  .48220900E+06 -.30510110E+00  .75859440E+04
 .65422290E+03  .60951780E+03  .15430040E+07  .64044130E+06 -.26905800E+00  .64965210E+04
 .69233120E+03  .59479290E+03  .14526650E+07  .80209900E+06 -.23989160E+00  .58320100E+04
 .72640540E+03  .57906210E+03  .13646160E+07  .96776860E+06 -.21507080E+00  .53946500E+04
 .75702910E+03  .56270100E+03  .12789780E+07  .11357590E+07 -.19378730E+00  .50928880E+04
 .78468960E+03  .54599840E+03  .11958230E+07  .13022530E+07 -.17546350E+00  .48758860E+04
 .80978750E+03  .52916820E+03  .11151850E+07  .14630390E+07 -.15952760E+00  .47142140E+04
 .83264200E+03  .51236870E+03  .10370710E+07  .16148890E+07 -.14547920E+00  .45905430E+04
 .85350620E+03  .49571770E+03  .96146680E+06  .17559680E+07 -.13293330E+00  .44941940E+04
 .87258310E+03  .47930320E+03  .88834360E+06  .18855680E+07 -.12161000E+00  .44180830E+04
 .89003990E+03  .46319000E+03  .81766080E+06  .20036290E+07 -.11130180E+00  .43572040E+04
 .90601610E+03  .44742490E+03  .74936920E+06  .21103250E+07 -.10184400E+00  .43079590E+04
 .92062850E+03  .43204110E+03  .68341420E+06  .22058070E+07 -.93097170E-01  .42678270E+04
 .93397450E+03  .41706160E+03  .61973660E+06  .22900720E+07 -.84937610E-01  .42351100E+04
 .94613370E+03  .40250220E+03  .55827470E+06  .23628920E+07 -.77254670E-01  .42086670E+04
 .95716980E+03  .38837330E+03  .49896440E+06  .24237680E+07 -.69949010E-01  .41876390E+04
 .96713270E+03  .37468060E+03  .44174090E+06  .24718720E+07 -.62930550E-01  .41712180E+04
 .97605910E+03  .36142550E+03  .38653840E+06  .25059770E+07 -.56115390E-01  .41585240E+04
 .98397350E+03  .34860550E+03  .33329140E+06  .25243920E+07 -.49424010E-01  .41486120E+04
 .99088900E+03  .33621410E+03  .28193530E+06  .25249470E+07 -.42786600E-01  .41406410E+04
 .99680980E+03  .32424260E+03  .23240620E+06  .25050250E+07 -.36154600E-01  .41340210E+04
 .10017330E+04  .31268050E+03  .18464200E+06  .24615160E+07 -.29480970E-01  .41281860E+04
 .10056450E+04  .30151540E+03  .13858220E+06  .23909980E+07 -.22624520E-01  .41224390E+04
 .10084950E+04  .29073410E+03  .94168230E+05  .22911750E+07 -.15244080E-01  .41166350E+04
 .10101620E+04  .28032460E+03  .51343410E+05  .21636060E+07 -.67306500E-02  .41116300E+04
 .10104080E+04  .27027840E+03  .10052680E+05  .20168920E+07  .39350410E-02  .41091360E+04
 .24416850E-02  .64580380E+03  .19566380E+07  .26860860E-09 -.37719240E-05  .12460380E+06
 .42192700E-02  .64580380E+03  .22609980E+07  .37971000E-09 -.37719240E-05  .22248380E+06
 .23700780E+03  .64580380E+03  .22609980E+07  .13523270E+06 -.26234530E+00  .22248380E+06
 .22291810E+03  .64603840E+03  .22971690E+07  .14052880E+06 -.24111730E+00  .11548370E+06
 .20997320E+03  .64644330E+03  .23333580E+07  .14644180E+06 -.22146500E+00  .71986270E+05
 .19808420E+03  .64705640E+03  .23695750E+07  .15288970E+06 -.20340630E+00  .49694860E+05
 .18716240E+03  .64791280E+03  .24058330E+07  .15978320E+06 -.18691590E+00  .36682720E+05
 .17712160E+03  .64904490E+03  .24421460E+07  .16702810E+06 -.17192800E+00  .28399670E+05
 .16788030E+03  .65048190E+03  .24785320E+07  .17452870E+06 -.15834410E+00  .22783030E+05
 .15936310E+03  .65225140E+03  .25150060E+07  .18219380E+06 -.14604460E+00  .18784990E+05
 .15150170E+03  .65437920E+03  .25515900E+07  .18994620E+06 -.13490040E+00  .15827810E+05
 .14423510E+03  .65689000E+03  .25883040E+07  .19773660E+06 -.12478320E+00  .13572290E+05
 .13750900E+03  .65980770E+03  .26251700E+07  .20556150E+06 -.11557480E+00  .11808920E+05
 .13124330E+03  .66323600E+03  .26621650E+07  .21357670E+06 -.10769810E+00  .10159080E+05
 .12542230E+03  .66710830E+03  .26994120E+07  .22298580E+06 -.10034020E+00  .91204830E+04
 .11999000E+03  .67144360E+03  .27368890E+07  .23306020E+06 -.93795040E-01  .82051730E+04
 .11999000E+03  .67144360E+03  .27368890E+07  .23306020E+06 -.93795040E-01  .82051730E+04
 .10947180E+03  .68251820E+03  .28181010E+07  .25658960E+06 -.81939320E-01  .65999750E+04
 .10024090E+03  .69640740E+03  .29008060E+07  .28202310E+06 -.72190580E-01  .54162160E+04
 .92090020E+02  .71346500E+03  .29853660E+07  .30859330E+06 -.63853550E-01  .45753850E+04
 .84874360E+02  .73385540E+03  .30721720E+07  .33574910E+06 -.56565880E-01  .39902390E+04
 .78477940E+02  .75759780E+03  .31616250E+07  .36319200E+06 -.50187130E-01  .35775780E+04
 .72795660E+02  .78467230E+03  .32541280E+07  .39088940E+06 -.44651310E-01  .32770040E+04
 .67731770E+02  .81504960E+03  .33500790E+07  .41888250E+06 -.39861020E-01  .30558280E+04
 .63204010E+02  .84864040E+03  .34498690E+07  .44715140E+06 -.35696980E-01  .28975640E+04
 .59143390E+02  .88527180E+03  .35538740E+07  .47564430E+06 -.32062010E-01  .27897080E+04
 .55490560E+02  .92473020E+03  .36624470E+07  .50434830E+06 -.28891600E-01  .27194680E+04
 .52192750E+02  .96682900E+03  .37759150E+07  .53331240E+06 -.26137580E-01  .26749680E+04
 .49202740E+02  .10114460E+04  .38945870E+07  .56262880E+06 -.23753630E-01  .26470320E+04
 .46478980E+02  .10585260E+04  .40187600E+07  .59241030E+06 -.21692010E-01  .26295290E+04
 .43985620E+02  .11080640E+04  .41487310E+07  .62277880E+06 -.19906360E-01  .26186950E+04
 .42142680E+04  .19585030E+07  .40834960E+03  .46790680E+04  .22587100E+07  .23805850E+03
 .10000000E+02  .26000000E+02  .20000000E+01  .14000000E+02  .15000000E+02  .70870680E+04
 .40834960E+03  .64585410E+03  .19585030E+07  .12360710E+06 -.46068040E+00  .12924580E+06
 .43425250E+03  .64540910E+03  .19223460E+07  .14308280E+06 -.46263030E+00  .56897150E+05
 .45998200E+03  .64453550E+03  .18862250E+07  .17021420E+06 -.45492670E+00  .31843930E+05
 .48509050E+03  .64310720E+03  .18501680E+07  .20765970E+06 -.44109930E+00  .20746120E+05
 .50932720E+03  .64104840E+03  .18142090E+07  .25569780E+06 -.42407020E+00  .15059170E+05
 .53253310E+03  .63834690E+03  .17783830E+07  .30975780E+06 -.40412740E+00  .11877110E+05
 .55450880E+03  .63505770E+03  .17427250E+07  .35947870E+06 -.37986690E+00  .10018780E+05
 .57497130E+03  .63129460E+03  .17072650E+07  .39380080E+06 -.34991270E+00  .89542910E+04
 .59358590E+03  .62722880E+03  .16720260E+07  .40985860E+06 -.31404840E+00  .84732100E+04
 .61043980E+03  .62300620E+03  .16372360E+07  .47941430E+06 -.30583130E+00  .76115410E+04
 .61043980E+03  .62300620E+03  .16372360E+07  .47941430E+06 -.30583130E+00  .76115410E+04
 .65347860E+03  .60979210E+03  .15447540E+07  .63757660E+06 -.26962840E+00  .65114230E+04
 .69166580E+03  .59508880E+03  .14543730E+07  .79915030E+06 -.24037730E+00  .58416140E+04
 .72580770E+03  .57937190E+03  .13662780E+07  .96474490E+06 -.21549020E+00  .54011610E+04
 .75649000E+03  .56301900E+03  .12805930E+07  .11327190E+07 -.19414940E+00  .50974890E+04
 .78420100E+03  .54631990E+03  .11973900E+07  .12992780E+07 -.17577790E+00  .48792660E+04
 .80934310E+03  .52948990E+03  .11167040E+07  .14602030E+07 -.15980390E+00  .47167720E+04
 .83223680E+03  .51268820E+03  .10385410E+07  .16122400E+07 -.14572510E+00  .45925210E+04
 .85313590E+03  .49603320E+03  .96288960E+06  .17535270E+07 -.13315480E+00  .44957450E+04
 .87224440E+03  .47961330E+03  .88971960E+06  .18833420E+07 -.12181130E+00  .44193140E+04
 .88973010E+03  .46349370E+03  .81899060E+06  .20016150E+07 -.11148600E+00  .43581920E+04
 .90573290E+03  .44772140E+03  .75065410E+06  .21085200E+07 -.10201400E+00  .43087600E+04
 .92037000E+03  .43233000E+03  .68465510E+06  .22042100E+07 -.93255270E-01  .42684790E+04
 .93373900E+03  .41734250E+03  .62093490E+06  .22886850E+07 -.85085970E-01  .42356370E+04
 .94591970E+03  .40277490E+03  .55943140E+06  .23617220E+07 -.77395220E-01  .42090870E+04
 .95697640E+03  .38863770E+03  .50008080E+06  .24228270E+07 -.70083510E-01  .41879650E+04
 .96695920E+03  .37493650E+03  .44281830E+06  .24711810E+07 -.63060630E-01  .41714660E+04
 .97590480E+03  .36167310E+03  .38757800E+06  .25055630E+07 -.56242590E-01  .41587110E+04
 .98383820E+03  .34884470E+03  .33429460E+06  .25242900E+07 -.49549810E-01  .41487540E+04
 .99077250E+03  .33644530E+03  .28290310E+06  .25252020E+07 -.42912170E-01  .41407520E+04
 .99671210E+03  .32446580E+03  .23334000E+06  .25056910E+07 -.36280700E-01  .41341100E+04
 .10016550E+04  .31289590E+03  .18554290E+06  .24626550E+07 -.29609050E-01  .41282660E+04
 .10055860E+04  .30172340E+03  .13945130E+06  .23926700E+07 -.22758970E-01  .41225190E+04
 .10084570E+04  .29093480E+03  .95006690E+05  .22933950E+07 -.15393720E-01  .41167060E+04
 .10101490E+04  .28051830E+03  .52152290E+05  .21662900E+07 -.69102440E-02  .41116620E+04
 .10104250E+04  .27046510E+03  .10833040E+05  .20197900E+07  .37010580E-02  .41090780E+04
 .24488820E-02  .64585410E+03  .19585030E+07  .27079720E-09 -.37688520E-05  .12924580E+06
 .42006480E-02  .64585410E+03  .22587100E+07  .38086340E-09 -.37688520E-05  .23096270E+06
 .23805850E+03  .64585410E+03  .22587100E+07  .13495940E+06 -.26383650E+00  .23096270E+06
 .22388800E+03  .64608140E+03  .22948840E+07  .14020930E+06 -.24251110E+00  .11877370E+06
 .21086790E+03  .64647630E+03  .23310740E+07  .14608150E+06 -.22275690E+00  .73639020E+05
 .19890950E+03  .64707690E+03  .23672930E+07  .15249420E+06 -.20459470E+00  .50646300E+05
 .18792400E+03  .64791860E+03  .24035520E+07  .15935850E+06 -.18800240E+00  .37281340E+05
 .17782510E+03  .64903370E+03  .24398650E+07  .16658060E+06 -.17291690E+00  .28801490E+05
 .16853090E+03  .65045190E+03  .24762490E+07  .17406480E+06 -.15924200E+00  .23066610E+05
 .15996590E+03  .65220080E+03  .25127220E+07  .18171970E+06 -.14685930E+00  .18993310E+05
 .15206100E+03  .65430630E+03  .25493020E+07  .18946720E+06 -.13564020E+00  .15985920E+05
 .14475480E+03  .65679310E+03  .25860110E+07  .19725640E+06 -.12545650E+00  .13695520E+05
 .13799280E+03  .65968520E+03  .26228700E+07  .20508080E+06 -.11618930E+00  .11907070E+05
 .13169600E+03  .66308120E+03  .26598570E+07  .21302540E+06 -.10825170E+00  .10227960E+05
 .12584560E+03  .66692680E+03  .26970960E+07  .22239760E+06 -.10083650E+00  .91811490E+04
 .12038700E+03  .67123240E+03  .27345620E+07  .23243580E+06 -.94241340E-01  .82587760E+04
 .12038700E+03  .67123240E+03  .27345620E+07  .23243580E+06 -.94241340E-01  .82587760E+04
 .10982050E+03  .68223300E+03  .28157440E+07  .25590210E+06 -.82303020E-01  .66404510E+04
 .10054950E+03  .69603560E+03  .28984100E+07  .28129510E+06 -.72497770E-01  .54456670E+04
 .92364340E+02  .71299850E+03  .29829190E+07  .30784230E+06 -.64119860E-01  .45961580E+04
 .85118770E+02  .73329160E+03  .30696630E+07  .33498740E+06 -.56798910E-01  .40048460E+04
 .78696220E+02  .75693680E+03  .31590430E+07  .36242340E+06 -.50389990E-01  .35881560E+04
 .72991260E+02  .78391450E+03  .32514610E+07  .39011300E+06 -.44826970E-01  .32848740E+04
 .67907730E+02  .81419620E+03  .33473150E+07  .41809810E+06 -.40013530E-01  .30616340E+04
 .63362850E+02  .84769530E+03  .34469970E+07  .44636060E+06 -.35830150E-01  .29016860E+04
 .59287270E+02  .88424080E+03  .35508840E+07  .47484830E+06 -.32178570E-01  .27925160E+04
 .55621360E+02  .92361960E+03  .36593280E+07  .50354680E+06 -.28993430E-01  .27213340E+04
 .52312130E+02  .96564340E+03  .37726580E+07  .53250330E+06 -.26226300E-01  .26762070E+04
 .49312180E+02  .10101880E+04  .38911830E+07  .56180900E+06 -.23830870E-01  .26478670E+04
 .46579760E+02  .10571970E+04  .40152020E+07  .59157640E+06 -.21759370E-01  .26301020E+04
 .44078840E+02  .11066640E+04  .41450090E+07  .62192700E+06 -.19965310E-01  .26190920E+04
 .42171740E+04  .19604120E+07  .40711680E+03  .46753610E+04  .22563700E+07  .23913600E+03
 .10000000E+02  .26000000E+02  .20000000E+01  .14000000E+02  .15000000E+02  .70833610E+04
 .40711680E+03  .64590430E+03  .19604120E+07  .12320340E+06 -.46003170E+00  .13423670E+06
 .43299900E+03  .64547360E+03  .19242520E+07  .14222110E+06 -.46253290E+00  .58573680E+05
 .45873580E+03  .64462180E+03  .18881270E+07  .16878510E+06 -.45525520E+00  .32568180E+05
 .48387040E+03  .64322100E+03  .18520650E+07  .20561060E+06 -.44167740E+00  .21109450E+05
 .50814460E+03  .64119260E+03  .18160980E+07  .25314710E+06 -.42482930E+00  .15259490E+05
 .53139900E+03  .63852100E+03  .17802630E+07  .30713160E+06 -.40512110E+00  .11993080E+05
 .55343900E+03  .63525740E+03  .17445950E+07  .35743160E+06 -.38117670E+00  .10086250E+05
 .57398480E+03  .63151300E+03  .17091230E+07  .39277170E+06 -.35158150E+00  .89893310E+04
 .59270200E+03  .62745560E+03  .16738710E+07  .40962930E+06 -.31599770E+00  .84813870E+04
 .60956110E+03  .62324140E+03  .16388510E+07  .46973100E+06 -.30405130E+00  .77115140E+04
 .60956110E+03  .62324140E+03  .16388510E+07  .46973100E+06 -.30405130E+00  .77115140E+04
 .65271450E+03  .61007220E+03  .15465470E+07  .63464100E+06 -.27021500E+00  .65268320E+04
 .69098270E+03  .59539120E+03  .14561220E+07  .79612930E+06 -.24087650E+00  .58515340E+04
 .72519430E+03  .57968900E+03  .13679810E+07  .96164640E+06 -.21592120E+00  .54078790E+04
 .75593660E+03  .56334440E+03  .12822470E+07  .11296020E+07 -.19452150E+00  .51022340E+04
 .78369970E+03  .54664900E+03  .11989950E+07  .12962270E+07 -.17610090E+00  .48827480E+04
 .80888710E+03  .52981950E+03  .11182590E+07  .14572930E+07 -.16008750E+00  .47194070E+04
 .83182090E+03  .51301550E+03  .10400480E+07  .16095200E+07 -.14597760E+00  .45945560E+04
 .85275590E+03  .49635640E+03  .96434720E+06  .17510200E+07 -.13338210E+00  .44973410E+04
 .87189700E+03  .47993090E+03  .89112900E+06  .18810550E+07 -.12201780E+00  .44205810E+04
 .88941230E+03  .46380470E+03  .82035290E+06  .19995460E+07 -.11167510E+00  .43592100E+04
 .90544230E+03  .44802520E+03  .75197030E+06  .21066650E+07 -.10218840E+00  .43095850E+04
 .92010460E+03  .43262590E+03  .68592640E+06  .22025680E+07 -.93417410E-01  .42691490E+04
 .93349710E+03  .41763020E+03  .62216230E+06  .22872580E+07 -.85238080E-01  .42361800E+04
 .94570000E+03  .40305430E+03  .56061630E+06  .23605170E+07 -.77539290E-01  .42095190E+04
 .95677790E+03  .38890850E+03  .50122450E+06  .24218580E+07 -.70221360E-01  .41883010E+04
 .96678090E+03  .37519880E+03  .44392190E+06  .24704660E+07 -.63193910E-01  .41717220E+04
 .97574630E+03  .36192670E+03  .38864300E+06  .25051300E+07 -.56372900E-01  .41589040E+04
 .98369910E+03  .34908990E+03  .33532210E+06  .25241770E+07 -.49678630E-01  .41489010E+04
 .99065270E+03  .33668210E+03  .28389460E+06  .25254550E+07 -.43040730E-01  .41408680E+04
 .99661160E+03  .32469450E+03  .23429650E+06  .25063630E+07 -.36409800E-01  .41342030E+04
 .10015740E+04  .31311670E+03  .18646570E+06  .24638090E+07 -.29740110E-01  .41283480E+04
 .10055250E+04  .30193650E+03  .14034160E+06  .23943700E+07 -.22896410E-01  .41226010E+04
 .10084180E+04  .29114050E+03  .95865550E+05  .22956580E+07 -.15546470E-01  .41167790E+04
 .10101350E+04  .28071680E+03  .52980840E+05  .21690290E+07 -.70932860E-02  .41116970E+04
 .10104420E+04  .27065650E+03  .11632350E+05  .20227560E+07  .34629340E-02  .41090230E+04
 .24562980E-02  .64590430E+03  .19604120E+07  .27307660E-09 -.37657670E-05  .13423670E+06
 .41817200E-02  .64590430E+03  .22563700E+07  .38208240E-09 -.37657670E-05  .24010470E+06
 .23913600E+03  .64590430E+03  .22563700E+07  .13468250E+06 -.26536500E+00  .24010470E+06
 .22488270E+03  .64612430E+03  .22925460E+07  .13988490E+06 -.24394060E+00  .12227810E+06
 .21178540E+03  .64650920E+03  .23287390E+07  .14571500E+06 -.22408260E+00  .75387770E+05
 .19975570E+03  .64709710E+03  .23649590E+07  .15209140E+06 -.20581470E+00  .51648320E+05
 .18870480E+03  .64792380E+03  .24012180E+07  .15892560E+06 -.18911820E+00  .37909500E+05
 .17854630E+03  .64902170E+03  .24375310E+07  .16612400E+06 -.17393280E+00  .29221880E+05
 .16919790E+03  .65042080E+03  .24739140E+07  .17359110E+06 -.16016440E+00  .23362550E+05
 .16058360E+03  .65214870E+03  .25103850E+07  .18123510E+06 -.14769620E+00  .19210260E+05
 .15263400E+03  .65423140E+03  .25469620E+07  .18897730E+06 -.13640020E+00  .16150270E+05
 .14528730E+03  .65669390E+03  .25836660E+07  .19676500E+06 -.12614800E+00  .13823420E+05
 .13848820E+03  .65956000E+03  .26205190E+07  .20458880E+06 -.11682020E+00  .12008800E+05
 .13215950E+03  .66292270E+03  .26574980E+07  .21246330E+06 -.10882060E+00  .10298990E+05
 .12627900E+03  .66674100E+03  .26947260E+07  .22179760E+06 -.10134650E+00  .92436860E+04
 .12079330E+03  .67101650E+03  .27321810E+07  .23179860E+06 -.94699670E-01  .83140340E+04
 .12079330E+03  .67101650E+03  .27321810E+07  .23179860E+06 -.94699670E-01  .83140340E+04
 .11017720E+03  .68194200E+03  .28133330E+07  .25519970E+06 -.82676080E-01  .66822080E+04
 .10086520E+03  .69565630E+03  .28959590E+07  .28055060E+06 -.72812560E-01  .54760820E+04
 .92644870E+02  .71252250E+03  .29804170E+07  .30707390E+06 -.64392600E-01  .46176210E+04
 .85368660E+02  .73271610E+03  .30670980E+07  .33420770E+06 -.57037570E-01  .40199280E+04
 .78919350E+02  .75626190E+03  .31564030E+07  .36163680E+06 -.50597810E-01  .35990660E+04
 .73191170E+02  .78314050E+03  .32487340E+07  .38931830E+06 -.45006920E-01  .32929860E+04
 .68087510E+02  .81332430E+03  .33444890E+07  .41729510E+06 -.40169720E-01  .30676210E+04
 .63525110E+02  .84672950E+03  .34440610E+07  .44555090E+06 -.35966520E-01  .29059430E+04
 .59434200E+02  .88318700E+03  .35478260E+07  .47403350E+06 -.32297930E-01  .27954170E+04
 .55754890E+02  .92248410E+03  .36561390E+07  .50272630E+06 -.29097700E-01  .27232610E+04
 .52433970E+02  .96443130E+03  .37693280E+07  .53167490E+06 -.26317150E-01  .26774850E+04
 .49423840E+02  .10089020E+04  .38877030E+07  .56096980E+06 -.23909950E-01  .26487270E+04
 .46682560E+02  .10558380E+04  .40115630E+07  .59072280E+06 -.21828310E-01  .26306910E+04
 .44173890E+02  .11052320E+04  .41412030E+07  .62105540E+06 -.20025630E-01  .26195000E+04
 .42201530E+04  .19623690E+07  .40585300E+03  .46715680E+04  .22539740E+07  .24024200E+03
 .10000000E+02  .26000000E+02  .20000000E+01  .14000000E+02  .15000000E+02  .70795680E+04
 .40585300E+03  .64595450E+03  .19623690E+07  .12280900E+06 -.45934770E+00  .13961650E+06
 .43171290E+03  .64553810E+03  .19262050E+07  .14136320E+06 -.46241450E+00  .60365790E+05
 .45745650E+03  .64470830E+03  .18900760E+07  .16735050E+06 -.45558100E+00  .33337760E+05
 .48261730E+03  .64333560E+03  .18540080E+07  .20353980E+06 -.44226410E+00  .21493780E+05
 .50692940E+03  .64133840E+03  .18180340E+07  .25054760E+06 -.42559920E+00  .15470830E+05
 .53023320E+03  .63869760E+03  .17821900E+07  .30442100E+06 -.40612510E+00  .12115330E+05
 .55233790E+03  .63546070E+03  .17465110E+07  .35527790E+06 -.38249980E+00  .10157530E+05
 .57296810E+03  .63173580E+03  .17110280E+07  .39165160E+06 -.35327160E+00  .90268750E+04
 .59178940E+03  .62768760E+03  .16757630E+07  .40937300E+06 -.31799170E+00  .84910490E+04
 .60869270E+03  .62348960E+03  .16407290E+07  .45320220E+06 -.29834400E+00  .79099220E+04
 .60869270E+03  .62348960E+03  .16407290E+07  .45320220E+06 -.29834400E+00  .79099220E+04
 .65192910E+03  .61035870E+03  .15483850E+07  .63163010E+06 -.27081910E+00  .65427850E+04
 .69028060E+03  .59570070E+03  .14579150E+07  .79303110E+06 -.24139000E+00  .58617910E+04
 .72456390E+03  .58001350E+03  .13697260E+07  .95846840E+06 -.21636450E+00  .54148210E+04
 .75536800E+03  .56367770E+03  .12839430E+07  .11264040E+07 -.19490410E+00  .51071330E+04
 .78318460E+03  .54698630E+03  .12006410E+07  .12930940E+07 -.17643290E+00  .48863400E+04
 .80841870E+03  .53015710E+03  .11198540E+07  .14543040E+07 -.16037910E+00  .47221230E+04
 .83139370E+03  .51335090E+03  .10415920E+07  .16067250E+07 -.14623710E+00  .45966540E+04
 .85236570E+03  .49668760E+03  .96584160E+06  .17484440E+07 -.13361570E+00  .44989860E+04
 .87154010E+03  .48025650E+03  .89257420E+06  .18787040E+07 -.12222990E+00  .44218870E+04
 .88908580E+03  .46412360E+03  .82174980E+06  .19974180E+07 -.11186920E+00  .43602580E+04
 .90514370E+03  .44833660E+03  .75331980E+06  .21047570E+07 -.10236740E+00  .43104350E+04
 .91983190E+03  .43292930E+03  .68722980E+06  .22008780E+07 -.93583840E-01  .42698410E+04
 .93324860E+03  .41792530E+03  .62342080E+06  .22857890E+07 -.85394180E-01  .42367390E+04
 .94547430E+03  .40334070E+03  .56183120E+06  .23592760E+07 -.77687130E-01  .42099640E+04
 .95657390E+03  .38918620E+03  .50239710E+06  .24208570E+07 -.70362770E-01  .41886480E+04
 .96659770E+03  .37546770E+03  .44505350E+06  .24697250E+07 -.63330610E-01  .41719860E+04
 .97558340E+03  .36218690E+03  .38973490E+06  .25046780E+07 -.56506500E-01  .41591030E+04
 .98355610E+03  .34934130E+03  .33637570E+06  .25240520E+07 -.49810680E-01  .41490540E+04
 .99052950E+03  .33692500E+03  .28491110E+06  .25257030E+07 -.43172480E-01  .41409870E+04
 .99650820E+03  .32492900E+03  .23527720E+06  .25070400E+07 -.36542070E-01  .41342990E+04
 .10014900E+04  .31334310E+03  .18741180E+06  .24649810E+07 -.29874330E-01  .41284340E+04
 .10054620E+04  .30215510E+03  .14125440E+06  .23960990E+07 -.23037030E-01  .41226870E+04
 .10083770E+04  .29135150E+03  .96746090E+05  .22979640E+07 -.15702530E-01  .41168550E+04
 .10101190E+04  .28092030E+03  .53830300E+05  .21718280E+07 -.72799960E-02  .41117360E+04
 .10104580E+04  .27085280E+03  .12451820E+05  .20257950E+07  .32204080E-02  .41089720E+04
 .24639460E-02  .64595450E+03  .19623690E+07  .27545360E-09 -.37626660E-05  .13961650E+06
 .41624690E-02  .64595450E+03  .22539740E+07  .38337150E-09 -.37626660E-05  .24998910E+06
 .24024200E+03  .64595450E+03  .22539740E+07  .13440190E+06 -.26693320E+00  .24998910E+06
 .22590360E+03  .64616710E+03  .22901530E+07  .13955530E+06 -.24540790E+00  .12601900E+06
 .21272720E+03  .64654190E+03  .23263480E+07  .14534200E+06 -.22544410E+00  .77241640E+05
 .20062420E+03  .64711710E+03  .23625700E+07  .15168090E+06 -.20706820E+00  .52705440E+05
 .18950610E+03  .64792850E+03  .23988300E+07  .15848400E+06 -.19026510E+00  .38569710E+05
 .17928620E+03  .64900900E+03  .24351430E+07  .16565780E+06 -.17497730E+00  .29662370E+05
 .16988210E+03  .65038860E+03  .24715240E+07  .17310700E+06 -.16111300E+00  .23671840E+05
 .16121710E+03  .65209520E+03  .25079920E+07  .18073950E+06 -.14855680E+00  .19436480E+05
 .15322170E+03  .65415470E+03  .25445660E+07  .18847580E+06 -.13718160E+00  .16321340E+05
 .14583320E+03  .65659220E+03  .25812650E+07  .19626170E+06 -.12685880E+00  .13956350E+05
 .13899610E+03  .65943170E+03  .26181110E+07  .20408470E+06 -.11746870E+00  .12114390E+05
 .13263460E+03  .66276040E+03  .26550820E+07  .21188970E+06 -.10940570E+00  .10372330E+05
 .12672300E+03  .66655100E+03  .26923010E+07  .22118530E+06 -.10187090E+00  .93082140E+04
 .12120950E+03  .67079580E+03  .27297440E+07  .23114790E+06 -.95170830E-01  .83710510E+04
 .12120950E+03  .67079580E+03  .27297440E+07  .23114790E+06 -.95170830E-01  .83710510E+04
 .11054250E+03  .68164480E+03  .28108650E+07  .25448150E+06 -.83059100E-01  .67253310E+04
 .10118830E+03  .69526900E+03  .28934500E+07  .27978870E+06 -.73135410E-01  .55075230E+04
 .92932000E+02  .71203630E+03  .29778560E+07  .30628690E+06 -.64672190E-01  .46398200E+04
 .85624380E+02  .73212810E+03  .30644720E+07  .33340890E+06 -.57282220E-01  .40355190E+04
 .79147630E+02  .75557210E+03  .31537010E+07  .36083090E+06 -.50810880E-01  .36103300E+04
 .73395630E+02  .78234930E+03  .32459430E+07  .38850430E+06 -.45191430E-01  .33013570E+04
 .68271330E+02  .81243300E+03  .33415970E+07  .41647240E+06 -.40329840E-01  .30738030E+04
 .63690980E+02  .84574170E+03  .34410560E+07  .44472140E+06 -.36106290E-01  .29103420E+04
 .59584370E+02  .88210900E+03  .35446970E+07  .47319860E+06 -.32420250E-01  .27984180E+04
 .55891330E+02  .92132240E+03  .36528760E+07  .50188560E+06 -.29204570E-01  .27252540E+04
 .52558430E+02  .96319080E+03  .37659210E+07  .53082640E+06 -.26410250E-01  .26788040E+04
 .49537860E+02  .10075860E+04  .38841430E+07  .56011020E+06 -.23990970E-01  .26496140E+04
 .46787500E+02  .10544470E+04  .40078400E+07  .58984860E+06 -.21898940E-01  .26312980E+04
 .44270900E+02  .11037660E+04  .41373080E+07  .62016270E+06 -.20087400E-01  .26199190E+04
 .42232090E+04  .19643750E+07  .40455630E+03  .46676860E+04  .22515210E+07  .24137830E+03
 .10000000E+02  .26000000E+02  .20000000E+01  .14000000E+02  .15000000E+02  .70756860E+04
 .40455630E+03  .64600470E+03  .19643750E+07  .12242450E+06 -.45862600E+00  .14543120E+06
 .43039220E+03  .64560270E+03  .19282080E+07  .14050950E+06 -.46227320E+00  .62286040E+05
 .45614160E+03  .64479500E+03  .18920750E+07  .16591040E+06 -.45590340E+00  .34157270E+05
 .48132890E+03  .64345100E+03  .18560010E+07  .20144670E+06 -.44285990E+00  .21901120E+05
 .50567970E+03  .64148580E+03  .18200200E+07  .24789770E+06 -.42638080E+00  .15694200E+05
 .52903330E+03  .63887670E+03  .17841670E+07  .30162280E+06 -.40714030E+00  .12244440E+05
 .55120360E+03  .63566760E+03  .17484770E+07  .35301190E+06 -.38383740E+00  .10232940E+05
 .57191900E+03  .63196340E+03  .17129810E+07  .39043330E+06 -.35498420E+00  .90671170E+04
 .59084610E+03  .62792530E+03  .16777040E+07  .40908010E+06 -.32002990E+00  .85023930E+04
 .60781570E+03  .62373860E+03  .16426560E+07  .44205460E+06 -.29494760E+00  .80528280E+04
 .60781570E+03  .62373860E+03  .16426560E+07  .44205460E+06 -.29494760E+00  .80528280E+04
 .65112120E+03  .61065180E+03  .15502710E+07  .62853910E+06 -.27144170E+00  .65593200E+04
 .68955850E+03  .59601780E+03  .14597550E+07  .78985110E+06 -.24191880E+00  .58724090E+04
 .72391550E+03  .58034610E+03  .13715170E+07  .95520580E+06 -.21682100E+00  .54220000E+04
 .75478330E+03  .56401950E+03  .12856840E+07  .11231180E+07 -.19529800E+00  .51121960E+04
 .78265490E+03  .54733220E+03  .12023290E+07  .12898750E+07 -.17677470E+00  .48900500E+04
 .80793700E+03  .53050340E+03  .11214910E+07  .14512300E+07 -.16067910E+00  .47249270E+04
 .83095450E+03  .51369500E+03  .10431770E+07  .16038500E+07 -.14650400E+00  .45988190E+04
 .85196440E+03  .49702740E+03  .96737540E+06  .17457930E+07 -.13385580E+00  .45006830E+04
 .87117310E+03  .48059050E+03  .89405740E+06  .18762840E+07 -.12244800E+00  .44232330E+04
 .88875010E+03  .46445080E+03  .82318330E+06  .19952280E+07 -.11206880E+00  .43613390E+04
 .90483680E+03  .44865620E+03  .75470490E+06  .21027930E+07 -.10255140E+00  .43113110E+04
 .91955160E+03  .43324070E+03  .68856750E+06  .21991380E+07 -.93754850E-01  .42705540E+04
 .93299300E+03  .41822810E+03  .62471250E+06  .22842740E+07 -.85554550E-01  .42373160E+04
 .94524210E+03  .40363480E+03  .56307810E+06  .23579950E+07 -.77838960E-01  .42104240E+04
 .95636400E+03  .38947130E+03  .50360060E+06  .24198220E+07 -.70507970E-01  .41890060E+04
 .96640920E+03  .37574370E+03  .44621490E+06  .24689570E+07 -.63470920E-01  .41722600E+04
 .97541570E+03  .36245390E+03  .39085560E+06  .25042070E+07 -.56643610E-01  .41593090E+04
 .98340880E+03  .34959940E+03  .33745700E+06  .25239150E+07 -.49946170E-01  .41492110E+04
 .99040250E+03  .33717430E+03  .28595430E+06  .25259480E+07 -.43307630E-01  .41411110E+04
 .99640150E+03  .32516980E+03  .23628370E+06  .25077240E+07 -.36677720E-01  .41343980E+04
 .10014040E+04  .31357560E+03  .18838280E+06  .24661700E+07 -.30011930E-01  .41285220E+04
 .10053970E+04  .30237940E+03  .14219110E+06  .23978590E+07 -.23181040E-01  .41227750E+04
 .10083340E+04  .29156810E+03  .97649750E+05  .23003170E+07 -.15862130E-01  .41169360E+04
 .10101030E+04  .28112930E+03  .54702040E+05  .21746900E+07 -.74706140E-02  .41117780E+04
 .10104740E+04  .27105420E+03  .13292780E+05  .20289110E+07  .29731930E-02  .41089240E+04
 .24718440E-02  .64600470E+03  .19643750E+07  .27793530E-09 -.37595510E-05  .14543120E+06
 .41428750E-02  .64600470E+03  .22515210E+07  .38473540E-09 -.37595510E-05  .26070830E+06
 .24137830E+03  .64600470E+03  .22515210E+07  .13411730E+06 -.26854340E+00  .26070830E+06
 .22695250E+03  .64621000E+03  .22877020E+07  .13922030E+06 -.24691540E+00  .13002160E+06
 .21369470E+03  .64657450E+03  .23238990E+07  .14496220E+06 -.22684360E+00  .79211010E+05
 .20151640E+03  .64713670E+03  .23601220E+07  .15126240E+06 -.20835750E+00  .53822780E+05
 .19032920E+03  .64793260E+03  .23963830E+07  .15803320E+06 -.19144510E+00  .39264800E+05
 .18004620E+03  .64899540E+03  .24326950E+07  .16518140E+06 -.17605210E+00  .30124640E+05
 .17058470E+03  .65035520E+03  .24690760E+07  .17261180E+06 -.16208920E+00  .23995560E+05
 .16186760E+03  .65203990E+03  .25055410E+07  .18023220E+06 -.14944260E+00  .19672730E+05
 .15382490E+03  .65407590E+03  .25421110E+07  .18796220E+06 -.13798580E+00  .16499650E+05
 .14639340E+03  .65648800E+03  .25788050E+07  .19574580E+06 -.12759030E+00  .14094670E+05
 .13951720E+03  .65930040E+03  .26156450E+07  .20356790E+06 -.11813580E+00  .12224120E+05
 .13312190E+03  .66259410E+03  .26526070E+07  .21130390E+06 -.11000820E+00  .10448130E+05
 .12717840E+03  .66635640E+03  .26898160E+07  .22055990E+06 -.10241070E+00  .93748690E+04
 .12163620E+03  .67057000E+03  .27272480E+07  .23048300E+06 -.95655640E-01  .84299440E+04
 .12163620E+03  .67057000E+03  .27272480E+07  .23048300E+06 -.95655640E-01  .84299440E+04
 .11091680E+03  .68134090E+03  .28083370E+07  .25374660E+06 -.83452750E-01  .67699080E+04
 .10151940E+03  .69487320E+03  .28908800E+07  .27900830E+06 -.73466860E-01  .55400590E+04
 .93226130E+02  .71153940E+03  .29752320E+07  .30548040E+06 -.64959040E-01  .46628050E+04
 .85886280E+02  .73152700E+03  .30617830E+07  .33259000E+06 -.57533240E-01  .40516530E+04
 .79381390E+02  .75486670E+03  .31509330E+07  .36000460E+06 -.51029550E-01  .36219710E+04
 .73604930E+02  .78154000E+03  .32430840E+07  .38766960E+06 -.45380790E-01  .33100040E+04
 .68459470E+02  .81152090E+03  .33386350E+07  .41562890E+06 -.40494130E-01  .30801930E+04
 .63860690E+02  .84473070E+03  .34379780E+07  .44387080E+06 -.36249670E-01  .29148940E+04
 .59737980E+02  .88100530E+03  .35414930E+07  .47234230E+06 -.32545720E-01  .28015240E+04
 .56030840E+02  .92013280E+03  .36495340E+07  .50102360E+06 -.29314190E-01  .27273170E+04
 .52685650E+02  .96192040E+03  .37624310E+07  .52995630E+06 -.26505750E-01  .26801690E+04
 .49654390E+02  .10062380E+04  .38804960E+07  .55922890E+06 -.24074070E-01  .26505290E+04
 .46894710E+02  .10530220E+04  .40040270E+07  .58895230E+06 -.21971350E-01  .26319230E+04
 .44369990E+02  .11022650E+04  .41333190E+07  .61924760E+06 -.20150720E-01  .26203510E+04
 .42263480E+04  .19664350E+07  .40322440E+03  .46637080E+04  .22490050E+07  .24254680E+03
 .10000000E+02  .26000000E+02  .20000000E+01  .14000000E+02  .15000000E+02  .70717080E+04
 .40322440E+03  .64605490E+03  .19664350E+07  .12205050E+06 -.45786380E+00  .15173420E+06
 .42903440E+03  .64566720E+03  .19302650E+07  .13966030E+06 -.46210680E+00  .64348890E+05
 .45478900E+03  .64488210E+03  .18941270E+07  .16446460E+06 -.45622130E+00  .35032020E+05
 .48000290E+03  .64356730E+03  .18580480E+07  .19933050E+06 -.44346530E+00  .22333770E+05
 .50439300E+03  .64163490E+03  .18220590E+07  .24519580E+06 -.42717520E+00  .15930740E+05
 .52779720E+03  .63905850E+03  .17861970E+07  .29873350E+06 -.40816790E+00  .12381000E+05
 .55003370E+03  .63587830E+03  .17504960E+07  .35062720E+06 -.38519030E+00  .10312840E+05
 .57083550E+03  .63219580E+03  .17149880E+07  .38910910E+06 -.35672030E+00  .91102760E+04
 .58987020E+03  .62816890E+03  .16796970E+07  .40874110E+06 -.32211190E+00  .85156160E+04
 .60692290E+03  .62399050E+03  .16446360E+07  .43428560E+06 -.29315580E+00  .81552890E+04
 .60692290E+03  .62399050E+03  .16446360E+07  .43428560E+06 -.29315580E+00  .81552890E+04
 .65028890E+03  .61095200E+03  .15522080E+07  .62536230E+06 -.27208420E+00  .65764830E+04
 .68881490E+03  .59634270E+03  .14616450E+07  .78658360E+06 -.24246400E+00  .58834150E+04
 .72324790E+03  .58068740E+03  .13733570E+07  .95185280E+06 -.21729150E+00  .54294350E+04
 .75418140E+03  .56437010E+03  .12874720E+07  .11197410E+07 -.19570400E+00  .51174340E+04
 .78210970E+03  .54768720E+03  .12040640E+07  .12865630E+07 -.17712680E+00  .48938860E+04
 .80744120E+03  .53085900E+03  .11231730E+07  .14480660E+07 -.16098810E+00  .47278240E+04
 .83050240E+03  .51404840E+03  .10448060E+07  .16008890E+07 -.14677870E+00  .46010560E+04
 .85155130E+03  .49737650E+03  .96895110E+06  .17430630E+07 -.13410300E+00  .45024360E+04
 .87079540E+03  .48093370E+03  .89558120E+06  .18737920E+07 -.12267240E+00  .44246240E+04
 .88840460E+03  .46478690E+03  .82465620E+06  .19929710E+07 -.11227410E+00  .43624560E+04
 .90452080E+03  .44898450E+03  .75612790E+06  .21007680E+07 -.10274070E+00  .43122150E+04
 .91926290E+03  .43356060E+03  .68994190E+06  .21973430E+07 -.93930750E-01  .42712900E+04
 .93273000E+03  .41853930E+03  .62603950E+06  .22827120E+07 -.85719470E-01  .42379120E+04
 .94500310E+03  .40393690E+03  .56435910E+06  .23566710E+07 -.77995060E-01  .42109000E+04
 .95614780E+03  .38976420E+03  .50483700E+06  .24187520E+07 -.70657220E-01  .41893770E+04
 .96621510E+03  .37602730E+03  .44740810E+06  .24681610E+07 -.63615120E-01  .41725420E+04
 .97524290E+03  .36272820E+03  .39200690E+06  .25037130E+07 -.56784480E-01  .41595230E+04
 .98325700E+03  .34986460E+03  .33856780E+06  .25237630E+07 -.50085320E-01  .41493750E+04
 .99027150E+03  .33743050E+03  .28702600E+06  .25261880E+07 -.43446410E-01  .41412390E+04
 .99629130E+03  .32541720E+03  .23731760E+06  .25084140E+07 -.36817000E-01  .41345010E+04
 .10013150E+04  .31381440E+03  .18938030E+06  .24673770E+07 -.30153130E-01  .41286140E+04
 .10053300E+04  .30261000E+03  .14315340E+06  .23996520E+07 -.23328670E-01  .41228670E+04
 .10082900E+04  .29179060E+03  .98578080E+05  .23027200E+07 -.16025500E-01  .41170190E+04
 .10100850E+04  .28134410E+03  .55597570E+05  .21776190E+07 -.76654040E-02  .41118240E+04
 .10104890E+04  .27126130E+03  .14156670E+05  .20321080E+07  .27209760E-02  .41088800E+04
 .24800090E-02  .64605490E+03  .19664350E+07  .28052970E-09 -.37564190E-05  .15173420E+06
 .41229170E-02  .64605490E+03  .22490050E+07  .38617940E-09 -.37564190E-05  .27237040E+06
 .24254680E+03  .64605490E+03  .22490050E+07  .13382860E+06 -.27019830E+00  .27237040E+06
 .22803130E+03  .64625270E+03  .22851890E+07  .13887950E+06 -.24846580E+00  .13431520E+06
 .21468960E+03  .64660690E+03  .23213880E+07  .14457520E+06 -.22828370E+00  .81307660E+05
 .20243390E+03  .64715590E+03  .23576120E+07  .15083540E+06 -.20968470E+00  .55006130E+05
 .19117550E+03  .64793620E+03  .23938740E+07  .15757260E+06 -.19266030E+00  .39997970E+05
 .18082750E+03  .64898090E+03  .24301860E+07  .16469420E+06 -.17715940E+00  .30610630E+05
 .17130680E+03  .65032040E+03  .24665650E+07  .17210490E+06 -.16309520E+00  .24334940E+05
 .16253610E+03  .65198300E+03  .25030280E+07  .17971240E+06 -.15035540E+00  .19919830E+05
 .15444470E+03  .65399480E+03  .25395940E+07  .18743550E+06 -.13881430E+00  .16685780E+05
 .14696890E+03  .65638100E+03  .25762820E+07  .19521660E+06 -.12834390E+00  .14238810E+05
 .14005240E+03  .65916560E+03  .26131160E+07  .20303760E+06 -.11882280E+00  .12338300E+05
 .13362240E+03  .66242340E+03  .26500700E+07  .21070520E+06 -.11062910E+00  .10526560E+05
 .12764590E+03  .66615700E+03  .26872680E+07  .21992060E+06 -.10296710E+00  .94438000E+04
 .12207420E+03  .67033870E+03  .27246870E+07  .22980300E+06 -.96155050E-01  .84908440E+04
 .12207420E+03  .67033870E+03  .27246870E+07  .22980300E+06 -.96155050E-01  .84908440E+04
 .11130090E+03  .68103020E+03  .28057440E+07  .25299410E+06 -.83857720E-01  .68160410E+04
 .10185900E+03  .69446860E+03  .28882450E+07  .27820830E+06 -.73807460E-01  .55737670E+04
 .93527710E+02  .71103130E+03  .29725420E+07  .30465300E+06 -.65253640E-01  .46866330E+04
 .86154790E+02  .73091190E+03  .30590250E+07  .33174960E+06 -.57791020E-01  .40683700E+04
 .79620960E+02  .75414470E+03  .31480950E+07  .35915660E+06 -.51254180E-01  .36340180E+04
 .73819400E+02  .78071140E+03  .32401530E+07  .38681310E+06 -.45575310E-01  .33189460E+04
 .68652180E+02  .81058690E+03  .33355980E+07  .41476330E+06 -.40662870E-01  .30868030E+04
 .64034480E+02  .84369510E+03  .34348240E+07  .44299770E+06 -.36396890E-01  .29196090E+04
 .59895240E+02  .87987450E+03  .35382080E+07  .47146350E+06 -.32674550E-01  .28047440E+04
 .56173640E+02  .91891350E+03  .36461080E+07  .50013870E+06 -.29426740E-01  .27294550E+04
 .52815830E+02  .96061820E+03  .37588540E+07  .52906330E+06 -.26603800E-01  .26815820E+04
 .49773580E+02  .10048560E+04  .38767570E+07  .55832440E+06 -.24159380E-01  .26514750E+04
 .47004350E+02  .10515620E+04  .40001180E+07  .58803260E+06 -.22045670E-01  .26325680E+04
 .44471280E+02  .11007260E+04  .41292310E+07  .61830880E+06 -.20215690E-01  .26207940E+04
 .42295750E+04  .19685520E+07  .40185500E+03  .46596290E+04  .22464220E+07  .24374970E+03
 .10000000E+02  .26000000E+02  .20000000E+01  .14000000E+02  .15000000E+02  .70676290E+04
 .40185500E+03  .64610500E+03  .19685520E+07  .12168750E+06 -.45705800E+00  .15858820E+06
 .42763700E+03  .64573180E+03  .19323790E+07  .13881580E+06 -.46191260E+00  .66571090E+05
 .45339580E+03  .64496950E+03  .18962370E+07  .16301300E+06 -.45653370E+00  .35968080E+05
 .47863660E+03  .64368440E+03  .18601520E+07  .19719050E+06 -.44408080E+00  .22794350E+05
 .50306670E+03  .64178580E+03  .18241560E+07  .24244000E+06 -.42798380E+00  .16181740E+05
 .52652230E+03  .63924330E+03  .17882840E+07  .29574930E+06 -.40920900E+00  .12525750E+05
 .54882590E+03  .63609310E+03  .17525720E+07  .34811690E+06 -.38655980E+00  .10397650E+05
 .56971510E+03  .63243350E+03  .17170510E+07  .38767030E+06 -.35848140E+00  .91566040E+04
 .58885930E+03  .62841890E+03  .16817460E+07  .40834660E+06 -.32423830E+00  .85309240E+04
 .60600840E+03  .62424660E+03  .16466710E+07  .42876580E+06 -.29252260E+00  .82280190E+04
 .60600840E+03  .62424660E+03  .16466710E+07  .42876580E+06 -.29252260E+00  .82280190E+04
 .64943080E+03  .61125980E+03  .15542000E+07  .62209390E+06 -.27274810E+00  .65943220E+04
 .68804820E+03  .59667620E+03  .14635890E+07  .78322240E+06 -.24302670E+00  .58948380E+04
 .72255970E+03  .58103770E+03  .13752490E+07  .94840320E+06 -.21777700E+00  .54371450E+04
 .75356090E+03  .56473030E+03  .12893100E+07  .11162640E+07 -.19612290E+00  .51228620E+04
 .78154770E+03  .54805200E+03  .12058490E+07  .12831520E+07 -.17749010E+00  .48978570E+04
 .80693020E+03  .53122450E+03  .11249020E+07  .14448060E+07 -.16130680E+00  .47308230E+04
 .83003640E+03  .51441170E+03  .10464810E+07  .15978380E+07 -.14706200E+00  .46033700E+04
 .85112570E+03  .49773540E+03  .97057180E+06  .17402480E+07 -.13435780E+00  .45042490E+04
 .87040610E+03  .48128660E+03  .89714850E+06  .18712210E+07 -.12290360E+00  .44260620E+04
 .88804850E+03  .46513270E+03  .82617110E+06  .19906430E+07 -.11248560E+00  .43636090E+04
 .90419520E+03  .44932220E+03  .75759150E+06  .20986780E+07 -.10293570E+00  .43131500E+04
 .91896550E+03  .43388970E+03  .69135550E+06  .21954890E+07 -.94111900E-01  .42720500E+04
 .93245880E+03  .41885930E+03  .62740440E+06  .22810970E+07 -.85889260E-01  .42385280E+04
 .94475670E+03  .40424760E+03  .56567680E+06  .23553030E+07 -.78155740E-01  .42113920E+04
 .95592490E+03  .39006550E+03  .50610870E+06  .24176430E+07 -.70810800E-01  .41897620E+04
 .96601480E+03  .37631910E+03  .44863530E+06  .24673330E+07 -.63763470E-01  .41728360E+04
 .97506460E+03  .36301050E+03  .39319110E+06  .25031960E+07 -.56929350E-01  .41597450E+04
 .98310030E+03  .35013750E+03  .33971040E+06  .25235980E+07 -.50228400E-01  .41495450E+04
 .99013620E+03  .33769410E+03  .28812830E+06  .25264240E+07 -.43589070E-01  .41413720E+04
 .99617750E+03  .32567180E+03  .23838110E+06  .25091100E+07 -.36960140E-01  .41346090E+04
 .10012230E+04  .31406020E+03  .19040630E+06  .24686050E+07 -.30298180E-01  .41287090E+04
 .10052600E+04  .30284720E+03  .14414310E+06  .24014810E+07 -.23480180E-01  .41229620E+04
 .10082440E+04  .29201960E+03  .99532840E+05  .23051760E+07 -.16192900E-01  .41171070E+04
 .10100660E+04  .28156500E+03  .56518590E+05  .21806190E+07 -.78646610E-02  .41118750E+04
 .10105040E+04  .27147440E+03  .15045140E+05  .20353920E+07  .24634080E-02  .41088390E+04
 .24884600E-02  .64610500E+03  .19685520E+07  .28324600E-09 -.37532700E-05  .15858820E+06
 .41025690E-02  .64610500E+03  .22464220E+07  .38770910E-09 -.37532700E-05  .28510270E+06
 .24374970E+03  .64610500E+03  .22464220E+07  .13353550E+06 -.27190110E+00  .28510270E+06
 .22914190E+03  .64629540E+03  .22826090E+07  .13853280E+06 -.25006180E+00  .13893320E+06
 .21571400E+03  .64663920E+03  .23188100E+07  .14418060E+06 -.22976710E+00  .83545120E+05
 .20337840E+03  .64717490E+03  .23550360E+07  .15039930E+06 -.21105260E+00  .56262070E+05
 .19204660E+03  .64793920E+03  .23912980E+07  .15710180E+06 -.19391330E+00  .40772840E+05
 .18163160E+03  .64896550E+03  .24276100E+07  .16419560E+06 -.17830140E+00  .31122490E+05
 .17204990E+03  .65028440E+03  .24639880E+07  .17158570E+06 -.16413270E+00  .24691370E+05
 .16322380E+03  .65192420E+03  .25004480E+07  .17917950E+06 -.15129680E+00  .20178710E+05
 .15508210E+03  .65391140E+03  .25370100E+07  .18689510E+06 -.13966890E+00  .16880370E+05
 .14756080E+03  .65627110E+03  .25736930E+07  .19467320E+06 -.12912090E+00  .14389250E+05
 .14060270E+03  .65902750E+03  .26105200E+07  .20249290E+06 -.11953120E+00  .12457300E+05
 .13413680E+03  .66224820E+03  .26474650E+07  .21009280E+06 -.11126980E+00  .10607830E+05
 .12812630E+03  .66595250E+03  .26846520E+07  .21926670E+06 -.10354110E+00  .95151720E+04
 .12252410E+03  .67010170E+03  .27220600E+07  .22910700E+06 -.96670110E-01  .85538940E+04
 .12252410E+03  .67010170E+03  .27220600E+07  .22910700E+06 -.96670110E-01  .85538940E+04
 .11169530E+03  .68071200E+03  .28030830E+07  .25222270E+06 -.84274840E-01  .68638400E+04
 .10220760E+03  .69405440E+03  .28855400E+07  .27738750E+06 -.74157870E-01  .56087320E+04
 .93837260E+02  .71051110E+03  .29697810E+07  .30380340E+06 -.65556510E-01  .47113670E+04
 .86430320E+02  .73028200E+03  .30561950E+07  .33088630E+06 -.58056030E-01  .40857140E+04
 .79866760E+02  .75340500E+03  .31451830E+07  .35828550E+06 -.51485170E-01  .36464990E+04
 .74039380E+02  .77986220E+03  .32371460E+07  .38593330E+06 -.45775350E-01  .33282030E+04
 .68849800E+02  .80962960E+03  .33324830E+07  .41387410E+06 -.40836350E-01  .30936520E+04
 .64212650E+02  .84263320E+03  .34315870E+07  .44210070E+06 -.36548230E-01  .29244980E+04
 .60056400E+02  .87871460E+03  .35348380E+07  .47056060E+06 -.32806970E-01  .28080870E+04
 .56319940E+02  .91766270E+03  .36425930E+07  .49922960E+06 -.29542430E-01  .27316740E+04
 .52949150E+02  .95928210E+03  .37551840E+07  .52814580E+06 -.26704570E-01  .26830460E+04
 .49895620E+02  .10034380E+04  .38729220E+07  .55739530E+06 -.24247050E-01  .26524540E+04
 .47116570E+02  .10500630E+04  .39961070E+07  .58708800E+06 -.22122030E-01  .26332340E+04
 .44574920E+02  .10991470E+04  .41250350E+07  .61734460E+06 -.20282410E-01  .26212520E+04
 .42328960E+04  .19707300E+07  .40044550E+03  .46554400E+04  .22437690E+07  .24498970E+03
 .10000000E+02  .26000000E+02  .20000000E+01  .14000000E+02  .15000000E+02  .70634400E+04
 .40044550E+03  .64615520E+03  .19707300E+07  .12133650E+06 -.45620500E+00  .16606670E+06
 .42619720E+03  .64579630E+03  .19345540E+07  .13797650E+06 -.46168780E+00  .68972090E+05
 .45195920E+03  .64505730E+03  .18984080E+07  .16155550E+06 -.45683950E+00  .36972490E+05
 .47722700E+03  .64380250E+03  .18623170E+07  .19502580E+06 -.44470680E+00  .23285870E+05
 .50169780E+03  .64193850E+03  .18263130E+07  .23962860E+06 -.42880770E+00  .16448680E+05
 .52520560E+03  .63943100E+03  .17904320E+07  .29266610E+06 -.41026500E+00  .12679480E+05
 .54757720E+03  .63631220E+03  .17547090E+07  .34547380E+06 -.38794700E+00  .10487820E+05
 .56855520E+03  .63267670E+03  .17191750E+07  .38610730E+06 -.36026900E+00  .92063780E+04
 .58781070E+03  .62867550E+03  .16838560E+07  .40788680E+06 -.32641010E+00  .85485300E+04
 .60506710E+03  .62450820E+03  .16487660E+07  .42480280E+06 -.29275070E+00  .82788980E+04
 .60506710E+03  .62450820E+03  .16487660E+07  .42480280E+06 -.29275070E+00  .82788980E+04
 .64854480E+03  .61157570E+03  .15562500E+07  .61872720E+06 -.27343500E+00  .66128930E+04
 .68725680E+03  .59701880E+03  .14655900E+07  .77976080E+06 -.24360820E+00  .59067130E+04
 .72184930E+03  .58139790E+03  .13771980E+07  .94484990E+06 -.21827880E+00  .54451520E+04
 .75292050E+03  .56510090E+03  .12912040E+07  .11126810E+07 -.19655570E+00  .51284940E+04
 .78096770E+03  .54842740E+03  .12076860E+07  .12796340E+07 -.17786530E+00  .49019760E+04
 .80640300E+03  .53160070E+03  .11266830E+07  .14414430E+07 -.16163580E+00  .47339300E+04
 .82955570E+03  .51478560E+03  .10482050E+07  .15946880E+07 -.14735450E+00  .46057670E+04
 .85068650E+03  .49810490E+03  .97224080E+06  .17373410E+07 -.13462070E+00  .45061260E+04
 .87000450E+03  .48165000E+03  .89876240E+06  .18685650E+07 -.12314220E+00  .44275510E+04
 .88768110E+03  .46548860E+03  .82773110E+06  .19882370E+07 -.11270390E+00  .43648040E+04
 .90385920E+03  .44966990E+03  .75909870E+06  .20965180E+07 -.10313670E+00  .43141190E+04
 .91865860E+03  .43422860E+03  .69281120E+06  .21935730E+07 -.94298680E-01  .42728380E+04
 .93217900E+03  .41918890E+03  .62881010E+06  .22794270E+07 -.86064300E-01  .42391670E+04
 .94450240E+03  .40456770E+03  .56703360E+06  .23538860E+07 -.78321340E-01  .42119010E+04
 .95569490E+03  .39037580E+03  .50741830E+06  .24164930E+07 -.70969050E-01  .41901600E+04
 .96580800E+03  .37661960E+03  .44989910E+06  .24664710E+07 -.63916280E-01  .41731410E+04
 .97488050E+03  .36330120E+03  .39441050E+06  .25026540E+07 -.57078540E-01  .41599750E+04
 .98293840E+03  .35041850E+03  .34088690E+06  .25234160E+07 -.50375690E-01  .41497210E+04
 .98999630E+03  .33796550E+03  .28926340E+06  .25266540E+07 -.43735900E-01  .41415110E+04
 .99605970E+03  .32593400E+03  .23947620E+06  .25098130E+07 -.37107440E-01  .41347210E+04
 .10011270E+04  .31431330E+03  .19146270E+06  .24698530E+07 -.30447390E-01  .41288080E+04
 .10051870E+04  .30309160E+03  .14516230E+06  .24033470E+07 -.23635850E-01  .41230610E+04
 .10081950E+04  .29225550E+03  .10051600E+06  .23076880E+07 -.16364650E-01  .41171990E+04
 .10100450E+04  .28179270E+03  .57466960E+05  .21836960E+07 -.80687110E-02  .41119290E+04
 .10105180E+04  .27169390E+03  .15959980E+05  .20387700E+07  .22001020E-02  .41088030E+04
 .24972190E-02  .64615520E+03  .19707300E+07  .28609410E-09 -.37501030E-05  .16606670E+06
 .40818040E-02  .64615520E+03  .22437690E+07  .38933100E-09 -.37501030E-05  .29905610E+06
 .24498970E+03  .64615520E+03  .22437690E+07  .13323790E+06 -.27365490E+00  .29905610E+06
 .23028660E+03  .64633810E+03  .22799590E+07  .13817960E+06 -.25170670E+00  .14391480E+06
 .21676980E+03  .64667130E+03  .23161620E+07  .14377800E+06 -.23129680E+00  .85938920E+05
 .20435190E+03  .64719350E+03  .23523890E+07  .14995360E+06 -.21246390E+00  .57598140E+05
 .19294440E+03  .64794150E+03  .23886520E+07  .15661990E+06 -.19520660E+00  .41593530E+05
 .18246010E+03  .64894900E+03  .24249640E+07  .16368480E+06 -.17948060E+00  .31662690E+05
 .17281550E+03  .65024690E+03  .24613400E+07  .17105320E+06 -.16520430E+00  .25066400E+05
 .16393220E+03  .65186350E+03  .24977970E+07  .17863250E+06 -.15226920E+00  .20450420E+05
 .15573860E+03  .65382550E+03  .25343550E+07  .18634000E+06 -.14055150E+00  .17084160E+05
 .14817010E+03  .65615810E+03  .25710330E+07  .19411470E+06 -.12992330E+00  .14546510E+05
 .14116920E+03  .65888550E+03  .26078520E+07  .20193280E+06 -.12026240E+00  .12581500E+05
 .13466620E+03  .66206810E+03  .26447880E+07  .20946570E+06 -.11193180E+00  .10692140E+05
 .12862060E+03  .66574240E+03  .26819650E+07  .21859700E+06 -.10413410E+00  .95891690E+04
 .12298700E+03  .66985850E+03  .27193590E+07  .22839400E+06 -.97201970E-01  .86192540E+04
 .12298700E+03  .66985850E+03  .27193590E+07  .22839400E+06 -.97201970E-01  .86192540E+04
 .11210080E+03  .68038590E+03  .28003490E+07  .25143120E+06 -.84704980E-01  .69134310E+04
 .10256590E+03  .69363010E+03  .28827610E+07  .27654430E+06 -.74518780E-01  .56450500E+04
 .94155330E+02  .70997810E+03  .29669450E+07  .30293020E+06 -.65868250E-01  .47370750E+04
 .86713390E+02  .72963620E+03  .30532880E+07  .32999850E+06 -.58328790E-01  .41037320E+04
 .80119220E+02  .75264640E+03  .31421920E+07  .35738970E+06 -.51722960E-01  .36594480E+04
 .74265260E+02  .77899130E+03  .32340570E+07  .38502860E+06 -.45981300E-01  .33378020E+04
 .69052660E+02  .80864730E+03  .33292820E+07  .41295970E+06 -.41014910E-01  .31007560E+04
 .64395490E+02  .84154350E+03  .34282620E+07  .44117820E+06 -.36703960E-01  .29295760E+04
 .60221750E+02  .87752390E+03  .35313760E+07  .46963190E+06 -.32943220E-01  .28115610E+04
 .56469980E+02  .91637830E+03  .36389820E+07  .49829460E+06 -.29661470E-01  .27339790E+04
 .53085850E+02  .95790990E+03  .37514140E+07  .52720230E+06 -.26808270E-01  .26845660E+04
 .50020710E+02  .10019820E+04  .38689820E+07  .55643980E+06 -.24337240E-01  .26534680E+04
 .47231540E+02  .10485240E+04  .39919880E+07  .58611680E+06 -.22200570E-01  .26339230E+04
 .44681100E+02  .10975250E+04  .41207260E+07  .61635340E+06 -.20351020E-01  .26217250E+04
 .42363190E+04  .19729740E+07  .39899270E+03  .46511360E+04  .22410410E+07  .24626930E+03
 .10000000E+02  .26000000E+02  .20000000E+01  .14000000E+02  .15000000E+02  .70591360E+04
 .39899270E+03  .64620520E+03  .19729740E+07  .12099810E+06 -.45530110E+00  .17425670E+06
 .42471180E+03  .64586100E+03  .19367950E+07  .13714280E+06 -.46142920E+00  .71574690E+05
 .45047580E+03  .64514530E+03  .19006450E+07  .16009200E+06 -.45713700E+00  .38053430E+05
 .47577070E+03  .64392160E+03  .18645480E+07  .19283550E+06 -.44534380E+00  .23811810E+05
 .50028320E+03  .64209330E+03  .18285370E+07  .23675930E+06 -.42964870E+00  .16733260E+05
 .52384420E+03  .63962200E+03  .17926460E+07  .28947960E+06 -.41133740E+00  .12843110E+05
 .54628470E+03  .63653590E+03  .17569110E+07  .34268970E+06 -.38935330E+00  .10583900E+05
 .56735270E+03  .63292580E+03  .17213640E+07  .38440970E+06 -.36208470E+00  .92599210E+04
 .58672150E+03  .62893940E+03  .16860300E+07  .40735130E+06 -.32862860E+00  .85686690E+04
 .60409440E+03  .62477630E+03  .16509260E+07  .42194430E+06 -.29363320E+00  .83138650E+04
 .60409440E+03  .62477630E+03  .16509260E+07  .42194430E+06 -.29363320E+00  .83138650E+04
 .64762870E+03  .61190040E+03  .15583640E+07  .61525450E+06 -.27414690E+00  .66322590E+04
 .68643860E+03  .59737120E+03  .14676530E+07  .77619110E+06 -.24421020E+00  .59190770E+04
 .72111510E+03  .58176870E+03  .13792060E+07  .94118510E+06 -.21879800E+00  .54534800E+04
 .75225860E+03  .56548250E+03  .12931560E+07  .11089840E+07 -.19700360E+00  .51343460E+04
 .78036840E+03  .54881410E+03  .12095810E+07  .12760020E+07 -.17825350E+00  .49062510E+04
 .80585820E+03  .53198830E+03  .11285200E+07  .14379680E+07 -.16197610E+00  .47371540E+04
 .82905900E+03  .51517100E+03  .10499840E+07  .15914320E+07 -.14765670E+00  .46082530E+04
 .85023270E+03  .49848570E+03  .97396170E+06  .17343360E+07 -.13489240E+00  .45080730E+04
 .86958950E+03  .48202450E+03  .90042670E+06  .18658190E+07 -.12338870E+00  .44290940E+04
 .88730150E+03  .46585560E+03  .82933970E+06  .19857490E+07 -.11292920E+00  .43660420E+04
 .90351200E+03  .45002840E+03  .76065290E+06  .20942830E+07 -.10334440E+00  .43151220E+04
 .91834140E+03  .43457800E+03  .69431230E+06  .21915900E+07 -.94491520E-01  .42736550E+04
 .93188980E+03  .41952880E+03  .63025940E+06  .22776960E+07 -.86244980E-01  .42398290E+04
 .94423950E+03  .40489770E+03  .56843280E+06  .23524160E+07 -.78492230E-01  .42124300E+04
 .95545700E+03  .39069580E+03  .50876860E+06  .24152980E+07 -.71132300E-01  .41905740E+04
 .96559430E+03  .37692950E+03  .45120220E+06  .24655730E+07 -.64073880E-01  .41734570E+04
 .97469010E+03  .36360100E+03  .39566790E+06  .25020840E+07 -.57232370E-01  .41602150E+04
 .98277080E+03  .35070830E+03  .34210010E+06  .25232180E+07 -.50527530E-01  .41499050E+04
 .98985150E+03  .33824560E+03  .29043390E+06  .25268790E+07 -.43887220E-01  .41416550E+04
 .99593760E+03  .32620440E+03  .24060530E+06  .25105240E+07 -.37259210E-01  .41348380E+04
 .10010280E+04  .31457440E+03  .19255200E+06  .24711240E+07 -.30601050E-01  .41289110E+04
 .10051110E+04  .30334360E+03  .14621310E+06  .24052540E+07 -.23796010E-01  .41231640E+04
 .10081450E+04  .29249870E+03  .10152960E+06  .23102610E+07 -.16541060E-01  .41172950E+04
 .10100230E+04  .28202740E+03  .58444790E+05  .21868550E+07 -.82779170E-02  .41119890E+04
 .10105320E+04  .27192030E+03  .16903210E+05  .20422480E+07  .19306240E-02  .41087710E+04
 .25063110E-02  .64620520E+03  .19729740E+07  .28908530E-09 -.37469170E-05  .17425670E+06
 .40605950E-02  .64620520E+03  .22410410E+07  .39105190E-09 -.37469170E-05  .31441110E+06
 .24626930E+03  .64620520E+03  .22410410E+07  .13293550E+06 -.27546360E+00  .31441110E+06
 .23146800E+03  .64638070E+03  .22772320E+07  .13781970E+06 -.25340400E+00  .14930570E+06
 .21785950E+03  .64670320E+03  .23134380E+07  .14336680E+06 -.23287630E+00  .88507090E+05
 .20535650E+03  .64721180E+03  .23496670E+07  .14949770E+06 -.21392200E+00  .59023040E+05
 .19387080E+03  .64794320E+03  .23859300E+07  .15612640E+06 -.19654340E+00  .42464770E+05
 .18331500E+03  .64893160E+03  .24222410E+07  .16316090E+06 -.18069970E+00  .32234030E+05
 .17360520E+03  .65020790E+03  .24586160E+07  .17050660E+06 -.16631230E+00  .25461820E+05
 .16466280E+03  .65180080E+03  .24950700E+07  .17807050E+06 -.15327470E+00  .20736130E+05
 .15641550E+03  .65373710E+03  .25316240E+07  .18576920E+06 -.14146410E+00  .17297990E+05
 .14879830E+03  .65604190E+03  .25682960E+07  .19354000E+06 -.13075280E+00  .14711210E+05
 .14175300E+03  .65873960E+03  .26051080E+07  .20135630E+06 -.12101820E+00  .12711380E+05
 .13521160E+03  .66188280E+03  .26420350E+07  .20882290E+06 -.11261660E+00  .10779760E+05
 .12912980E+03  .66552660E+03  .26792000E+07  .21791060E+06 -.10474740E+00  .96659990E+04
 .12346360E+03  .66960880E+03  .27165820E+07  .22766270E+06 -.97751920E-01  .86871040E+04
 .12346360E+03  .66960880E+03  .27165820E+07  .22766270E+06 -.97751920E-01  .86871040E+04
 .11251820E+03  .68005150E+03  .27975370E+07  .25061830E+06 -.85149150E-01  .69649520E+04
 .10293450E+03  .69319510E+03  .28799020E+07  .27567740E+06 -.74890990E-01  .56828260E+04
 .94482570E+02  .70943150E+03  .29640270E+07  .30203160E+06 -.66189510E-01  .47638350E+04
 .87004550E+02  .72897370E+03  .30502980E+07  .32908450E+06 -.58609840E-01  .41224800E+04
 .80378840E+02  .75186770E+03  .31391150E+07  .35646740E+06 -.51968070E-01  .36729040E+04
 .74497470E+02  .77809690E+03  .32308800E+07  .38409710E+06 -.46193590E-01  .33477660E+04
 .69261130E+02  .80763830E+03  .33259910E+07  .41201820E+06 -.41198940E-01  .31081350E+04
 .64583340E+02  .84042380E+03  .34248430E+07  .44022830E+06 -.36864410E-01  .29348570E+04
 .60391580E+02  .87630000E+03  .35278170E+07  .46867550E+06 -.33083600E-01  .28151770E+04
 .56624050E+02  .91505790E+03  .36352700E+07  .49733180E+06 -.29784120E-01  .27363800E+04
 .53226170E+02  .95649900E+03  .37475380E+07  .52623080E+06 -.26915100E-01  .26861470E+04
 .50149060E+02  .10004840E+04  .38649320E+07  .55545620E+06 -.24430150E-01  .26545210E+04
 .47349490E+02  .10469410E+04  .39877530E+07  .58511700E+06 -.22281450E-01  .26346360E+04
 .44789970E+02  .10958570E+04  .41162960E+07  .61533310E+06 -.20421650E-01  .26222130E+04
 .42398520E+04  .19752900E+07  .39749360E+03  .46467050E+04  .22382300E+07  .24759180E+03
 .10000000E+02  .26000000E+02  .20000000E+01  .14000000E+02  .15000000E+02  .70547050E+04
 .39749360E+03  .64625530E+03  .19752900E+07  .12067330E+06 -.45434190E+00  .18326190E+06
 .42317730E+03  .64592560E+03  .19391070E+07  .13631520E+06 -.46113310E+00  .74405730E+05
 .44894190E+03  .64523370E+03  .19029530E+07  .15862230E+06 -.45742460E+00  .39220460E+05
 .47426410E+03  .64404170E+03  .18668510E+07  .19061860E+06 -.44599240E+00  .24376230E+05
 .49881910E+03  .64225000E+03  .18308310E+07  .23382980E+06 -.43050830E+00  .17037440E+05
 .52243430E+03  .63981630E+03  .17949310E+07  .28618480E+06 -.41242800E+00  .13017720E+05
 .54494480E+03  .63676440E+03  .17591840E+07  .33975570E+06 -.39078050E+00  .10686500E+05
 .56610410E+03  .63318130E+03  .17236230E+07  .38256580E+06 -.36393050E+00  .93176010E+04
 .58558840E+03  .62921090E+03  .16882750E+07  .40672890E+06 -.33089580E+00  .85915960E+04
 .60308570E+03  .62505190E+03  .16531550E+07  .41987920E+06 -.29502240E+00  .83374730E+04
 .60308570E+03  .62505190E+03  .16531550E+07  .41987920E+06 -.29502240E+00  .83374730E+04
 .64668010E+03  .61223440E+03  .15605470E+07  .61166760E+06 -.27488570E+00  .66524900E+04
 .68559160E+03  .59773430E+03  .14697830E+07  .77250480E+06 -.24483410E+00  .59319730E+04
 .72035500E+03  .58215090E+03  .13812800E+07  .93740000E+06 -.21933610E+00  .54621590E+04
 .75157350E+03  .56587600E+03  .12951720E+07  .11051630E+07 -.19746770E+00  .51404380E+04
 .77974820E+03  .54921310E+03  .12115370E+07  .12722470E+07 -.17865560E+00  .49106990E+04
 .80529440E+03  .53238830E+03  .11304160E+07  .14343730E+07 -.16232840E+00  .47405060E+04
 .82854490E+03  .51556880E+03  .10518200E+07  .15880620E+07 -.14796960E+00  .46108360E+04
 .84976320E+03  .49887880E+03  .97573870E+06  .17312240E+07 -.13517350E+00  .45100960E+04
 .86916020E+03  .48241120E+03  .90214520E+06  .18629750E+07 -.12364380E+00  .44306980E+04
 .88690870E+03  .46623450E+03  .83100080E+06  .19831710E+07 -.11316240E+00  .43673280E+04
 .90315280E+03  .45039860E+03  .76225780E+06  .20919670E+07 -.10355910E+00  .43161630E+04
 .91801310E+03  .43493880E+03  .69586230E+06  .21895330E+07 -.94690920E-01  .42745020E+04
 .93159050E+03  .41987980E+03  .63175610E+06  .22759010E+07 -.86431750E-01  .42405160E+04
 .94396750E+03  .40523850E+03  .56987750E+06  .23508900E+07 -.78668850E-01  .42129800E+04
 .95521090E+03  .39102630E+03  .51016310E+06  .24140550E+07 -.71300980E-01  .41910040E+04
 .96537290E+03  .37724960E+03  .45254780E+06  .24646360E+07 -.64236680E-01  .41737870E+04
 .97449280E+03  .36391070E+03  .39696630E+06  .25014850E+07 -.57391220E-01  .41604640E+04
 .98259720E+03  .35100770E+03  .34335280E+06  .25230000E+07 -.50684260E-01  .41500960E+04
 .98970140E+03  .33853480E+03  .29164250E+06  .25270980E+07 -.44043390E-01  .41418060E+04
 .99581090E+03  .32648370E+03  .24177130E+06  .25112430E+07 -.37415820E-01  .41349590E+04
 .10009250E+04  .31484410E+03  .19367680E+06  .24724200E+07 -.30759530E-01  .41290180E+04
 .10050320E+04  .30360390E+03  .14729810E+06  .24072040E+07 -.23961010E-01  .41232710E+04
 .10080910E+04  .29275000E+03  .10257630E+06  .23129000E+07 -.16722510E-01  .41173960E+04
 .10100000E+04  .28226990E+03  .59454410E+05  .21901020E+07 -.84926910E-02  .41120530E+04
 .10105440E+04  .27215420E+03  .17877120E+05  .20458340E+07  .16544900E-02  .41087440E+04
 .25157640E-02  .64625530E+03  .19752900E+07  .29223220E-09 -.37437120E-05  .18326190E+06
 .40389070E-02  .64625530E+03  .22382300E+07  .39287960E-09 -.37437120E-05  .33138490E+06
 .24759180E+03  .64625530E+03  .22382300E+07  .13262800E+06 -.27733120E+00  .33138490E+06
 .23268900E+03  .64642330E+03  .22744250E+07  .13745260E+06 -.25515780E+00  .15515950E+06
 .21898560E+03  .64673500E+03  .23106320E+07  .14294650E+06 -.23450920E+00  .91270570E+05
 .20639470E+03  .64722970E+03  .23468620E+07  .14903100E+06 -.21543030E+00  .60546770E+05
 .19482800E+03  .64794420E+03  .23831260E+07  .15562040E+06 -.19792680E+00  .43391980E+05
 .18419810E+03  .64891300E+03  .24194370E+07  .16262320E+06 -.18196190E+00  .32839710E+05
 .17442090E+03  .65016740E+03  .24558100E+07  .16994500E+06 -.16745980E+00  .25879650E+05
 .16541730E+03  .65173600E+03  .24922610E+07  .17749250E+06 -.15431600E+00  .21037220E+05
 .15711440E+03  .65364580E+03  .25288110E+07  .18518160E+06 -.14240910E+00  .17522800E+05
 .14944670E+03  .65592220E+03  .25654770E+07  .19294800E+06 -.13161170E+00  .14884020E+05
 .14235550E+03  .65858950E+03  .26022810E+07  .20076220E+06 -.12180060E+00  .12847420E+05
 .13577450E+03  .66169200E+03  .26391990E+07  .20816330E+06 -.11332600E+00  .10870960E+05
 .12965500E+03  .66530440E+03  .26763530E+07  .21720630E+06 -.10538290E+00  .97458960E+04
 .12395510E+03  .66935200E+03  .27137210E+07  .22691200E+06 -.98321420E-01  .87576470E+04
 .12395510E+03  .66935200E+03  .27137210E+07  .22691200E+06 -.98321420E-01  .87576470E+04
 .11294840E+03  .67970790E+03  .27946400E+07  .24978250E+06 -.85608470E-01  .70185580E+04
 .10331440E+03  .69274850E+03  .28769580E+07  .27478500E+06 -.75275380E-01  .57221790E+04
 .94819650E+02  .70887020E+03  .29610230E+07  .30110570E+06 -.66521000E-01  .47917360E+04
 .87304410E+02  .72829300E+03  .30472190E+07  .32814250E+06 -.58899840E-01  .41420200E+04
 .80646160E+02  .75106750E+03  .31359480E+07  .35551660E+06 -.52221040E-01  .36869070E+04
 .74736500E+02  .77717750E+03  .32276090E+07  .38313700E+06 -.46412730E-01  .33581270E+04
 .69475670E+02  .80660080E+03  .33226030E+07  .41104770E+06 -.41388850E-01  .31158110E+04
 .64776590E+02  .83927200E+03  .34213230E+07  .43924910E+06 -.37029960E-01  .29403580E+04
 .60566230E+02  .87504070E+03  .35241520E+07  .46768950E+06 -.33228410E-01  .28189470E+04
 .56782450E+02  .91369880E+03  .36314490E+07  .49633910E+06 -.29910640E-01  .27388830E+04
 .53370390E+02  .95504650E+03  .37435470E+07  .52522930E+06 -.27025310E-01  .26877940E+04
 .50280930E+02  .99894180E+03  .38607620E+07  .55444230E+06 -.24525990E-01  .26556160E+04
 .47470620E+02  .10453120E+04  .39833920E+07  .58408650E+06 -.22364850E-01  .26353770E+04
 .44901740E+02  .10941390E+04  .41117350E+07  .61428170E+06 -.20494460E-01  .26227190E+04
 .42435030E+04  .19776830E+07  .39594420E+03  .46421400E+04  .22353320E+07  .24896040E+03
 .10000000E+02  .26000000E+02  .20000000E+01  .14000000E+02  .15000000E+02  .70501400E+04
 .39594420E+03  .64630530E+03  .19776830E+07  .12036310E+06 -.45332260E+00  .19320690E+06
 .42158960E+03  .64599020E+03  .19414970E+07  .13549410E+06 -.46079530E+00  .77497040E+05
 .44735330E+03  .64532240E+03  .19053380E+07  .15714630E+06 -.45770000E+00  .40484880E+05
 .47270290E+03  .64416290E+03  .18692300E+07  .18837380E+06 -.44665280E+00  .24983880E+05
 .49730130E+03  .64240900E+03  .18332030E+07  .23083730E+06 -.43138830E+00  .17363530E+05
 .52097190E+03  .64001430E+03  .17972920E+07  .28277650E+06 -.41353880E+00  .13204540E+05
 .54355350E+03  .63699810E+03  .17615330E+07  .33666230E+06 -.39223040E+00  .10796320E+05
 .56480580E+03  .63344350E+03  .17259590E+07  .38056260E+06 -.36580850E+00  .93798430E+04
 .58440790E+03  .62949060E+03  .16905950E+07  .40600740E+06 -.33321410E+00  .86175960E+04
 .60203620E+03  .62533610E+03  .16554590E+07  .41838510E+06 -.29681070E+00  .83532550E+04
 .60203620E+03  .62533610E+03  .16554590E+07  .41838510E+06 -.29681070E+00  .83532550E+04
 .64569620E+03  .61257870E+03  .15628030E+07  .60795690E+06 -.27565400E+00  .66736670E+04
 .68471320E+03  .59810870E+03  .14719850E+07  .76869220E+06 -.24548200E+00  .59454490E+04
 .71956700E+03  .58254530E+03  .13834250E+07  .93348460E+06 -.21989480E+00  .54712170E+04
 .75086330E+03  .56628250E+03  .12972560E+07  .11012090E+07 -.19794950E+00  .51467920E+04
 .77910530E+03  .54962520E+03  .12135600E+07  .12683570E+07 -.17907290E+00  .49153330E+04
 .80471000E+03  .53280170E+03  .11323770E+07  .14306470E+07 -.16269390E+00  .47439960E+04
 .82801220E+03  .51598000E+03  .10537190E+07  .15845680E+07 -.14829410E+00  .46135260E+04
 .84927660E+03  .49928530E+03  .97757650E+06  .17279960E+07 -.13546500E+00  .45122000E+04
 .86871510E+03  .48281100E+03  .90392250E+06  .18600250E+07 -.12390810E+00  .44323650E+04
 .88650150E+03  .46662630E+03  .83271870E+06  .19804960E+07 -.11340400E+00  .43686660E+04
 .90278040E+03  .45078140E+03  .76391760E+06  .20895630E+07 -.10378160E+00  .43172470E+04
 .91767290E+03  .43531200E+03  .69746540E+06  .21873970E+07 -.94897430E-01  .42753840E+04
 .93128020E+03  .42024280E+03  .63330400E+06  .22740360E+07 -.86625130E-01  .42412310E+04
 .94368540E+03  .40559110E+03  .57137180E+06  .23493020E+07 -.78851660E-01  .42135530E+04
 .95495560E+03  .39136820E+03  .51160520E+06  .24127600E+07 -.71475540E-01  .41914530E+04
 .96514330E+03  .37758070E+03  .45393950E+06  .24636570E+07 -.64405090E-01  .41741300E+04
 .97428810E+03  .36423100E+03  .39830910E+06  .25008550E+07 -.57555490E-01  .41607250E+04
 .98241700E+03  .35131730E+03  .34464840E+06  .25227630E+07 -.50846300E-01  .41502960E+04
 .98954530E+03  .33883400E+03  .29289240E+06  .25273090E+07 -.44204810E-01  .41419630E+04
 .99567910E+03  .32677260E+03  .24297710E+06  .25119700E+07 -.37577650E-01  .41350870E+04
 .10008170E+04  .31512300E+03  .19484000E+06  .24737410E+07 -.30923230E-01  .41291300E+04
 .10049500E+04  .30387320E+03  .14842020E+06  .24092000E+07 -.24131250E-01  .41233840E+04
 .10080360E+04  .29301000E+03  .10365870E+06  .23156080E+07 -.16909410E-01  .41175030E+04
 .10099740E+04  .28252080E+03  .60498520E+05  .21934440E+07 -.87134930E-02  .41121230E+04
 .10105560E+04  .27239610E+03  .18884260E+05  .20495360E+07  .13711550E-02  .41087220E+04
 .25256090E-02  .64630530E+03  .19776830E+07  .29554910E-09 -.37404850E-05  .19320690E+06
 .40167030E-02  .64630530E+03  .22353320E+07  .39482290E-09 -.37404850E-05  .35024130E+06
 .24896040E+03  .64630530E+03  .22353320E+07  .13231510E+06 -.27926250E+00  .35024130E+06
 .23395280E+03  .64646580E+03  .22715290E+07  .13707790E+06 -.25697240E+00  .16154000E+06
 .22015120E+03  .64676670E+03  .23077390E+07  .14251650E+06 -.23620000E+00  .94253950E+05
 .20746910E+03  .64724710E+03  .23439700E+07  .14855250E+06 -.21699290E+00  .62181020E+05
 .19581850E+03  .64794450E+03  .23802350E+07  .15510090E+06 -.19936090E+00  .44381470E+05
 .18511190E+03  .64889330E+03  .24165450E+07  .16207060E+06 -.18327060E+00  .33483440E+05
 .17526480E+03  .65012510E+03  .24529160E+07  .16936710E+06 -.16864980E+00  .26322230E+05
 .16619760E+03  .65166880E+03  .24893650E+07  .17689710E+06 -.15539610E+00  .21355230E+05
 .15783710E+03  .65355160E+03  .25259090E+07  .18457580E+06 -.14338930E+00  .17759660E+05
 .15011710E+03  .65579870E+03  .25625690E+07  .19233730E+06 -.13250230E+00  .15065720E+05
 .14297830E+03  .65843480E+03  .25993660E+07  .20014910E+06 -.12261170E+00  .12990220E+05
 .13635610E+03  .66149520E+03  .26362740E+07  .20748550E+06 -.11406210E+00  .10966060E+05
 .13019760E+03  .66507550E+03  .26734160E+07  .21648280E+06 -.10604220E+00  .98291210E+04
 .12446280E+03  .66908770E+03  .27107700E+07  .22614040E+06 -.98912110E-01  .88311100E+04
 .12446280E+03  .66908770E+03  .27107700E+07  .22614040E+06 -.98912110E-01  .88311100E+04
 .11339250E+03  .67935490E+03  .27916520E+07  .24892200E+06 -.86084190E-01  .70744260E+04
 .10370640E+03  .69228950E+03  .28739220E+07  .27386510E+06 -.75672950E-01  .57632450E+04
 .95167370E+02  .70829320E+03  .29579250E+07  .30015060E+06 -.66863590E-01  .48208770E+04
 .87613670E+02  .72759300E+03  .30440450E+07  .32717010E+06 -.59199490E-01  .41624200E+04
 .80921780E+02  .75024410E+03  .31326810E+07  .35453510E+06 -.52482510E-01  .37015060E+04
 .74982880E+02  .77623120E+03  .32242370E+07  .38214600E+06 -.46639240E-01  .33689200E+04
 .69696740E+02  .80553270E+03  .33191090E+07  .41004590E+06 -.41585120E-01  .31238100E+04
 .64975670E+02  .83808560E+03  .34176950E+07  .43823810E+06 -.37201000E-01  .29460970E+04
 .60746110E+02  .87374320E+03  .35203740E+07  .46667150E+06 -.33378020E-01  .28228840E+04
 .56945530E+02  .91229820E+03  .36275090E+07  .49531420E+06 -.30041360E-01  .27414970E+04
 .53518810E+02  .95354930E+03  .37394340E+07  .52419530E+06 -.27139160E-01  .26895120E+04
 .50416600E+02  .99735220E+03  .38564630E+07  .55339570E+06 -.24624980E-01  .26567560E+04
 .47595200E+02  .10436310E+04  .39788970E+07  .58302290E+06 -.22450990E-01  .26361460E+04
 .45016670E+02  .10923680E+04  .41070320E+07  .61319670E+06 -.20569620E-01  .26232440E+04
