 .42435030E+04  .19776830E+07  .39594420E+03  .46421400E+04  .22353320E+07  .24896040E+03
 .10000000E+02  .27000000E+02  .20000000E+01  .14000000E+02  .16000000E+02  .71701400E+04
 .39594420E+03  .64630530E+03  .19776830E+07  .12036310E+06 -.45332260E+00  .19320690E+06
 .42158960E+03  .64599020E+03  .19414970E+07  .13549410E+06 -.46079530E+00  .77497040E+05
 .44735330E+03  .64532240E+03  .19053380E+07  .15714630E+06 -.45770000E+00  .40484880E+05
 .47270290E+03  .64416290E+03  .18692300E+07  .18837380E+06 -.44665280E+00  .24983880E+05
 .49730130E+03  .64240900E+03  .18332030E+07  .23083730E+06 -.43138830E+00  .17363530E+05
 .52097190E+03  .64001430E+03  .17972920E+07  .28277650E+06 -.41353880E+00  .13204540E+05
 .54355350E+03  .63699810E+03  .17615330E+07  .33666230E+06 -.39223040E+00  .10796320E+05
 .56480580E+03  .63344350E+03  .17259590E+07  .38056260E+06 -.36580850E+00  .93798430E+04
 .58440790E+03  .62949060E+03  .16905950E+07  .40600740E+06 -.33321410E+00  .86175960E+04
 .60203620E+03  .62533610E+03  .16554590E+07  .41838510E+06 -.29681070E+00  .83532550E+04
 .60203620E+03  .62533610E+03  .16554590E+07  .41838510E+06 -.29681070E+00  .83532550E+04
 .64569620E+03  .61257870E+03  .15628030E+07  .60795690E+06 -.27565400E+00  .66736670E+04
 .68471320E+03  .59810870E+03  .14719850E+07  .76869220E+06 -.24548200E+00  .59454490E+04
 .71956700E+03  .58254530E+03  .13834250E+07  .93348460E+06 -.21989480E+00  .54712170E+04
 .75086330E+03  .56628250E+03  .12972560E+07  .11012090E+07 -.19794950E+00  .51467920E+04
 .77910530E+03  .54962520E+03  .12135600E+07  .12683570E+07 -.17907290E+00  .49153330E+04
 .80471000E+03  .53280170E+03  .11323770E+07  .14306470E+07 -.16269390E+00  .47439960E+04
 .82801220E+03  .51598000E+03  .10537190E+07  .15845680E+07 -.14829410E+00  .46135260E+04
 .84927660E+03  .49928530E+03  .97757650E+06  .17279960E+07 -.13546500E+00  .45122000E+04
 .86871510E+03  .48281100E+03  .90392250E+06  .18600250E+07 -.12390810E+00  .44323650E+04
 .88650150E+03  .46662630E+03  .83271870E+06  .19804960E+07 -.11340400E+00  .43686660E+04
 .90278040E+03  .45078140E+03  .76391760E+06  .20895630E+07 -.10378160E+00  .43172470E+04
 .91767290E+03  .43531200E+03  .69746540E+06  .21873970E+07 -.94897430E-01  .42753840E+04
 .93128020E+03  .42024280E+03  .63330400E+06  .22740360E+07 -.86625130E-01  .42412310E+04
 .94368540E+03  .40559110E+03  .57137180E+06  .23493020E+07 -.78851660E-01  .42135530E+04
 .95495560E+03  .39136820E+03  .51160520E+06  .24127600E+07 -.71475540E-01  .41914530E+04
 .96514330E+03  .37758070E+03  .45393950E+06  .24636570E+07 -.64405090E-01  .41741300E+04
 .97428810E+03  .36423100E+03  .39830910E+06  .25008550E+07 -.57555490E-01  .41607250E+04
 .98241700E+03  .35131730E+03  .34464840E+06  .25227630E+07 -.50846300E-01  .41502960E+04
 .98954530E+03  .33883400E+03  .29289240E+06  .25273090E+07 -.44204810E-01  .41419630E+04
 .99567910E+03  .32677260E+03  .24297710E+06  .25119700E+07 -.37577650E-01  .41350870E+04
 .10008170E+04  .31512300E+03  .19484000E+06  .24737410E+07 -.30923230E-01  .41291300E+04
 .10049500E+04  .30387320E+03  .14842020E+06  .24092000E+07 -.24131250E-01  .41233840E+04
 .10080360E+04  .29301000E+03  .10365870E+06  .23156080E+07 -.16909410E-01  .41175030E+04
 .10099740E+04  .28252080E+03  .60498520E+05  .21934440E+07 -.87134930E-02  .41121230E+04
 .10105560E+04  .27239610E+03  .18884260E+05  .20495360E+07  .13711550E-02  .41087220E+04
 .10093950E+04  .26263130E+03 -.21238300E+05  .19004910E+07  .14846090E-01  .41102390E+04
 .25256090E-02  .64630530E+03  .19776830E+07  .29554910E-09 -.37404850E-05  .19320690E+06
 .40167030E-02  .64630530E+03  .22353320E+07  .39482290E-09 -.37404850E-05  .35024130E+06
 .24896040E+03  .64630530E+03  .22353320E+07  .13231510E+06 -.27926250E+00  .35024130E+06
 .23395280E+03  .64646580E+03  .22715290E+07  .13707790E+06 -.25697240E+00  .16154000E+06
 .22015120E+03  .64676670E+03  .23077390E+07  .14251650E+06 -.23620000E+00  .94253950E+05
 .20746910E+03  .64724710E+03  .23439700E+07  .14855250E+06 -.21699290E+00  .62181020E+05
 .19581850E+03  .64794450E+03  .23802350E+07  .15510090E+06 -.19936090E+00  .44381470E+05
 .18511190E+03  .64889330E+03  .24165450E+07  .16207060E+06 -.18327060E+00  .33483440E+05
 .17526480E+03  .65012510E+03  .24529160E+07  .16936710E+06 -.16864980E+00  .26322230E+05
 .16619760E+03  .65166880E+03  .24893650E+07  .17689710E+06 -.15539610E+00  .21355230E+05
 .15783710E+03  .65355160E+03  .25259090E+07  .18457580E+06 -.14338930E+00  .17759660E+05
 .15011710E+03  .65579870E+03  .25625690E+07  .19233730E+06 -.13250230E+00  .15065720E+05
 .14297830E+03  .65843480E+03  .25993660E+07  .20014910E+06 -.12261170E+00  .12990220E+05
 .13635610E+03  .66149520E+03  .26362740E+07  .20748550E+06 -.11406210E+00  .10966060E+05
 .13019760E+03  .66507550E+03  .26734160E+07  .21648280E+06 -.10604220E+00  .98291210E+04
 .12446280E+03  .66908770E+03  .27107700E+07  .22614040E+06 -.98912110E-01  .88311100E+04
 .12446280E+03  .66908770E+03  .27107700E+07  .22614040E+06 -.98912110E-01  .88311100E+04
 .11339250E+03  .67935490E+03  .27916520E+07  .24892200E+06 -.86084190E-01  .70744260E+04
 .10370640E+03  .69228950E+03  .28739220E+07  .27386510E+06 -.75672950E-01  .57632450E+04
 .95167370E+02  .70829320E+03  .29579250E+07  .30015060E+06 -.66863590E-01  .48208770E+04
 .87613670E+02  .72759300E+03  .30440450E+07  .32717010E+06 -.59199490E-01  .41624200E+04
 .80921780E+02  .75024410E+03  .31326810E+07  .35453510E+06 -.52482510E-01  .37015060E+04
 .74982880E+02  .77623120E+03  .32242370E+07  .38214600E+06 -.46639240E-01  .33689200E+04
 .69696740E+02  .80553270E+03  .33191090E+07  .41004590E+06 -.41585120E-01  .31238100E+04
 .64975670E+02  .83808560E+03  .34176950E+07  .43823810E+06 -.37201000E-01  .29460970E+04
 .60746110E+02  .87374320E+03  .35203740E+07  .46667150E+06 -.33378020E-01  .28228840E+04
 .56945530E+02  .91229820E+03  .36275090E+07  .49531420E+06 -.30041360E-01  .27414970E+04
 .53518810E+02  .95354930E+03  .37394340E+07  .52419530E+06 -.27139160E-01  .26895120E+04
 .50416600E+02  .99735220E+03  .38564630E+07  .55339570E+06 -.24624980E-01  .26567560E+04
 .47595200E+02  .10436310E+04  .39788970E+07  .58302290E+06 -.22450990E-01  .26361460E+04
 .45016670E+02  .10923680E+04  .41070320E+07  .61319670E+06 -.20569620E-01  .26232440E+04
 .42648560E+02  .11435840E+04  .42411650E+07  .64404370E+06 -.18936970E-01  .26153650E+04
 .42472840E+04  .19801590E+07  .39434030E+03  .46374280E+04  .22323390E+07  .25037930E+03
 .10000000E+02  .27000000E+02  .20000000E+01  .14000000E+02  .16000000E+02  .71654280E+04
 .39434030E+03  .64635530E+03  .19801590E+07  .12006860E+06 -.45223750E+00  .20424250E+06
 .41994430E+03  .64605490E+03  .19439710E+07  .13468030E+06 -.46041080E+00  .80886720E+05
 .44570540E+03  .64541160E+03  .19078080E+07  .15566380E+06 -.45796080E+00  .41860050E+05
 .47108220E+03  .64428520E+03  .18716940E+07  .18609980E+06 -.44732550E+00  .25640340E+05
 .49572520E+03  .64257030E+03  .18356590E+07  .22777890E+06 -.43229090E+00  .17714190E+05
 .51945230E+03  .64021610E+03  .17997380E+07  .27924870E+06 -.41467200E+00  .13405000E+05
 .54210640E+03  .63723740E+03  .17639660E+07  .33339870E+06 -.39370510E+00  .10914200E+05
 .56345320E+03  .63371300E+03  .17283770E+07  .37838560E+06 -.36772120E+00  .94471400E+04
 .58317550E+03  .62977910E+03  .16929980E+07  .40517300E+06 -.33558620E+00  .86469960E+04
 .60094110E+03  .62562970E+03  .16578460E+07  .41729730E+06 -.29891930E+00  .83639860E+04
 .60094110E+03  .62562970E+03  .16578460E+07  .41729730E+06 -.29891930E+00  .83639860E+04
 .64467390E+03  .61293390E+03  .15651400E+07  .60411160E+06 -.27645440E+00  .66958830E+04
 .68380070E+03  .59849560E+03  .14742660E+07  .76474230E+06 -.24615600E+00  .59595600E+04
 .71874840E+03  .58295330E+03  .13856470E+07  .92942770E+06 -.22047570E+00  .54806930E+04
 .75012580E+03  .56670290E+03  .12994160E+07  .10971100E+07 -.19845040E+00  .51534310E+04
 .77843760E+03  .55005190E+03  .12156560E+07  .12643230E+07 -.17950660E+00  .49201700E+04
 .80410320E+03  .53322960E+03  .11344080E+07  .14267800E+07 -.16307370E+00  .47476380E+04
 .82745900E+03  .51640580E+03  .10556870E+07  .15809400E+07 -.14863110E+00  .46163300E+04
 .84877130E+03  .49970620E+03  .97948040E+06  .17246430E+07 -.13576770E+00  .45143950E+04
 .86825310E+03  .48322510E+03  .90576380E+06  .18569590E+07 -.12418250E+00  .44341040E+04
 .88607890E+03  .46703220E+03  .83449840E+06  .19777160E+07 -.11365470E+00  .43700600E+04
 .90239380E+03  .45117800E+03  .76563720E+06  .20870630E+07 -.10401250E+00  .43183750E+04
 .91731960E+03  .43569850E+03  .69912630E+06  .21851750E+07 -.95111680E-01  .42763030E+04
 .93095800E+03  .42061890E+03  .63490760E+06  .22720930E+07 -.86825710E-01  .42419770E+04
 .94339240E+03  .40595630E+03  .57291980E+06  .23476480E+07 -.79041220E-01  .42141500E+04
 .95469040E+03  .39172240E+03  .51309930E+06  .24114080E+07 -.71656490E-01  .41919210E+04
 .96490470E+03  .37792370E+03  .45538130E+06  .24626300E+07 -.64579620E-01  .41744890E+04
 .97407540E+03  .36456290E+03  .39970030E+06  .25001890E+07 -.57725680E-01  .41609970E+04
 .98222960E+03  .35163820E+03  .34599060E+06  .25225030E+07 -.51014130E-01  .41505050E+04
 .98938310E+03  .33914400E+03  .29418730E+06  .25275130E+07 -.44371930E-01  .41421280E+04
 .99554190E+03  .32707210E+03  .24422630E+06  .25127060E+07 -.37745180E-01  .41352200E+04
 .10007050E+04  .31541210E+03  .19604500E+06  .24750900E+07 -.31092600E-01  .41292470E+04
 .10048630E+04  .30415230E+03  .14958260E+06  .24112460E+07 -.24307200E-01  .41235010E+04
 .10079770E+04  .29327940E+03  .10478000E+06  .23183930E+07 -.17102260E-01  .41176150E+04
 .10099470E+04  .28278080E+03  .61580110E+05  .21968890E+07 -.89408450E-02  .41121980E+04
 .10105670E+04  .27264690E+03  .19927540E+05  .20533650E+07  .10800010E-02  .41087050E+04
 .10094570E+04  .26287280E+03 -.20231940E+05  .19041350E+07  .14444810E-01  .41100070E+04
 .25358810E-02  .64635530E+03  .19801590E+07  .29905240E-09 -.37372360E-05  .20424250E+06
 .39939400E-02  .64635530E+03  .22323390E+07  .39689100E-09 -.37372360E-05  .37130400E+06
 .25037930E+03  .64635530E+03  .22323390E+07  .13199650E+06 -.28126280E+00  .37130400E+06
 .23526300E+03  .64650820E+03  .22685380E+07  .13669500E+06 -.25885310E+00  .16852310E+06
 .22135960E+03  .64679820E+03  .23047500E+07  .14207600E+06 -.23795350E+00  .97486220E+05
 .20858300E+03  .64726420E+03  .23409830E+07  .14806160E+06 -.21861450E+00  .63939460E+05
 .19684540E+03  .64794400E+03  .23772480E+07  .15456710E+06 -.20084970E+00  .45440550E+05
 .18605900E+03  .64887230E+03  .24135570E+07  .16150190E+06 -.18463000E+00  .34169510E+05
 .17613920E+03  .65008100E+03  .24499270E+07  .16877170E+06 -.16988610E+00  .26792250E+05
 .16700610E+03  .65159920E+03  .24863720E+07  .17628320E+06 -.15651830E+00  .21691940E+05
 .15858570E+03  .65345410E+03  .25229120E+07  .18395060E+06 -.14440760E+00  .18009820E+05
 .15081130E+03  .65567130E+03  .25595660E+07  .19170650E+06 -.13342750E+00  .15257220E+05
 .14362300E+03  .65827530E+03  .25963550E+07  .19951550E+06 -.12345400E+00  .13140450E+05
 .13695810E+03  .66129190E+03  .26332520E+07  .20678810E+06 -.11482720E+00  .11065420E+05
 .13075900E+03  .66483940E+03  .26703820E+07  .21573850E+06 -.10672750E+00  .99159790E+04
 .12498780E+03  .66881520E+03  .27077220E+07  .22534630E+06 -.99525880E-01  .89077530E+04
 .12498780E+03  .66881520E+03  .27077220E+07  .22534630E+06 -.99525880E-01  .89077530E+04
 .11385160E+03  .67899130E+03  .27885670E+07  .24803490E+06 -.86577770E-01  .71327550E+04
 .10411150E+03  .69181710E+03  .28707860E+07  .27291540E+06 -.76084850E-01  .58061770E+04
 .95526630E+02  .70769920E+03  .29547250E+07  .29916380E+06 -.67218200E-01  .48513700E+04
 .87933130E+02  .72687210E+03  .30407660E+07  .32616490E+06 -.59509600E-01  .41837610E+04
 .81206420E+02  .74939560E+03  .31293090E+07  .35352050E+06 -.52753200E-01  .37167560E+04
 .75237250E+02  .77525580E+03  .32207550E+07  .38112150E+06 -.46873770E-01  .33801810E+04
 .69924900E+02  .80443130E+03  .33155030E+07  .40901030E+06 -.41788280E-01  .31321600E+04
 .65181070E+02  .83686210E+03  .34139480E+07  .43719290E+06 -.37378000E-01  .29520960E+04
 .60931630E+02  .87240450E+03  .35164740E+07  .46561890E+06 -.33532820E-01  .28270050E+04
 .57113670E+02  .91085260E+03  .36234420E+07  .49425450E+06 -.30176620E-01  .27442330E+04
 .53671780E+02  .95200380E+03  .37351870E+07  .52312640E+06 -.27256980E-01  .26913080E+04
 .50556390E+02  .99571110E+03  .38520250E+07  .55231380E+06 -.24727400E-01  .26579460E+04
 .47723510E+02  .10418970E+04  .39742570E+07  .58192370E+06 -.22540080E-01  .26369480E+04
 .45134990E+02  .10905400E+04  .41021780E+07  .61207540E+06 -.20647340E-01  .26237890E+04
 .42758140E+02  .11416610E+04  .42360850E+07  .64289540E+06 -.19005050E-01  .26157360E+04
 .42512070E+04  .19827280E+07  .39267710E+03  .46325580E+04  .22292420E+07  .25185290E+03
 .10000000E+02  .27000000E+02  .20000000E+01  .14000000E+02  .16000000E+02  .71605580E+04
 .39267710E+03  .64640530E+03  .19827280E+07  .11979110E+06 -.45108040E+00  .21655350E+06
 .41823610E+03  .64611960E+03  .19465360E+07  .13387430E+06 -.45997420E+00  .84620640E+05
 .44399250E+03  .64550110E+03  .19103680E+07  .15417460E+06 -.45820390E+00  .43362000E+05
 .46939660E+03  .64440880E+03  .18742490E+07  .18379520E+06 -.44801060E+00  .26352260E+05
 .49408530E+03  .64273410E+03  .18382060E+07  .22465120E+06 -.43321830E+00  .18092590E+05
 .51787050E+03  .64042210E+03  .18022740E+07  .27559490E+06 -.41583040E+00  .13620790E+05
 .54059840E+03  .63748260E+03  .17664900E+07  .32995320E+06 -.39520700E+00  .11041100E+05
 .56204160E+03  .63399030E+03  .17308870E+07  .37601830E+06 -.36967140E+00  .95200680E+04
 .58188660E+03  .63007720E+03  .16954910E+07  .40421000E+06 -.33801560E+00  .86801690E+04
 .59979520E+03  .62593380E+03  .16603220E+07  .41649090E+06 -.30129020E+00  .83718680E+04
 .59979520E+03  .62593380E+03  .16603220E+07  .41649090E+06 -.30129020E+00  .83718680E+04
 .64360950E+03  .61330110E+03  .15675650E+07  .60011940E+06 -.27729010E+00  .67192450E+04
 .68285080E+03  .59889600E+03  .14766340E+07  .76064260E+06 -.24685860E+00  .59743710E+04
 .71789640E+03  .58337580E+03  .13879520E+07  .92521630E+06 -.22108120E+00  .54906260E+04
 .74935830E+03  .56713870E+03  .13016570E+07  .10928520E+07 -.19897250E+00  .51603830E+04
 .77774300E+03  .55049410E+03  .12178310E+07  .12601290E+07 -.17995850E+00  .49252320E+04
 .80347200E+03  .53367350E+03  .11365170E+07  .14227570E+07 -.16346920E+00  .47514450E+04
 .82688360E+03  .51684740E+03  .10577290E+07  .15771650E+07 -.14898190E+00  .46192610E+04
 .84824570E+03  .50014290E+03  .98145660E+06  .17211530E+07 -.13608260E+00  .45166870E+04
 .86777250E+03  .48365480E+03  .90767490E+06  .18537660E+07 -.12446790E+00  .44359190E+04
 .88563920E+03  .46745340E+03  .83634580E+06  .19748190E+07 -.11391550E+00  .43715150E+04
 .90199160E+03  .45158960E+03  .76742210E+06  .20844580E+07 -.10425250E+00  .43195540E+04
 .91695210E+03  .43609980E+03  .70085020E+06  .21828590E+07 -.95334380E-01  .42772630E+04
 .93062270E+03  .42100920E+03  .63657210E+06  .22700670E+07 -.87034150E-01  .42427550E+04
 .94308750E+03  .40633540E+03  .57452660E+06  .23459200E+07 -.79238160E-01  .42147740E+04
 .95441430E+03  .39209010E+03  .51465010E+06  .24099940E+07 -.71844420E-01  .41924110E+04
 .96465640E+03  .37827990E+03  .45687780E+06  .24615540E+07 -.64760830E-01  .41748660E+04
 .97385380E+03  .36490750E+03  .40114420E+06  .24994840E+07 -.57902320E-01  .41612830E+04
 .98203420E+03  .35197130E+03  .34738370E+06  .25222190E+07 -.51188250E-01  .41507240E+04
 .98921380E+03  .33946590E+03  .29553130E+06  .25277080E+07 -.44545290E-01  .41423010E+04
 .99539870E+03  .32738290E+03  .24552280E+06  .25134510E+07 -.37918910E-01  .41353600E+04
 .10005880E+04  .31571220E+03  .19729580E+06  .24764690E+07 -.31268180E-01  .41293700E+04
 .10047730E+04  .30444200E+03  .15078910E+06  .24133480E+07 -.24489380E-01  .41236240E+04
 .10079150E+04  .29355910E+03  .10594380E+06  .23212600E+07 -.17301590E-01  .41177330E+04
 .10099170E+04  .28305080E+03  .62702650E+05  .22004460E+07 -.91753450E-02  .41122800E+04
 .10105770E+04  .27290730E+03  .21010310E+05  .20573300E+07  .78032140E-03  .41086940E+04
 .10095190E+04  .26312360E+03 -.19187510E+05  .19079290E+07  .14032360E-01  .41097790E+04
 .25466210E-02  .64640530E+03  .19827280E+07  .30276060E-09 -.37339640E-05  .21655350E+06
 .39705710E-02  .64640530E+03  .22292420E+07  .39909490E-09 -.37339640E-05  .39497410E+06
 .25185290E+03  .64640530E+03  .22292420E+07  .13167180E+06 -.28333810E+00  .39497410E+06
 .23662370E+03  .64655070E+03  .22654440E+07  .13630330E+06 -.26080550E+00  .17620050E+06
 .22261470E+03  .64682940E+03  .23016580E+07  .14162430E+06 -.23977510E+00  .10100190E+06
 .20973990E+03  .64728080E+03  .23378930E+07  .14755710E+06 -.22030010E+00  .65838240E+05
 .19791160E+03  .64794270E+03  .23741580E+07  .15401780E+06 -.20239830E+00  .46577820E+05
 .18704230E+03  .64885000E+03  .24104670E+07  .16091590E+06 -.18604440E+00  .34902950E+05
 .17704700E+03  .65003500E+03  .24468340E+07  .16815750E+06 -.17117280E+00  .27292850E+05
 .16784510E+03  .65152700E+03  .24832760E+07  .17564900E+06 -.15768630E+00  .22049450E+05
 .15936240E+03  .65335320E+03  .25198110E+07  .18330420E+06 -.14546750E+00  .18274720E+05
 .15153150E+03  .65553960E+03  .25564590E+07  .19105380E+06 -.13439020E+00  .15459540E+05
 .14429170E+03  .65811050E+03  .25932390E+07  .19885980E+06 -.12433040E+00  .13298870E+05
 .13758230E+03  .66108170E+03  .26301270E+07  .20606950E+06 -.11562400E+00  .11169440E+05
 .13134090E+03  .66459540E+03  .26672440E+07  .21497170E+06 -.10744120E+00  .10006810E+05
 .12553190E+03  .66853400E+03  .27045690E+07  .22452780E+06 -.10016480E+00  .89878730E+04
 .12553190E+03  .66853400E+03  .27045690E+07  .22452780E+06 -.10016480E+00  .89878730E+04
 .11432700E+03  .67861650E+03  .27853740E+07  .24711910E+06 -.87090830E-01  .71937750E+04
 .10453080E+03  .69133040E+03  .28675430E+07  .27193370E+06 -.76512360E-01  .58511490E+04
 .95898450E+02  .70708700E+03  .29514160E+07  .29814270E+06 -.67585900E-01  .48833450E+04
 .88263680E+02  .72612850E+03  .30373750E+07  .32512410E+06 -.59831090E-01  .42061320E+04
 .81500880E+02  .74852020E+03  .31258210E+07  .35246980E+06 -.53033900E-01  .37327180E+04
 .75500310E+02  .77424890E+03  .32171540E+07  .38006070E+06 -.47117020E-01  .33919560E+04
 .70160770E+02  .80329400E+03  .33117730E+07  .40793790E+06 -.41998960E-01  .31408940E+04
 .65393340E+02  .83559810E+03  .34100750E+07  .43611040E+06 -.37561490E-01  .29583790E+04
 .61123300E+02  .87102120E+03  .35124420E+07  .46452880E+06 -.33693290E-01  .28313260E+04
 .57287320E+02  .90935830E+03  .36192360E+07  .49315700E+06 -.30316830E-01  .27471030E+04
 .53829720E+02  .95040590E+03  .37307960E+07  .52201940E+06 -.27379100E-01  .26931910E+04
 .50700640E+02  .99401420E+03  .38474360E+07  .55119340E+06 -.24833550E-01  .26591910E+04
 .47855880E+02  .10401030E+04  .39694580E+07  .58078550E+06 -.22632390E-01  .26377840E+04
 .45257010E+02  .10886490E+04  .40971590E+07  .61091460E+06 -.20727840E-01  .26243570E+04
 .42871120E+02  .11396720E+04  .42308330E+07  .64170680E+06 -.19075540E-01  .26161220E+04
 .42552840E+04  .19853960E+07  .39094920E+03  .46275140E+04  .22260330E+07  .25338630E+03
 .10000000E+02  .27000000E+02  .20000000E+01  .14000000E+02  .16000000E+02  .71555140E+04
 .39094920E+03  .64645530E+03  .19853960E+07  .11953220E+06 -.44984410E+00  .23036780E+06
 .41645910E+03  .64618430E+03  .19492010E+07  .13307710E+06 -.45947890E+00  .88754680E+05
 .44220870E+03  .64559100E+03  .19130300E+07  .15267860E+06 -.45842540E+00  .45010040E+05
 .46763980E+03  .64453360E+03  .18769040E+07  .18145830E+06 -.44870820E+00  .27127620E+05
 .49237530E+03  .64290050E+03  .18408530E+07  .22145050E+06 -.43417320E+00  .18502510E+05
 .51622020E+03  .64063240E+03  .18049110E+07  .27180760E+06 -.41701700E+00  .13853910E+05
 .53902370E+03  .63773430E+03  .17691140E+07  .32631240E+06 -.39673910E+00  .11178170E+05
 .56056500E+03  .63427610E+03  .17334950E+07  .37344210E+06 -.37166230E+00  .95993100E+04
 .58053560E+03  .63038570E+03  .16980830E+07  .40310070E+06 -.34050630E+00  .87175510E+04
 .59859280E+03  .62624960E+03  .16628970E+07  .41586870E+06 -.30388160E+00  .83786730E+04
 .59859280E+03  .62624960E+03  .16628970E+07  .41586870E+06 -.30388160E+00  .83786730E+04
 .64249890E+03  .61368140E+03  .15700870E+07  .59596620E+06 -.27816460E+00  .67438760E+04
 .68186000E+03  .59931120E+03  .14790950E+07  .75637860E+06 -.24759260E+00  .59899560E+04
 .71700790E+03  .58381430E+03  .13903490E+07  .92083580E+06 -.22171360E+00  .55010660E+04
 .74855780E+03  .56759130E+03  .13039870E+07  .10884210E+07 -.19951760E+00  .51676820E+04
 .77701860E+03  .55095370E+03  .12200930E+07  .12557610E+07 -.18043030E+00  .49305410E+04
 .80281380E+03  .53413470E+03  .11387100E+07  .14185650E+07 -.16388190E+00  .47554350E+04
 .82628380E+03  .51730650E+03  .10598530E+07  .15732270E+07 -.14934780E+00  .46223310E+04
 .84769780E+03  .50059690E+03  .98351200E+06  .17175120E+07 -.13641100E+00  .45190870E+04
 .86727140E+03  .48410160E+03  .90966280E+06  .18504340E+07 -.12476550E+00  .44378200E+04
 .88518070E+03  .46789140E+03  .83826720E+06  .19717960E+07 -.11418730E+00  .43730380E+04
 .90157230E+03  .45201760E+03  .76927850E+06  .20817390E+07 -.10450260E+00  .43207870E+04
 .91656890E+03  .43651710E+03  .70264330E+06  .21804390E+07 -.95566370E-01  .42782670E+04
 .93027320E+03  .42141530E+03  .63830340E+06  .22679490E+07 -.87251220E-01  .42435710E+04
 .94276960E+03  .40672980E+03  .57619780E+06  .23441110E+07 -.79443190E-01  .42154280E+04
 .95412640E+03  .39247260E+03  .51626310E+06  .24085100E+07 -.72040010E-01  .41929240E+04
 .96439720E+03  .37865040E+03  .45843430E+06  .24604210E+07 -.64949370E-01  .41752610E+04
 .97362260E+03  .36526600E+03  .40264600E+06  .24987380E+07 -.58086040E-01  .41615830E+04
 .98183040E+03  .35231790E+03  .34883270E+06  .25219080E+07 -.51369290E-01  .41509550E+04
 .98903700E+03  .33980080E+03  .29692910E+06  .25278940E+07 -.44725490E-01  .41424830E+04
 .99524880E+03  .32770630E+03  .24687130E+06  .25142070E+07 -.38099460E-01  .41355080E+04
 .10004660E+04  .31602450E+03  .19859660E+06  .24778810E+07 -.31450550E-01  .41294990E+04
 .10046780E+04  .30474350E+03  .15204390E+06  .24155080E+07 -.24678400E-01  .41237520E+04
 .10078500E+04  .29385010E+03  .10715410E+06  .23242180E+07 -.17508020E-01  .41178570E+04
 .10098850E+04  .28333170E+03  .63870120E+05  .22041250E+07 -.94176790E-02  .41123690E+04
 .10105860E+04  .27317830E+03  .22136390E+05  .20614460E+07  .47130940E-03  .41086890E+04
 .10095830E+04  .26338460E+03 -.18101330E+05  .19118880E+07  .13607710E-01  .41095550E+04
 .25578770E-02  .64645530E+03  .19853960E+07  .30669500E-09 -.37306680E-05  .23036780E+06
 .39465430E-02  .64645530E+03  .22260330E+07  .40144610E-09 -.37306680E-05  .42175440E+06
 .25338630E+03  .64645530E+03  .22260330E+07  .13134070E+06 -.28549520E+00  .42175440E+06
 .23803990E+03  .64659300E+03  .22622380E+07  .13590220E+06 -.26283640E+00  .18468350E+06
 .22392080E+03  .64686050E+03  .22984540E+07  .14116040E+06 -.24167120E+00  .10484240E+06
 .21094370E+03  .64729700E+03  .23346900E+07  .14703810E+06 -.22205590E+00  .67896580E+05
 .19902110E+03  .64794050E+03  .23709550E+07  .15345150E+06 -.20401220E+00  .47803470E+05
 .18806540E+03  .64882640E+03  .24072630E+07  .16031100E+06 -.18751910E+00  .35689660E+05
 .17799120E+03  .64998690E+03  .24436290E+07  .16752270E+06 -.17251480E+00  .27827710E+05
 .16871770E+03  .65145190E+03  .24800680E+07  .17499300E+06 -.15890470E+00  .22430160E+05
 .16017000E+03  .65324870E+03  .25165980E+07  .18263480E+06 -.14657300E+00  .18556030E+05
 .15228000E+03  .65540310E+03  .25532380E+07  .19037740E+06 -.13539430E+00  .15673890E+05
 .14498660E+03  .65794000E+03  .25900100E+07  .19817980E+06 -.12524420E+00  .13466370E+05
 .13823560E+03  .66088300E+03  .26269350E+07  .20604720E+06 -.11600830E+00  .11734960E+05
 .13194530E+03  .66434300E+03  .26639910E+07  .21418050E+06 -.10818610E+00  .10102020E+05
 .12609680E+03  .66824320E+03  .27013010E+07  .22368280E+06 -.10083140E+00  .90718130E+04
 .12609680E+03  .66824320E+03  .27013010E+07  .22368280E+06 -.10083140E+00  .90718130E+04
 .11482030E+03  .67822940E+03  .27820660E+07  .24617200E+06 -.87625270E-01  .72577470E+04
 .10496570E+03  .69082790E+03  .28641810E+07  .27091700E+06 -.76956970E-01  .58983640E+04
 .96283990E+02  .70645490E+03  .29479860E+07  .29708410E+06 -.67967920E-01  .49169500E+04
 .88606350E+02  .72536030E+03  .30338620E+07  .32404460E+06 -.60165030E-01  .42296400E+04
 .81806050E+02  .74761530E+03  .31222070E+07  .35137980E+06 -.53325570E-01  .37494660E+04
 .75772850E+02  .77320780E+03  .32134230E+07  .37896030E+06 -.47369820E-01  .34042950E+04
 .70405080E+02  .80211760E+03  .33079090E+07  .40682540E+06 -.42217850E-01  .31500510E+04
 .65613130E+02  .83429030E+03  .34060620E+07  .43498740E+06 -.37752080E-01  .29649750E+04
 .61321680E+02  .86958910E+03  .35082640E+07  .46339770E+06 -.33859930E-01  .28358680E+04
 .57466990E+02  .90781100E+03  .36148800E+07  .49201830E+06 -.30462450E-01  .27501200E+04
 .53993060E+02  .94875090E+03  .37262470E+07  .52087090E+06 -.27505940E-01  .26951680E+04
 .50849790E+02  .99225640E+03  .38426830E+07  .55003130E+06 -.24943790E-01  .26604960E+04
 .47992690E+02  .10382440E+04  .39644880E+07  .57960510E+06 -.22728230E-01  .26386590E+04
 .45383070E+02  .10866900E+04  .40919600E+07  .60971080E+06 -.20811390E-01  .26249500E+04
 .42987800E+02  .11376120E+04  .42253930E+07  .64047440E+06 -.19148670E-01  .26165230E+04
 .42595310E+04  .19881760E+07  .38915010E+03  .46222800E+04  .22227010E+07  .25498560E+03
 .10000000E+02  .27000000E+02  .20000000E+01  .14000000E+02  .16000000E+02  .71502800E+04
 .38915010E+03  .64650520E+03  .19881760E+07  .11929350E+06 -.44852010E+00  .24597040E+06
 .41460660E+03  .64624910E+03  .19519780E+07  .13228950E+06 -.45891730E+00  .93357510E+05
 .44034660E+03  .64568140E+03  .19158020E+07  .15117570E+06 -.45862100E+00  .46827740E+05
 .46580440E+03  .64465990E+03  .18796700E+07  .17908720E+06 -.44941830E+00  .27976050E+05
 .49058810E+03  .64306980E+03  .18436100E+07  .21817220E+06 -.43515830E+00  .18948460E+05
 .51449440E+03  .64084750E+03  .18076580E+07  .26787870E+06 -.41823550E+00  .14106760E+05
 .53737520E+03  .63799290E+03  .17718470E+07  .32246160E+06 -.39830470E+00  .11326760E+05
 .55901690E+03  .63457100E+03  .17362130E+07  .37063620E+06 -.37369780E+00  .96856710E+04
 .57911610E+03  .63070540E+03  .17007840E+07  .40182440E+06 -.34306300E+00  .87596520E+04
 .59732750E+03  .62657810E+03  .16655790E+07  .41535330E+06 -.30666470E+00  .83858540E+04
 .59732750E+03  .62657810E+03  .16655790E+07  .41535330E+06 -.30666470E+00  .83858540E+04
 .64133730E+03  .61407610E+03  .15727140E+07  .59163550E+06 -.27908230E+00  .67699220E+04
 .68082400E+03  .59974270E+03  .14816610E+07  .75193380E+06 -.24836130E+00  .60064000E+04
 .71607880E+03  .58427050E+03  .13928480E+07  .91626880E+06 -.22237570E+00  .55120670E+04
 .74772110E+03  .56806230E+03  .13064160E+07  .10837990E+07 -.20008830E+00  .51753650E+04
 .77626150E+03  .55143220E+03  .12224510E+07  .12512010E+07 -.18092400E+00  .49361240E+04
 .80212590E+03  .53461510E+03  .11409960E+07  .14141860E+07 -.16431370E+00  .47596270E+04
 .82565680E+03  .51778470E+03  .10620670E+07  .15691120E+07 -.14973050E+00  .46255550E+04
 .84712520E+03  .50107000E+03  .98565470E+06  .17137050E+07 -.13675420E+00  .45216070E+04
 .86674790E+03  .48456720E+03  .91173510E+06  .18469500E+07 -.12507640E+00  .44398150E+04
 .88470170E+03  .46834790E+03  .84027030E+06  .19686330E+07 -.11447120E+00  .43746360E+04
 .90113410E+03  .45246380E+03  .77121390E+06  .20788920E+07 -.10476380E+00  .43220810E+04
 .91616850E+03  .43695210E+03  .70451250E+06  .21779050E+07 -.95808600E-01  .42793200E+04
 .92990780E+03  .42183860E+03  .64010830E+06  .22657300E+07 -.87477820E-01  .42444260E+04
 .94243730E+03  .40714100E+03  .57794010E+06  .23422140E+07 -.79657160E-01  .42161140E+04
 .95382540E+03  .39287130E+03  .51794460E+06  .24069520E+07 -.72244060E-01  .41934640E+04
 .96412620E+03  .37903670E+03  .46005700E+06  .24592260E+07 -.65145980E-01  .41756760E+04
 .97338060E+03  .36563980E+03  .40421170E+06  .24979450E+07 -.58277570E-01  .41618990E+04
 .98161690E+03  .35267930E+03  .35034320E+06  .25215660E+07 -.51557970E-01  .41511970E+04
 .98885170E+03  .34015000E+03  .29838640E+06  .25280680E+07 -.44913220E-01  .41426750E+04
 .99509180E+03  .32804360E+03  .24827710E+06  .25149720E+07 -.38287520E-01  .41356630E+04
 .10003370E+04  .31635020E+03  .19995260E+06  .24793280E+07 -.31640420E-01  .41296340E+04
 .10045780E+04  .30505790E+03  .15335200E+06  .24177330E+07 -.24874960E-01  .41238880E+04
 .10077810E+04  .29415360E+03  .10841590E+06  .23272740E+07 -.17722280E-01  .41179890E+04
 .10098510E+04  .28362460E+03  .65087110E+05  .22079380E+07 -.96686370E-02  .41124650E+04
 .10105940E+04  .27346080E+03  .23310230E+05  .20657260E+07  .15203050E-03  .41086910E+04
 .10096460E+04  .26365680E+03 -.16969100E+05  .19160270E+07  .13169640E-01  .41093360E+04
 .25697030E-02  .64650520E+03  .19881760E+07  .31088020E-09 -.37273460E-05  .24597040E+06
 .39217910E-02  .64650520E+03  .22227010E+07  .40395800E-09 -.37273460E-05  .45228420E+06
 .25498560E+03  .64650520E+03  .22227010E+07  .13100250E+06 -.28774220E+00  .45228420E+06
 .23951680E+03  .64663530E+03  .22589080E+07  .13549090E+06 -.26495340E+00  .19410880E+06
 .22528310E+03  .64689140E+03  .22951260E+07  .14068340E+06 -.24364910E+00  .10905780E+06
 .21219930E+03  .64731260E+03  .23313630E+07  .14650310E+06 -.22388870E+00  .70137550E+05
 .20017820E+03  .64793740E+03  .23676290E+07  .15286700E+06 -.20569790E+00  .49129640E+05
 .18913210E+03  .64880110E+03  .24039370E+07  .15968570E+06 -.18906020E+00  .36536660E+05
 .17897550E+03  .64993660E+03  .24403000E+07  .16686560E+06 -.17391750E+00  .28401190E+05
 .16962710E+03  .65137370E+03  .24767350E+07  .17431300E+06 -.16017830E+00  .22836940E+05
 .16101150E+03  .65314010E+03  .25132600E+07  .18194030E+06 -.14772860E+00  .18855720E+05
 .15305980E+03  .65526170E+03  .25498930E+07  .18967500E+06 -.13644380E+00  .15901680E+05
 .14571040E+03  .65776340E+03  .25866560E+07  .19747340E+06 -.12619900E+00  .13644000E+05
 .13890820E+03  .66066890E+03  .26235700E+07  .20533610E+06 -.11687910E+00  .11876420E+05
 .13257440E+03  .66408120E+03  .26606130E+07  .21336270E+06 -.10896520E+00  .10202060E+05
 .12668460E+03  .66794190E+03  .26979080E+07  .22280910E+06 -.10152850E+00  .91599670E+04
 .12668460E+03  .66794190E+03  .26979080E+07  .22280910E+06 -.10152850E+00  .91599670E+04
 .11533330E+03  .67782900E+03  .27786300E+07  .24519080E+06 -.88183280E-01  .73249760E+04
 .10541780E+03  .69030840E+03  .28606900E+07  .26986200E+06 -.77420420E-01  .59480550E+04
 .96684600E+02  .70580110E+03  .29444250E+07  .29598460E+06 -.68365690E-01  .49523570E+04
 .88962350E+02  .72456540E+03  .30302140E+07  .32292250E+06 -.60512630E-01  .42544060E+04
 .82122990E+02  .74667830E+03  .31184550E+07  .35024660E+06 -.53629260E-01  .37670820E+04
 .76055820E+02  .77212930E+03  .32095500E+07  .37781640E+06 -.47633090E-01  .34172570E+04
 .70658630E+02  .80089860E+03  .33038990E+07  .40566910E+06 -.42445780E-01  .31596720E+04
 .65841160E+02  .83293440E+03  .34018960E+07  .43382000E+06 -.37950470E-01  .29719160E+04
 .61527440E+02  .86810390E+03  .35039280E+07  .46222170E+06 -.34033380E-01  .28406550E+04
 .57653270E+02  .90620560E+03  .36103590E+07  .49083440E+06 -.30614010E-01  .27533010E+04
 .54162360E+02  .94703340E+03  .37215270E+07  .51967690E+06 -.27637950E-01  .26972500E+04
 .51004300E+02  .99043200E+03  .38377490E+07  .54882320E+06 -.25058500E-01  .26618680E+04
 .48134360E+02  .10363150E+04  .39593300E+07  .57837820E+06 -.22827940E-01  .26395760E+04
 .45513560E+02  .10846570E+04  .40865630E+07  .60845990E+06 -.20898280E-01  .26255700E+04
 .43108540E+02  .11354740E+04  .42197460E+07  .63919390E+06 -.19224690E-01  .26169420E+04
 .42639680E+04  .19910780E+07  .38727230E+03  .46168360E+04  .22192320E+07  .25665750E+03
 .10000000E+02  .27000000E+02  .20000000E+01  .14000000E+02  .16000000E+02  .71448360E+04
 .38727230E+03  .64655510E+03  .19910780E+07  .11907690E+06 -.44709880E+00  .26372220E+06
 .41267040E+03  .64631380E+03  .19548760E+07  .13151270E+06 -.45828040E+00  .98514520E+05
 .43839780E+03  .64577220E+03  .19186960E+07  .14966560E+06 -.45878510E+00  .48844140E+05
 .46388190E+03  .64478750E+03  .18825580E+07  .17667970E+06 -.45014030E+00  .28909350E+05
 .48871530E+03  .64324210E+03  .18464900E+07  .21481150E+06 -.43617710E+00  .19435960E+05
 .51268490E+03  .64106790E+03  .18105270E+07  .26379850E+06 -.41948990E+00  .14382210E+05
 .53564500E+03  .63825910E+03  .17747030E+07  .31838380E+06 -.39990780E+00  .11488530E+05
 .55738950E+03  .63487600E+03  .17390530E+07  .36757630E+06 -.37578210E+00  .97801250E+04
 .57762060E+03  .63103750E+03  .17036050E+07  .40035690E+06 -.34569120E+00  .88070820E+04
 .59599160E+03  .62692080E+03  .16683820E+07  .41488100E+06 -.30962040E+00  .83946470E+04
 .59599160E+03  .62692080E+03  .16683820E+07  .41488100E+06 -.30962040E+00  .83946470E+04
 .64011900E+03  .61448670E+03  .15754600E+07  .58710810E+06 -.28004800E+00  .67975540E+04
 .67973760E+03  .60019220E+03  .14843420E+07  .74728850E+06 -.24916870E+00  .60238050E+04
 .71510490E+03  .58474610E+03  .13954600E+07  .91149540E+06 -.22307080E+00  .55236970E+04
 .74684410E+03  .56855380E+03  .13089550E+07  .10789650E+07 -.20068740E+00  .51834770E+04
 .77546810E+03  .55193160E+03  .12249150E+07  .12464290E+07 -.18144220E+00  .49420110E+04
 .80140520E+03  .53511680E+03  .11433850E+07  .14095990E+07 -.16476660E+00  .47640450E+04
 .82499990E+03  .51828430E+03  .10643810E+07  .15648000E+07 -.15013160E+00  .46289510E+04
 .84652530E+03  .50156420E+03  .98789430E+06  .17097130E+07 -.13711400E+00  .45242600E+04
 .86619930E+03  .48505380E+03  .91390100E+06  .18432950E+07 -.12540220E+00  .44419150E+04
 .88419980E+03  .46882490E+03  .84236400E+06  .19653140E+07 -.11476860E+00  .43763180E+04
 .90067490E+03  .45293010E+03  .77323680E+06  .20759040E+07 -.10503740E+00  .43234420E+04
 .91574880E+03  .43740680E+03  .70646640E+06  .21752440E+07 -.96062210E-01  .42804280E+04
 .92952500E+03  .42228100E+03  .64199490E+06  .22633970E+07 -.87714970E-01  .42453270E+04
 .94208890E+03  .40757080E+03  .57976130E+06  .23402180E+07 -.79881030E-01  .42168370E+04
 .95350980E+03  .39328820E+03  .51970220E+06  .24053090E+07 -.72457490E-01  .41940340E+04
 .96384200E+03  .37944050E+03  .46175300E+06  .24579630E+07 -.65351570E-01  .41761150E+04
 .97312680E+03  .36603060E+03  .40584820E+06  .24970990E+07 -.58477760E-01  .41622330E+04
 .98139290E+03  .35305710E+03  .35192200E+06  .25211910E+07 -.51755100E-01  .41514540E+04
 .98865720E+03  .34051500E+03  .29990950E+06  .25282300E+07 -.45109310E-01  .41428770E+04
 .99492660E+03  .32839620E+03  .24974630E+06  .25157500E+07 -.38483900E-01  .41358280E+04
 .10002010E+04  .31669060E+03  .20136990E+06  .24808150E+07 -.31838600E-01  .41297780E+04
 .10044730E+04  .30538660E+03  .15471910E+06  .24200300E+07 -.25079870E-01  .41240300E+04
 .10077070E+04  .29447090E+03  .10973450E+06  .23304380E+07 -.17945220E-01  .41181290E+04
 .10098130E+04  .28393090E+03  .66359030E+05  .22118980E+07 -.99291470E-02  .41125700E+04
 .10106000E+04  .27375630E+03  .24537010E+05  .20701880E+07 -.17860370E-03  .41087000E+04
 .10097110E+04  .26394150E+03 -.15785830E+05  .19203670E+07  .12716760E-01  .41091220E+04
 .25821620E-02  .64655510E+03  .19910780E+07  .31534500E-09 -.37239960E-05  .26372220E+06
 .38962430E-02  .64655510E+03  .22192320E+07  .40664520E-09 -.37239960E-05  .48738730E+06
 .25665750E+03  .64655510E+03  .22192320E+07  .13065700E+06 -.29008840E+00  .48738730E+06
 .24106110E+03  .64667750E+03  .22554420E+07  .13506860E+06 -.26716530E+00  .20464640E+06
 .22670740E+03  .64692200E+03  .22916630E+07  .14019210E+06 -.24571730E+00  .11370960E+06
 .21351210E+03  .64732780E+03  .23279010E+07  .14595090E+06 -.22580660E+00  .72589140E+05
 .20138780E+03  .64793320E+03  .23641670E+07  .15226240E+06 -.20746300E+00  .50570940E+05
 .19024710E+03  .64877420E+03  .24004740E+07  .15903780E+06 -.19067460E+00  .37452340E+05
 .18000420E+03  .64988390E+03  .24368350E+07  .16618390E+06 -.17538750E+00  .29018480E+05
 .17057730E+03  .65129220E+03  .24732660E+07  .17360680E+06 -.16151320E+00  .23273200E+05
 .16189050E+03  .65302710E+03  .25097860E+07  .18121810E+06 -.14893990E+00  .19176140E+05
 .15387410E+03  .65511470E+03  .25464120E+07  .18894410E+06 -.13754350E+00  .16144580E+05
 .14646590E+03  .65758000E+03  .25831650E+07  .19673790E+06 -.12719940E+00  .13833000E+05
 .13961030E+03  .66044670E+03  .26200680E+07  .20459570E+06 -.11779100E+00  .12026660E+05
 .13323070E+03  .66380930E+03  .26570970E+07  .21251560E+06 -.10978240E+00  .10307480E+05
 .12729770E+03  .66762920E+03  .26943750E+07  .22190380E+06 -.10225940E+00  .92528010E+04
 .12729770E+03  .66762920E+03  .26943750E+07  .22190380E+06 -.10225940E+00  .92528010E+04
 .11586800E+03  .67741390E+03  .27750540E+07  .24417220E+06 -.88767410E-01  .73958170E+04
 .10588880E+03  .68977010E+03  .28570570E+07  .26876500E+06 -.77904700E-01  .60004950E+04
 .97101860E+02  .70512370E+03  .29407190E+07  .29484010E+06 -.68780850E-01  .49897690E+04
 .89333040E+02  .72374100E+03  .30264180E+07  .32175370E+06 -.60875320E-01  .42805720E+04
 .82452940E+02  .74570600E+03  .31145510E+07  .34906610E+06 -.53946240E-01  .37856650E+04
 .76350300E+02  .77100970E+03  .32055210E+07  .37662480E+06 -.47907940E-01  .34309120E+04
 .70922410E+02  .79963260E+03  .32997260E+07  .40446450E+06 -.42683680E-01  .31698110E+04
 .66078290E+02  .83152580E+03  .33975640E+07  .43260360E+06 -.38157480E-01  .29792410E+04
 .61741340E+02  .86656020E+03  .34994180E+07  .46099620E+06 -.34214330E-01  .28457130E+04
 .57846860E+02  .90453650E+03  .36056560E+07  .48960070E+06 -.30772130E-01  .27566640E+04
 .54338210E+02  .94524730E+03  .37166160E+07  .51843280E+06 -.27775680E-01  .26994500E+04
 .51164730E+02  .98853440E+03  .38326180E+07  .54756470E+06 -.25178180E-01  .26633140E+04
 .48281400E+02  .10343090E+04  .39539640E+07  .57710020E+06 -.22931940E-01  .26405420E+04
 .45648950E+02  .10825420E+04  .40809510E+07  .60715710E+06 -.20988860E-01  .26262210E+04
 .43233750E+02  .11332490E+04  .42138730E+07  .63786060E+06 -.19303910E-01  .26173810E+04
 .42686160E+04  .19941160E+07  .38530730E+03  .46111620E+04  .22156140E+07  .25841030E+03
 .10000000E+02  .27000000E+02  .20000000E+01  .14000000E+02  .16000000E+02  .71391620E+04
 .38530730E+03  .64660490E+03  .19941160E+07  .11888480E+06 -.44556860E+00  .28408680E+06
 .41064140E+03  .64637860E+03  .19579120E+07  .13074780E+06 -.45755770E+00  .10433330E+06
 .43635260E+03  .64586350E+03  .19217270E+07  .14814820E+06 -.45891110E+00  .51095480E+05
 .46186230E+03  .64491670E+03  .18855830E+07  .17423340E+06 -.45087350E+00  .29942110E+05
 .48674670E+03  .64341770E+03  .18495070E+07  .21136240E+06 -.43723300E+00  .19971760E+05
 .51078200E+03  .64129380E+03  .18135320E+07  .25955620E+06 -.42078550E+00  .14683790E+05
 .53382370E+03  .63853360E+03  .17776940E+07  .31406010E+06 -.40155320E+00  .11665450E+05
 .55567360E+03  .63519200E+03  .17420270E+07  .36423450E+06 -.37792040E+00  .98838470E+04
 .57604020E+03  .63138310E+03  .17065610E+07  .39866970E+06 -.34839740E+00  .88605740E+04
 .59457680E+03  .62727920E+03  .16713180E+07  .41439750E+06 -.31273790E+00  .84061440E+04
 .59457680E+03  .62727920E+03  .16713180E+07  .41439750E+06 -.31273790E+00  .84061440E+04
 .63883730E+03  .61491500E+03  .15783370E+07  .58236160E+06 -.28106770E+00  .68269780E+04
 .67859500E+03  .60066180E+03  .14871520E+07  .74241990E+06 -.25001930E+00  .60422930E+04
 .71408070E+03  .58524350E+03  .13981970E+07  .90649200E+06 -.22380290E+00  .55360320E+04
 .74592200E+03  .56906810E+03  .13116160E+07  .10738940E+07 -.20131830E+00  .51920700E+04
 .77463400E+03  .55245450E+03  .12274980E+07  .12414200E+07 -.18198760E+00  .49482410E+04
 .80064750E+03  .53564220E+03  .11458900E+07  .14047810E+07 -.16524310E+00  .47687160E+04
 .82430950E+03  .51880760E+03  .10668070E+07  .15602660E+07 -.15055360E+00  .46325390E+04
 .84589480E+03  .50208210E+03  .99024180E+06  .17055160E+07 -.13749220E+00  .45270630E+04
 .86562270E+03  .48556360E+03  .91617150E+06  .18394500E+07 -.12574460E+00  .44441320E+04
 .88367230E+03  .46932490E+03  .84455870E+06  .19618220E+07 -.11508110E+00  .43780930E+04
 .90019230E+03  .45341890E+03  .77535740E+06  .20727580E+07 -.10532470E+00  .43248780E+04
 .91530770E+03  .43788340E+03  .70851450E+06  .21724410E+07 -.96328500E-01  .42815980E+04
 .92912250E+03  .42274480E+03  .64397250E+06  .22609380E+07 -.87963920E-01  .42462780E+04
 .94172270E+03  .40802140E+03  .58167030E+06  .23381120E+07 -.80115950E-01  .42176010E+04
 .95317790E+03  .39372530E+03  .52154470E+06  .24035720E+07 -.72681380E-01  .41946360E+04
 .96354310E+03  .37986390E+03  .46353090E+06  .24566220E+07 -.65567150E-01  .41765790E+04
 .97285980E+03  .36644030E+03  .40756360E+06  .24961960E+07 -.58687600E-01  .41625870E+04
 .98115700E+03  .35345330E+03  .35357700E+06  .25207790E+07 -.51961650E-01  .41517260E+04
 .98845220E+03  .34089780E+03  .30150600E+06  .25283770E+07 -.45314700E-01  .41430920E+04
 .99475250E+03  .32876590E+03  .25128650E+06  .25165390E+07 -.38689560E-01  .41360020E+04
 .10000580E+04  .31704760E+03  .20285560E+06  .24823450E+07 -.32046050E-01  .41299300E+04
 .10043610E+04  .30573130E+03  .15615210E+06  .24224060E+07 -.25294090E-01  .41241810E+04
 .10076290E+04  .29480370E+03  .11111680E+06  .23337230E+07 -.18177830E-01  .41182790E+04
 .10097720E+04  .28425200E+03  .67692210E+05  .22160220E+07 -.10200290E-01  .41126840E+04
 .10106050E+04  .27406610E+03  .25822870E+05  .20748520E+07 -.52187320E-03  .41087170E+04
 .10097750E+04  .26424000E+03 -.14545590E+05  .19249290E+07  .12247430E-01  .41089140E+04
 .25953310E-02  .64660490E+03  .19941160E+07  .32012280E-09 -.37206180E-05  .28408680E+06
 .38698150E-02  .64660490E+03  .22156140E+07  .40952390E-09 -.37206180E-05  .52814360E+06
 .25841030E+03  .64660490E+03  .22156140E+07  .13030330E+06 -.29254460E+00  .52814360E+06
 .24268020E+03  .64671970E+03  .22518260E+07  .13463420E+06 -.26948260E+00  .21651030E+06
 .22820090E+03  .64695250E+03  .22880480E+07  .13968520E+06 -.24788570E+00  .11887390E+06
 .21488840E+03  .64734230E+03  .23242880E+07  .14537970E+06 -.22781890E+00  .75285680E+05
 .20265600E+03  .64792800E+03  .23605540E+07  .15163580E+06 -.20931630E+00  .52145180E+05
 .19141590E+03  .64874560E+03  .23968600E+07  .15836530E+06 -.19237050E+00  .38446910E+05
 .18108230E+03  .64982840E+03  .24332190E+07  .16547510E+06 -.17693220E+00  .29685840E+05
 .17157290E+03  .65120700E+03  .24696460E+07  .17287160E+06 -.16291630E+00  .23743010E+05
 .16281120E+03  .65290940E+03  .25061600E+07  .18046560E+06 -.15021300E+00  .19520060E+05
 .15472690E+03  .65496170E+03  .25427790E+07  .18818170E+06 -.13869930E+00  .16404570E+05
 .14725700E+03  .65738920E+03  .25795230E+07  .19597020E+06 -.12825040E+00  .14034830E+05
 .14034520E+03  .66021560E+03  .26164140E+07  .20382280E+06 -.11874900E+00  .12186780E+05
 .13391750E+03  .66352610E+03  .26534280E+07  .21163610E+06 -.11064200E+00  .10418920E+05
 .12793890E+03  .66730400E+03  .26906890E+07  .22096360E+06 -.10302810E+00  .93508630E+04
 .12793890E+03  .66730400E+03  .26906890E+07  .22096360E+06 -.10302810E+00  .93508630E+04
 .11642690E+03  .67698270E+03  .27713230E+07  .24311220E+06 -.89380670E-01  .74706890E+04
 .10638080E+03  .68921130E+03  .28532670E+07  .26762160E+06 -.78412190E-01  .60560050E+04
 .97537600E+02  .70442000E+03  .29368530E+07  .29364580E+06 -.69215360E-01  .50294240E+04
 .89720050E+02  .72288420E+03  .30224580E+07  .32053310E+06 -.61254750E-01  .43083080E+04
 .82797330E+02  .74469480E+03  .31104800E+07  .34783300E+06 -.54277970E-01  .38053310E+04
 .76657560E+02  .76984480E+03  .32013190E+07  .37538020E+06 -.48195660E-01  .34453410E+04
 .71197530E+02  .79831480E+03  .32953750E+07  .40320630E+06 -.42932670E-01  .31805250E+04
 .66325550E+02  .83005880E+03  .33930450E+07  .43133290E+06 -.38374060E-01  .29869940E+04
 .61964280E+02  .86495200E+03  .34947150E+07  .45971600E+06 -.34403610E-01  .28510750E+04
 .58048540E+02  .90279690E+03  .36007520E+07  .48831180E+06 -.30937530E-01  .27602310E+04
 .54521350E+02  .94338510E+03  .37114960E+07  .51713330E+06 -.27919760E-01  .27017820E+04
 .51331740E+02  .98655570E+03  .38272680E+07  .54625030E+06 -.25303360E-01  .26648440E+04
 .48434390E+02  .10322160E+04  .39483690E+07  .57576560E+06 -.23040690E-01  .26415600E+04
 .45789760E+02  .10803360E+04  .40750980E+07  .60579680E+06 -.21083560E-01  .26269070E+04
 .43363940E+02  .11309280E+04  .42077490E+07  .63646880E+06 -.19386680E-01  .26178410E+04
 .42735000E+04  .19973080E+07  .38324450E+03  .46052280E+04  .22118270E+07  .26025370E+03
 .10000000E+02  .27000000E+02  .20000000E+01  .14000000E+02  .16000000E+02  .71332280E+04
 .38324450E+03  .64665480E+03  .19973080E+07  .11871980E+06 -.44391590E+00  .30766940E+06
 .40850830E+03  .64644340E+03  .19611010E+07  .12999640E+06 -.45673630E+00  .11095140E+06
 .43419920E+03  .64595520E+03  .19249120E+07  .14662330E+06 -.45899030E+00  .53627590E+05
 .45973350E+03  .64504750E+03  .18887620E+07  .17174530E+06 -.45161630E+00  .31092650E+05
 .48467050E+03  .64359690E+03  .18526770E+07  .20781820E+06 -.43833020E+00  .20564240E+05
 .50877400E+03  .64152590E+03  .18166900E+07  .25513910E+06 -.42212830E+00  .15015840E+05
 .53190000E+03  .63881730E+03  .17808380E+07  .30946810E+06 -.40324650E+00  .11859990E+05
 .55385830E+03  .63552020E+03  .17451540E+07  .36057840E+06 -.38011900E+00  .99982840E+04
 .57436440E+03  .63174380E+03  .17096690E+07  .39672900E+06 -.35118950E+00  .89210220E+04
 .59307270E+03  .62765500E+03  .16744040E+07  .41385380E+06 -.31601360E+00  .84213710E+04
 .59307270E+03  .62765500E+03  .16744040E+07  .41385380E+06 -.31601360E+00  .84213710E+04
 .63748440E+03  .61536300E+03  .15813620E+07  .57736890E+06 -.28214840E+00  .68584400E+04
 .67738930E+03  .60115380E+03  .14901060E+07  .73730050E+06 -.25091870E+00  .60620100E+04
 .71300020E+03  .58576510E+03  .14010750E+07  .90123060E+06 -.22457670E+00  .55491670E+04
 .74494920E+03  .56960790E+03  .13144140E+07  .10685590E+07 -.20198500E+00  .52012090E+04
 .77375430E+03  .55300370E+03  .12302150E+07  .12361440E+07 -.18256380E+00  .49548590E+04
 .79984840E+03  .53619410E+03  .11485230E+07  .13997020E+07 -.16574620E+00  .47736740E+04
 .82358140E+03  .51935750E+03  .10693580E+07  .15554850E+07 -.15099880E+00  .46363440E+04
 .84522990E+03  .50262640E+03  .99271080E+06  .17010860E+07 -.13789120E+00  .45300340E+04
 .86501480E+03  .48609960E+03  .91855940E+06  .18353910E+07 -.12610570E+00  .44464820E+04
 .88311600E+03  .46985050E+03  .84686700E+06  .19581350E+07 -.11541050E+00  .43799740E+04
 .89968350E+03  .45393280E+03  .77758760E+06  .20694360E+07 -.10562750E+00  .43264000E+04
 .91484250E+03  .43838460E+03  .71066860E+06  .21694790E+07 -.96609090E-01  .42828370E+04
 .92869790E+03  .42323260E+03  .64605240E+06  .22583370E+07 -.88226150E-01  .42472850E+04
 .94133630E+03  .40849530E+03  .58367810E+06  .23358810E+07 -.80363300E-01  .42184120E+04
 .95282780E+03  .39418500E+03  .52348250E+06  .24017280E+07 -.72917030E-01  .41952750E+04
 .96322760E+03  .38030930E+03  .46540080E+06  .24551950E+07 -.65793980E-01  .41770730E+04
 .97257780E+03  .36687130E+03  .40936780E+06  .24952260E+07 -.58908300E-01  .41629630E+04
 .98090790E+03  .35387000E+03  .35531760E+06  .25203230E+07 -.52178810E-01  .41520160E+04
 .98823550E+03  .34130050E+03  .30318520E+06  .25285080E+07 -.45530560E-01  .41433210E+04
 .99456820E+03  .32915490E+03  .25290630E+06  .25173420E+07 -.38905640E-01  .41361880E+04
 .99990640E+03  .31742320E+03  .20441800E+06  .24839220E+07 -.32263900E-01  .41300910E+04
 .10042420E+04  .30609390E+03  .15765920E+06  .24248700E+07 -.25518790E-01  .41243410E+04
 .10075450E+04  .29515370E+03  .11257040E+06  .23371420E+07 -.18421300E-01  .41184380E+04
 .10097270E+04  .28458990E+03  .69094240E+05  .22203300E+07 -.10483370E-01  .41128080E+04
 .10106070E+04  .27439210E+03  .27175110E+05  .20797410E+07 -.87929940E-03  .41087440E+04
 .10098410E+04  .26455410E+03 -.13241370E+05  .19297390E+07  .11759710E-01  .41087110E+04
 .26093000E-02  .64665480E+03  .19973080E+07  .32525380E-09 -.37172100E-05  .30766940E+06
 .38424050E-02  .64665480E+03  .22118270E+07  .41261170E-09 -.37172100E-05  .57599610E+06
 .26025370E+03  .64665480E+03  .22118270E+07  .12994090E+06 -.29512370E+00  .57599610E+06
 .24438310E+03  .64676180E+03  .22480420E+07  .13418670E+06 -.27191780E+00  .22997390E+06
 .22977170E+03  .64698260E+03  .22842660E+07  .13916100E+06 -.25016620E+00  .12464610E+06
 .21633610E+03  .64735630E+03  .23205070E+07  .14478740E+06 -.22993700E+00  .78269810E+05
 .20398970E+03  .64792160E+03  .23567740E+07  .15098480E+06 -.21126830E+00  .53874330E+05
 .19264490E+03  .64871500E+03  .23930790E+07  .15766530E+06 -.19415790E+00  .39532810E+05
 .18221570E+03  .64977010E+03  .24294350E+07  .16473640E+06 -.17856090E+00  .30410910E+05
 .17261940E+03  .65111790E+03  .24658580E+07  .17210420E+06 -.16439590E+00  .24251350E+05
 .16377860E+03  .65278630E+03  .25023660E+07  .17967910E+06 -.15155550E+00  .19890890E+05
 .15562270E+03  .65480210E+03  .25389770E+07  .18738420E+06 -.13991790E+00  .16684080E+05
 .14808770E+03  .65719020E+03  .25757110E+07  .19516670E+06 -.12935840E+00  .14251270E+05
 .14111670E+03  .65997470E+03  .26125900E+07  .20301390E+06 -.11975850E+00  .12358140E+05
 .13463820E+03  .66323060E+03  .26495890E+07  .21072080E+06 -.11154920E+00  .10537150E+05
 .12861160E+03  .66696470E+03  .26868320E+07  .21998470E+06 -.10383900E+00  .94548070E+04
 .12861160E+03  .66696470E+03  .26868320E+07  .21998470E+06 -.10383900E+00  .94548070E+04
 .11701270E+03  .67653360E+03  .27674190E+07  .24200650E+06 -.90026650E-01  .75500900E+04
 .10689630E+03  .68862950E+03  .28493010E+07  .26642650E+06 -.78945710E-01  .61149690E+04
 .97994000E+02  .70368730E+03  .29328090E+07  .29239610E+06 -.69671540E-01  .50716050E+04
 .90125330E+02  .72199140E+03  .30183160E+07  .31925480E+06 -.61652930E-01  .43378130E+04
 .83157870E+02  .74364040E+03  .31062210E+07  .34654120E+06 -.54626190E-01  .38262190E+04
 .76979120E+02  .76862940E+03  .31969240E+07  .37407660E+06 -.48497770E-01  .34606420E+04
 .71485340E+02  .79693940E+03  .32908250E+07  .40188840E+06 -.43194070E-01  .31918890E+04
 .66584100E+02  .82852700E+03  .33883200E+07  .43000180E+06 -.38601350E-01  .29952300E+04
 .62197330E+02  .86327180E+03  .34897980E+07  .45837470E+06 -.34602220E-01  .28567810E+04
 .58259280E+02  .90097870E+03  .35956240E+07  .48696150E+06 -.31111100E-01  .27640290E+04
 .54712640E+02  .94143840E+03  .37061430E+07  .51577180E+06 -.28070950E-01  .27042630E+04
 .51506100E+02  .98448670E+03  .38216730E+07  .54487340E+06 -.25434700E-01  .26664690E+04
 .48594050E+02  .10300280E+04  .39425190E+07  .57436800E+06 -.23154760E-01  .26426390E+04
 .45936640E+02  .10780300E+04  .40689780E+07  .60437240E+06 -.21182850E-01  .26276310E+04
 .43499680E+02  .11285020E+04  .42013450E+07  .63501150E+06 -.19473430E-01  .26183260E+04
 .42786520E+04  .20006740E+07  .38107150E+03  .45990040E+04  .22078520E+07  .26219930E+03
 .10000000E+02  .27000000E+02  .20000000E+01  .14000000E+02  .16000000E+02  .71270040E+04
 .38107150E+03  .64670460E+03  .20006740E+07  .11858510E+06 -.44212450E+00  .33527580E+06
 .40625780E+03  .64650820E+03  .19644630E+07  .12926010E+06 -.45580080E+00  .11854740E+06
 .43192350E+03  .64604750E+03  .19282700E+07  .14509070E+06 -.45901230E+00  .56499390E+05
 .45748100E+03  .64518030E+03  .18921140E+07  .16921210E+06 -.45236660E+00  .32384310E+05
 .48247240E+03  .64378010E+03  .18560200E+07  .20417090E+06 -.43947350E+00  .21224040E+05
 .50664700E+03  .64176470E+03  .18200220E+07  .25053230E+06 -.42352520E+00  .15383800E+05
 .52986030E+03  .63911100E+03  .17841540E+07  .30458210E+06 -.40499500E+00  .12075190E+05
 .55193020E+03  .63586190E+03  .17484520E+07  .35656990E+06 -.38238520E+00  .10125240E+05
 .57258050E+03  .63212130E+03  .17129470E+07  .39449380E+06 -.35407670E+00  .89895370E+04
 .59146720E+03  .62805050E+03  .16776610E+07  .41320290E+06 -.31945000E+00  .84413650E+04
 .59146720E+03  .62805050E+03  .16776610E+07  .41320290E+06 -.31945000E+00  .84413650E+04
 .63605040E+03  .61583340E+03  .15845540E+07  .57209760E+06 -.28329870E+00  .68922430E+04
 .67611180E+03  .60167120E+03  .14932230E+07  .73189740E+06 -.25187350E+00  .60831320E+04
 .71185550E+03  .58631430E+03  .14041120E+07  .89567710E+06 -.22539760E+00  .55632170E+04
 .74391890E+03  .57017660E+03  .13173680E+07  .10629240E+07 -.20269230E+00  .52109700E+04
 .77282260E+03  .55358260E+03  .12330820E+07  .12305670E+07 -.18317490E+00  .49619180E+04
 .79900240E+03  .53677620E+03  .11513040E+07  .13943280E+07 -.16627950E+00  .47789560E+04
 .82281070E+03  .51993760E+03  .10720510E+07  .15504230E+07 -.15147060E+00  .46403970E+04
 .84452610E+03  .50320070E+03  .99531720E+06  .16963940E+07 -.13831370E+00  .45331960E+04
 .86437120E+03  .48666520E+03  .92108030E+06  .18310910E+07 -.12648790E+00  .44489820E+04
 .88252720E+03  .47040530E+03  .84930380E+06  .19542260E+07 -.11575920E+00  .43819750E+04
 .89914470E+03  .45447530E+03  .77994220E+06  .20659120E+07 -.10594790E+00  .43280190E+04
 .91435000E+03  .43891370E+03  .71294280E+06  .21663360E+07 -.96905860E-01  .42841550E+04
 .92824850E+03  .42374760E+03  .64824830E+06  .22555750E+07 -.88503400E-01  .42483570E+04
 .94092720E+03  .40899560E+03  .58579780E+06  .23335090E+07 -.80624760E-01  .42192740E+04
 .95245680E+03  .39467040E+03  .52552830E+06  .23997650E+07 -.73166010E-01  .41959560E+04
 .96289320E+03  .38077960E+03  .46737490E+06  .24536690E+07 -.66033540E-01  .41775990E+04
 .97227890E+03  .36732640E+03  .41127250E+06  .24941810E+07 -.59141300E-01  .41633650E+04
 .98064360E+03  .35431010E+03  .35715520E+06  .25198180E+07 -.52407960E-01  .41523250E+04
 .98800540E+03  .34172580E+03  .30495780E+06  .25286190E+07 -.45758270E-01  .41435660E+04
 .99437230E+03  .32956570E+03  .25461620E+06  .25181590E+07 -.39133520E-01  .41363870E+04
 .99974480E+03  .31781980E+03  .20606740E+06  .24855530E+07 -.32493540E-01  .41302630E+04
 .10041160E+04  .30647680E+03  .15925010E+06  .24274320E+07 -.25755330E-01  .41245110E+04
 .10074550E+04  .29552340E+03  .11410490E+06  .23407110E+07 -.18677060E-01  .41186080E+04
 .10096780E+04  .28494680E+03  .70574270E+05  .22248420E+07 -.10779950E-01  .41129430E+04
 .10106080E+04  .27473640E+03  .28602550E+05  .20848840E+07 -.12527120E-02  .41087810E+04
 .10099070E+04  .26488590E+03 -.11864630E+05  .19348310E+07  .11251240E-01  .41085160E+04
 .26241790E-02  .64670460E+03  .20006740E+07  .33078550E-09 -.37137710E-05  .33527580E+06
 .38138930E-02  .64670460E+03  .22078520E+07  .41592750E-09 -.37137710E-05  .63291430E+06
 .26219930E+03  .64670460E+03  .22078520E+07  .12956900E+06 -.29784120E+00  .63291430E+06
 .24618070E+03  .64680390E+03  .22440690E+07  .13372450E+06 -.27448560E+00  .24539230E+06
 .23142990E+03  .64701260E+03  .22802960E+07  .13861760E+06 -.25257300E+00  .13114800E+06
 .21786420E+03  .64736960E+03  .23165380E+07  .14417180E+06 -.23217420E+00  .81595260E+05
 .20539740E+03  .64791390E+03  .23528050E+07  .15030650E+06 -.21333160E+00  .55785810E+05
 .19394190E+03  .64868230E+03  .23891080E+07  .15693470E+06 -.19604820E+00  .40725550E+05
 .18341160E+03  .64970870E+03  .24254620E+07  .16396410E+06 -.18028410E+00  .31203130E+05
 .17372320E+03  .65102420E+03  .24618810E+07  .17130080E+06 -.16596180E+00  .24804310E+05
 .16479890E+03  .65265740E+03  .24983820E+07  .17885480E+06 -.15297640E+00  .20292770E+05
 .15656710E+03  .65463490E+03  .25349850E+07  .18654730E+06 -.14120750E+00  .16986040E+05
 .14896330E+03  .65698210E+03  .25717080E+07  .19432310E+06 -.13053060E+00  .14484470E+05
 .14192960E+03  .65972300E+03  .26085740E+07  .20216430E+06 -.12082620E+00  .12542360E+05
 .13539740E+03  .66292110E+03  .26455580E+07  .20976510E+06 -.11251010E+00  .10663100E+05
 .12931980E+03  .66660970E+03  .26827830E+07  .21896260E+06 -.10469800E+00  .95654230E+04
 .12931980E+03  .66660970E+03  .26827830E+07  .21896260E+06 -.10469800E+00  .95654230E+04
 .11762900E+03  .67606460E+03  .27633200E+07  .24084950E+06 -.90709680E-01  .76346220E+04
 .10743840E+03  .68802210E+03  .28451380E+07  .26517360E+06 -.79508650E-01  .61778490E+04
 .98473720E+02  .70292210E+03  .29285640E+07  .29108410E+06 -.70152170E-01  .51166570E+04
 .90551190E+02  .72105830E+03  .30139690E+07  .31791170E+06 -.62072220E-01  .43693330E+04
 .83536610E+02  .74253770E+03  .31017520E+07  .34518360E+06 -.54993000E-01  .38484970E+04
 .77316790E+02  .76735760E+03  .31923120E+07  .37270650E+06 -.48816110E-01  .34769320E+04
 .71787450E+02  .79549950E+03  .32860500E+07  .40050340E+06 -.43469480E-01  .32039880E+04
 .66855390E+02  .82692250E+03  .33833630E+07  .42860280E+06 -.38840730E-01  .30040120E+04
 .62441750E+02  .86151100E+03  .34846380E+07  .45696480E+06 -.34811360E-01  .28628760E+04
 .58480230E+02  .89907250E+03  .35902450E+07  .48554210E+06 -.31293850E-01  .27680900E+04
 .54913090E+02  .93939670E+03  .37005260E+07  .51434080E+06 -.28230150E-01  .27069140E+04
 .51688730E+02  .98231650E+03  .38158040E+07  .54342640E+06 -.25573000E-01  .26682010E+04
 .48761210E+02  .10277330E+04  .39363820E+07  .57289940E+06 -.23274840E-01  .26437870E+04
 .46090350E+02  .10756100E+04  .40625580E+07  .60287610E+06 -.21287330E-01  .26283990E+04
 .43641660E+02  .11259560E+04  .41946270E+07  .63348090E+06 -.19564670E-01  .26188400E+04
 .42841100E+04  .20042380E+07  .37877330E+03  .45924500E+04  .22036620E+07  .26426120E+03
 .10000000E+02  .27000000E+02  .20000000E+01  .14000000E+02  .16000000E+02  .71204500E+04
 .37877330E+03  .64675430E+03  .20042380E+07  .11848440E+06 -.44017430E+00  .36800150E+06
 .40387370E+03  .64657290E+03  .19680240E+07  .12854130E+06 -.45473210E+00  .12735810E+06
 .42950830E+03  .64614040E+03  .19318270E+07  .14355030E+06 -.45896380E+00  .59787970E+05
 .45508720E+03  .64531490E+03  .18956640E+07  .16662990E+06 -.45312090E+00  .33847310E+05
 .48013460E+03  .64396760E+03  .18595610E+07  .20041060E+06 -.44066790E+00  .21964770E+05
 .50438370E+03  .64201100E+03  .18235510E+07  .24571800E+06 -.42498530E+00  .15794630E+05
 .52768780E+03  .63941610E+03  .17876680E+07  .29937150E+06 -.40680740E+00  .12314930E+05
 .54987340E+03  .63621890E+03  .17519480E+07  .35216350E+06 -.38472840E+00  .10266980E+05
 .57067270E+03  .63251780E+03  .17164210E+07  .39191440E+06 -.35707070E+00  .90675100E+04
 .58974520E+03  .62846810E+03  .16811120E+07  .41239580E+06 -.32305530E+00  .84672470E+04
 .58974520E+03  .62846810E+03  .16811120E+07  .41239580E+06 -.32305530E+00  .84672470E+04
 .63452360E+03  .61632920E+03  .15879370E+07  .56650810E+06 -.28452920E+00  .69287610E+04
 .67475210E+03  .60221750E+03  .14965280E+07  .72617010E+06 -.25289180E+00  .61058790E+04
 .71063740E+03  .58689490E+03  .14073320E+07  .88979020E+06 -.22627290E+00  .55783210E+04
 .74282280E+03  .57077830E+03  .13204990E+07  .10569470E+07 -.20344620E+00  .52214480E+04
 .77183170E+03  .55419540E+03  .12361220E+07  .12246460E+07 -.18382600E+00  .49694860E+04
 .79810270E+03  .53739260E+03  .11542510E+07  .13886180E+07 -.16684750E+00  .47846140E+04
 .82199090E+03  .52055220E+03  .10749060E+07  .15450390E+07 -.15197270E+00  .46447350E+04
 .84377750E+03  .50380920E+03  .99808090E+06  .16914020E+07 -.13876320E+00  .45365800E+04
 .86368680E+03  .48726460E+03  .92375330E+06  .18265130E+07 -.12689440E+00  .44516560E+04
 .88190100E+03  .47099340E+03  .85188780E+06  .19500630E+07 -.11612980E+00  .43841130E+04
 .89857180E+03  .45505040E+03  .78243890E+06  .20621580E+07 -.10628850E+00  .43297480E+04
 .91382620E+03  .43947470E+03  .71535430E+06  .21629850E+07 -.97221170E-01  .42855630E+04
 .92777030E+03  .42429360E+03  .65057670E+06  .22526290E+07 -.88797870E-01  .42495030E+04
 .94049190E+03  .40952620E+03  .58804540E+06  .23309750E+07 -.80902330E-01  .42201970E+04
 .95206220E+03  .39518520E+03  .52769750E+06  .23976630E+07 -.73430250E-01  .41966860E+04
 .96253750E+03  .38127830E+03  .46946820E+06  .24520300E+07 -.66287670E-01  .41781640E+04
 .97196060E+03  .36780910E+03  .41329210E+06  .24930490E+07 -.59388350E-01  .41637960E+04
 .98036210E+03  .35477680E+03  .35910360E+06  .25192570E+07 -.52650840E-01  .41526570E+04
 .98776020E+03  .34217680E+03  .30683740E+06  .25287070E+07 -.45999520E-01  .41438290E+04
 .99416320E+03  .33000130E+03  .25642930E+06  .25189920E+07 -.39374880E-01  .41366010E+04
 .99957200E+03  .31824050E+03  .20781630E+06  .24872430E+07 -.32736660E-01  .41304480E+04
 .10039800E+04  .30688300E+03  .16093700E+06  .24301060E+07 -.26005420E-01  .41246930E+04
 .10073580E+04  .29591560E+03  .11573190E+06  .23444510E+07 -.18946860E-01  .41187910E+04
 .10096250E+04  .28532530E+03  .72143480E+05  .22295890E+07 -.11091920E-01  .41130920E+04
 .10106070E+04  .27510160E+03  .30115990E+05  .20903170E+07 -.16443450E-02  .41088290E+04
 .10099730E+04  .26523790E+03 -.10404990E+05  .19402440E+07  .10719180E-01  .41083270E+04
 .26401020E-02  .64675430E+03  .20042380E+07  .33677610E-09 -.37103000E-05  .36800150E+06
 .37841350E-02  .64675430E+03  .22036620E+07  .41949080E-09 -.37103000E-05  .70165550E+06
 .26426120E+03  .64675430E+03  .22036620E+07  .12918670E+06 -.30071590E+00  .70165550E+06
 .24808590E+03  .64684590E+03  .22398830E+07  .13324620E+06 -.27720420E+00  .26323540E+06
 .23318760E+03  .64704220E+03  .22761110E+07  .13805280E+06 -.25512330E+00  .13853750E+06
 .21948400E+03  .64738220E+03  .23123540E+07  .14353000E+06 -.23454690E+00  .85330810E+05
 .20688940E+03  .64790480E+03  .23486210E+07  .14959770E+06 -.21552170E+00  .57914440E+05
 .19531640E+03  .64864710E+03  .23849240E+07  .15616970E+06 -.19805610E+00  .42044640E+05
 .18467860E+03  .64964360E+03  .24212740E+07  .16315390E+06 -.18211530E+00  .32074310E+05
 .17489240E+03  .65092560E+03  .24576890E+07  .17045680E+06 -.16762610E+00  .25409520E+05
 .16587930E+03  .65252200E+03  .24941840E+07  .17798760E+06 -.15448670E+00  .20730870E+05
 .15756690E+03  .65445960E+03  .25307780E+07  .18566610E+06 -.14257820E+00  .17314110E+05
 .14988990E+03  .65676370E+03  .25674900E+07  .19343400E+06 -.13177610E+00  .14737110E+05
 .14278960E+03  .65945880E+03  .26043430E+07  .20126890E+06 -.12196040E+00  .12741460E+05
 .13620020E+03  .66259590E+03  .26413100E+07  .20876390E+06 -.11353260E+00  .10797900E+05
 .13006850E+03  .66623720E+03  .26785150E+07  .21789180E+06 -.10561170E+00  .96836760E+04
 .13006850E+03  .66623720E+03  .26785150E+07  .21789180E+06 -.10561170E+00  .96836760E+04
 .11828000E+03  .67557290E+03  .27590010E+07  .23963470E+06 -.91435030E-01  .77250160E+04
 .10801060E+03  .68738590E+03  .28407520E+07  .26385530E+06 -.80105150E-01  .62452090E+04
 .98979920E+02  .70212030E+03  .29240910E+07  .28970180E+06 -.70660640E-01  .51649970E+04
 .91000430E+02  .72008000E+03  .30093900E+07  .31649520E+06 -.62515530E-01  .44031660E+04
 .83936040E+02  .74138040E+03  .30970440E+07  .34375130E+06 -.55380940E-01  .38723690E+04
 .77672780E+02  .76602200E+03  .31874550E+07  .37126130E+06 -.49152930E-01  .34943560E+04
 .72105820E+02  .79398660E+03  .32810220E+07  .39904250E+06 -.43760820E-01  .32169270E+04
 .67141170E+02  .82523580E+03  .33781430E+07  .42712690E+06 -.39093850E-01  .30134200E+04
 .62699120E+02  .85965910E+03  .34792060E+07  .45547720E+06 -.35032440E-01  .28694180E+04
 .58712780E+02  .89706670E+03  .35845810E+07  .48404430E+06 -.31487060E-01  .27724540E+04
 .55123970E+02  .93724760E+03  .36946130E+07  .51283100E+06 -.28398470E-01  .27097600E+04
 .51880770E+02  .98003160E+03  .38096240E+07  .54189990E+06 -.25719200E-01  .26700580E+04
 .48936890E+02  .10253160E+04  .39299200E+07  .57135040E+06 -.23401750E-01  .26450130E+04
 .46251820E+02  .10730610E+04  .40557980E+07  .60129820E+06 -.21397700E-01  .26292180E+04
 .43790750E+02  .11232760E+04  .41875540E+07  .63186730E+06 -.19661020E-01  .26193860E+04
 .42899220E+04  .20080320E+07  .37633090E+03  .45855190E+04  .21992280E+07  .26645700E+03
 .10000000E+02  .27000000E+02  .20000000E+01  .14000000E+02  .16000000E+02  .71135190E+04
 .37633090E+03  .64680410E+03  .20080320E+07  .11842240E+06 -.43804080E+00  .40737560E+06
 .40133570E+03  .64663780E+03  .19718150E+07  .12784230E+06 -.45350660E+00  .13770370E+06
 .42693220E+03  .64623380E+03  .19356130E+07  .14200200E+06 -.45882730E+00  .63596360E+05
 .45253010E+03  .64545180E+03  .18994440E+07  .16399370E+06 -.45387410E+00  .35521670E+05
 .47763530E+03  .64415990E+03  .18633320E+07  .19652580E+06 -.44191960E+00  .22804310E+05
 .50196260E+03  .64226590E+03  .18273090E+07  .24067460E+06 -.42651950E+00  .16257320E+05
 .52536180E+03  .63973380E+03  .17914100E+07  .29379960E+06 -.40869470E+00  .12584230E+05
 .54766740E+03  .63659310E+03  .17556700E+07  .34730420E+06 -.38715990E+00  .10426450E+05
 .56862160E+03  .63293570E+03  .17201210E+07  .38892910E+06 -.36018550E+00  .91567290E+04
 .58788810E+03  .62891090E+03  .16847880E+07  .41137800E+06 -.32684360E+00  .85003160E+04
 .58788810E+03  .62891090E+03  .16847880E+07  .41137800E+06 -.32684360E+00  .85003160E+04
 .63288910E+03  .61685410E+03  .15915410E+07  .56055090E+06 -.28585330E+00  .69684690E+04
 .67329710E+03  .60279710E+03  .15000490E+07  .72006840E+06 -.25398410E+00  .61305270E+04
 .70933420E+03  .58751170E+03  .14107640E+07  .88351830E+06 -.22721090E+00  .55946580E+04
 .74165040E+03  .57141820E+03  .13238360E+07  .10505750E+07 -.20425420E+00  .52327640E+04
 .77077190E+03  .55484740E+03  .12393620E+07  .12183260E+07 -.18452360E+00  .49776470E+04
 .79714060E+03  .53804880E+03  .11573930E+07  .13825180E+07 -.16745570E+00  .47907080E+04
 .82111450E+03  .52120660E+03  .10779490E+07  .15392840E+07 -.15251000E+00  .46494030E+04
 .84297740E+03  .50445740E+03  .10010260E+07  .16860620E+07 -.13924400E+00  .45402190E+04
 .86295510E+03  .48790320E+03  .92660230E+06  .18216140E+07 -.12732900E+00  .44545310E+04
 .88123160E+03  .47162000E+03  .85464180E+06  .19456070E+07 -.11652600E+00  .43864120E+04
 .89795930E+03  .45566330E+03  .78509990E+06  .20581370E+07 -.10665230E+00  .43316060E+04
 .91326620E+03  .44007250E+03  .71792440E+06  .21593950E+07 -.97557930E-01  .42870760E+04
 .92725910E+03  .42487560E+03  .65305840E+06  .22494690E+07 -.89112260E-01  .42507340E+04
 .94002640E+03  .41009170E+03  .59044110E+06  .23282540E+07 -.81198570E-01  .42211900E+04
 .95164000E+03  .39573380E+03  .53000960E+06  .23954010E+07 -.73712130E-01  .41974720E+04
 .96215670E+03  .38180990E+03  .47169930E+06  .24502590E+07 -.66558660E-01  .41787730E+04
 .97161990E+03  .36832370E+03  .41544470E+06  .24918170E+07 -.59651670E-01  .41642620E+04
 .98006050E+03  .35527440E+03  .36118030E+06  .25186290E+07 -.52909580E-01  .41530150E+04
 .98749730E+03  .34265770E+03  .30884080E+06  .25287670E+07 -.46256420E-01  .41441120E+04
 .99393880E+03  .33046580E+03  .25836170E+06  .25198410E+07 -.39631840E-01  .41368320E+04
 .99938620E+03  .31868910E+03  .20968020E+06  .24890020E+07 -.32995340E-01  .41306470E+04
 .10038330E+04  .30731600E+03  .16273480E+06  .24329060E+07 -.26271160E-01  .41248890E+04
 .10072520E+04  .29633370E+03  .11746590E+06  .23483870E+07 -.19232880E-01  .41189880E+04
 .10095650E+04  .28572890E+03  .73815850E+05  .22346040E+07 -.11421660E-01  .41132550E+04
 .10106020E+04  .27549100E+03  .31728890E+05  .20960830E+07 -.20569700E-02  .41088910E+04
 .10100410E+04  .26561330E+03 -.88494570E+04  .19460260E+07  .10159990E-01  .41081470E+04
 .26572360E-02  .64680410E+03  .20080320E+07  .34329770E-09 -.37067960E-05  .40737560E+06
 .37529510E-02  .64680410E+03  .21992280E+07  .42331910E-09 -.37067960E-05  .78619590E+06
 .26645700E+03  .64680410E+03  .21992280E+07  .12879280E+06 -.30377090E+00  .78619590E+06
 .25011510E+03  .64688790E+03  .22354510E+07  .13274970E+06 -.28009590E+00  .28413950E+06
 .23505980E+03  .64707170E+03  .22716810E+07  .13746380E+06 -.25783850E+00  .14702330E+06
 .22120930E+03  .64739400E+03  .23079260E+07  .14285840E+06 -.23707530E+00  .89566240E+05
 .20847850E+03  .64789410E+03  .23441930E+07  .14885420E+06 -.21785750E+00  .60305200E+05
 .19678010E+03  .64860940E+03  .23804940E+07  .15536540E+06 -.20019890E+00  .43515140E+05
 .18602760E+03  .64957450E+03  .24168420E+07  .16230070E+06 -.18407060E+00  .33039550E+05
 .17613690E+03  .65082150E+03  .24532520E+07  .16956650E+06 -.16940380E+00  .26076650E+05
 .16702890E+03  .65237920E+03  .24897400E+07  .17707150E+06 -.15610000E+00  .21211720E+05
 .15863050E+03  .65427480E+03  .25263240E+07  .18473400E+06 -.14404220E+00  .17672880E+05
 .15087530E+03  .65653390E+03  .25630250E+07  .19249290E+06 -.13310610E+00  .15012550E+05
 .14370390E+03  .65918080E+03  .25998630E+07  .20032090E+06 -.12317120E+00  .12957970E+05
 .13705340E+03  .66225300E+03  .26368130E+07  .20771080E+06 -.11462580E+00  .10942990E+05
 .13086370E+03  .66584450E+03  .26739980E+07  .21676540E+06 -.10658880E+00  .98107700E+04
 .13086370E+03  .66584450E+03  .26739980E+07  .21676540E+06 -.10658880E+00  .98107700E+04
 .11897090E+03  .67505550E+03  .27544300E+07  .23835400E+06 -.92209240E-01  .78221830E+04
 .10861740E+03  .68671680E+03  .28361100E+07  .26246230E+06 -.80740330E-01  .63177490E+04
 .99516560E+02  .70127700E+03  .29193580E+07  .28823900E+06 -.71201140E-01  .52171460E+04
 .91476570E+02  .71904990E+03  .30045450E+07  .31499480E+06 -.62986430E-01  .44396820E+04
 .84359240E+02  .74016080E+03  .30920640E+07  .34223340E+06 -.55793140E-01  .38980930E+04
 .78049800E+02  .76461380E+03  .31823170E+07  .36972980E+06 -.49510960E-01  .35130920E+04
 .72442860E+02  .79239040E+03  .32757040E+07  .39749450E+06 -.44070480E-01  .32308390E+04
 .67443570E+02  .82345550E+03  .33726220E+07  .42556280E+06 -.39362780E-01  .30235520E+04
 .62971360E+02  .85770310E+03  .34734610E+07  .45390040E+06 -.35267270E-01  .28764790E+04
 .58958640E+02  .89494700E+03  .35785910E+07  .48245680E+06 -.31692280E-01  .27771680E+04
 .55346820E+02  .93497580E+03  .36883600E+07  .51123100E+06 -.28577270E-01  .27128330E+04
 .52083610E+02  .97761550E+03  .38030900E+07  .54028250E+06 -.25874500E-01  .26720590E+04
 .49122350E+02  .10227600E+04  .39230870E+07  .56970940E+06 -.23536520E-01  .26463320E+04
 .46422190E+02  .10703660E+04  .40486500E+07  .59962690E+06 -.21514860E-01  .26300960E+04
 .43947990E+02  .11204400E+04  .41800740E+07  .63015830E+06 -.19763230E-01  .26199700E+04
