 .42899220E+04  .20080320E+07  .37633090E+03  .45855190E+04  .21992280E+07  .26645700E+03
 .10000000E+02  .28000000E+02  .20000000E+01  .14000000E+02  .17000000E+02  .72335190E+04
 .37633090E+03  .64680410E+03  .20080320E+07  .11842240E+06 -.43804080E+00  .40737560E+06
 .40133570E+03  .64663780E+03  .19718150E+07  .12784230E+06 -.45350660E+00  .13770370E+06
 .42693220E+03  .64623380E+03  .19356130E+07  .14200200E+06 -.45882730E+00  .63596360E+05
 .45253010E+03  .64545180E+03  .18994440E+07  .16399370E+06 -.45387410E+00  .35521670E+05
 .47763530E+03  .64415990E+03  .18633320E+07  .19652580E+06 -.44191960E+00  .22804310E+05
 .50196260E+03  .64226590E+03  .18273090E+07  .24067460E+06 -.42651950E+00  .16257320E+05
 .52536180E+03  .63973380E+03  .17914100E+07  .29379960E+06 -.40869470E+00  .12584230E+05
 .54766740E+03  .63659310E+03  .17556700E+07  .34730420E+06 -.38715990E+00  .10426450E+05
 .56862160E+03  .63293570E+03  .17201210E+07  .38892910E+06 -.36018550E+00  .91567290E+04
 .58788810E+03  .62891090E+03  .16847880E+07  .41137800E+06 -.32684360E+00  .85003160E+04
 .58788810E+03  .62891090E+03  .16847880E+07  .41137800E+06 -.32684360E+00  .85003160E+04
 .63288910E+03  .61685410E+03  .15915410E+07  .56055090E+06 -.28585330E+00  .69684690E+04
 .67329710E+03  .60279710E+03  .15000490E+07  .72006840E+06 -.25398410E+00  .61305270E+04
 .70933420E+03  .58751170E+03  .14107640E+07  .88351830E+06 -.22721090E+00  .55946580E+04
 .74165040E+03  .57141820E+03  .13238360E+07  .10505750E+07 -.20425420E+00  .52327640E+04
 .77077190E+03  .55484740E+03  .12393620E+07  .12183260E+07 -.18452360E+00  .49776470E+04
 .79714060E+03  .53804880E+03  .11573930E+07  .13825180E+07 -.16745570E+00  .47907080E+04
 .82111450E+03  .52120660E+03  .10779490E+07  .15392840E+07 -.15251000E+00  .46494030E+04
 .84297740E+03  .50445740E+03  .10010260E+07  .16860620E+07 -.13924400E+00  .45402190E+04
 .86295510E+03  .48790320E+03  .92660230E+06  .18216140E+07 -.12732900E+00  .44545310E+04
 .88123160E+03  .47162000E+03  .85464180E+06  .19456070E+07 -.11652600E+00  .43864120E+04
 .89795930E+03  .45566330E+03  .78509990E+06  .20581370E+07 -.10665230E+00  .43316060E+04
 .91326620E+03  .44007250E+03  .71792440E+06  .21593950E+07 -.97557930E-01  .42870760E+04
 .92725910E+03  .42487560E+03  .65305840E+06  .22494690E+07 -.89112260E-01  .42507340E+04
 .94002640E+03  .41009170E+03  .59044110E+06  .23282540E+07 -.81198570E-01  .42211900E+04
 .95164000E+03  .39573380E+03  .53000960E+06  .23954010E+07 -.73712130E-01  .41974720E+04
 .96215670E+03  .38180990E+03  .47169930E+06  .24502590E+07 -.66558660E-01  .41787730E+04
 .97161990E+03  .36832370E+03  .41544470E+06  .24918170E+07 -.59651670E-01  .41642620E+04
 .98006050E+03  .35527440E+03  .36118030E+06  .25186290E+07 -.52909580E-01  .41530150E+04
 .98749730E+03  .34265770E+03  .30884080E+06  .25287670E+07 -.46256420E-01  .41441120E+04
 .99393880E+03  .33046580E+03  .25836170E+06  .25198410E+07 -.39631840E-01  .41368320E+04
 .99938620E+03  .31868910E+03  .20968020E+06  .24890020E+07 -.32995340E-01  .41306470E+04
 .10038330E+04  .30731600E+03  .16273480E+06  .24329060E+07 -.26271160E-01  .41248890E+04
 .10072520E+04  .29633370E+03  .11746590E+06  .23483870E+07 -.19232880E-01  .41189880E+04
 .10095650E+04  .28572890E+03  .73815850E+05  .22346040E+07 -.11421660E-01  .41132550E+04
 .10106020E+04  .27549100E+03  .31728890E+05  .20960830E+07 -.20569700E-02  .41088910E+04
 .10100410E+04  .26561330E+03 -.88494570E+04  .19460260E+07  .10159990E-01  .41081470E+04
 .10073120E+04  .25609680E+03 -.47973140E+05  .18104240E+07  .27232500E-01  .41164770E+04
 .26572360E-02  .64680410E+03  .20080320E+07  .34329770E-09 -.37067960E-05  .40737560E+06
 .37529510E-02  .64680410E+03  .21992280E+07  .42331910E-09 -.37067960E-05  .78619590E+06
 .26645700E+03  .64680410E+03  .21992280E+07  .12879280E+06 -.30377090E+00  .78619590E+06
 .25011510E+03  .64688790E+03  .22354510E+07  .13274970E+06 -.28009590E+00  .28413950E+06
 .23505980E+03  .64707170E+03  .22716810E+07  .13746380E+06 -.25783850E+00  .14702330E+06
 .22120930E+03  .64739400E+03  .23079260E+07  .14285840E+06 -.23707530E+00  .89566240E+05
 .20847850E+03  .64789410E+03  .23441930E+07  .14885420E+06 -.21785750E+00  .60305200E+05
 .19678010E+03  .64860940E+03  .23804940E+07  .15536540E+06 -.20019890E+00  .43515140E+05
 .18602760E+03  .64957450E+03  .24168420E+07  .16230070E+06 -.18407060E+00  .33039550E+05
 .17613690E+03  .65082150E+03  .24532520E+07  .16956650E+06 -.16940380E+00  .26076650E+05
 .16702890E+03  .65237920E+03  .24897400E+07  .17707150E+06 -.15610000E+00  .21211720E+05
 .15863050E+03  .65427480E+03  .25263240E+07  .18473400E+06 -.14404220E+00  .17672880E+05
 .15087530E+03  .65653390E+03  .25630250E+07  .19249290E+06 -.13310610E+00  .15012550E+05
 .14370390E+03  .65918080E+03  .25998630E+07  .20032090E+06 -.12317120E+00  .12957970E+05
 .13705340E+03  .66225300E+03  .26368130E+07  .20771080E+06 -.11462580E+00  .10942990E+05
 .13086370E+03  .66584450E+03  .26739980E+07  .21676540E+06 -.10658880E+00  .98107700E+04
 .13086370E+03  .66584450E+03  .26739980E+07  .21676540E+06 -.10658880E+00  .98107700E+04
 .11897090E+03  .67505550E+03  .27544300E+07  .23835400E+06 -.92209240E-01  .78221830E+04
 .10861740E+03  .68671680E+03  .28361100E+07  .26246230E+06 -.80740330E-01  .63177490E+04
 .99516560E+02  .70127700E+03  .29193580E+07  .28823900E+06 -.71201140E-01  .52171460E+04
 .91476570E+02  .71904990E+03  .30045450E+07  .31499480E+06 -.62986430E-01  .44396820E+04
 .84359240E+02  .74016080E+03  .30920640E+07  .34223340E+06 -.55793140E-01  .38980930E+04
 .78049800E+02  .76461380E+03  .31823170E+07  .36972980E+06 -.49510960E-01  .35130920E+04
 .72442860E+02  .79239040E+03  .32757040E+07  .39749450E+06 -.44070480E-01  .32308390E+04
 .67443570E+02  .82345550E+03  .33726220E+07  .42556280E+06 -.39362780E-01  .30235520E+04
 .62971360E+02  .85770310E+03  .34734610E+07  .45390040E+06 -.35267270E-01  .28764790E+04
 .58958640E+02  .89494700E+03  .35785910E+07  .48245680E+06 -.31692280E-01  .27771680E+04
 .55346820E+02  .93497580E+03  .36883600E+07  .51123100E+06 -.28577270E-01  .27128330E+04
 .52083610E+02  .97761550E+03  .38030900E+07  .54028250E+06 -.25874500E-01  .26720590E+04
 .49122350E+02  .10227600E+04  .39230870E+07  .56970940E+06 -.23536520E-01  .26463320E+04
 .46422190E+02  .10703660E+04  .40486500E+07  .59962690E+06 -.21514860E-01  .26300960E+04
 .43947990E+02  .11204400E+04  .41800740E+07  .63015830E+06 -.19763230E-01  .26199700E+04
 .41669880E+02  .11730200E+04  .43176560E+07  .66143560E+06 -.18240370E-01  .26138730E+04
 .42961480E+04  .20120940E+07  .37372060E+03  .45781490E+04  .21945100E+07  .26880860E+03
 .10000000E+02  .28000000E+02  .20000000E+01  .14000000E+02  .17000000E+02  .72261490E+04
 .37372060E+03  .64685390E+03  .20120940E+07  .11840450E+06 -.43569280E+00  .45559830E+06
 .39861840E+03  .64670260E+03  .19758740E+07  .12716630E+06 -.45209410E+00  .15002980E+06
 .42416820E+03  .64632790E+03  .19396670E+07  .14044540E+06 -.45858060E+00  .68065730E+05
 .44978180E+03  .64559090E+03  .19034920E+07  .16129770E+06 -.45461830E+00  .37461630E+05
 .47494650E+03  .64435750E+03  .18673700E+07  .19250170E+06 -.44323520E+00  .23766610E+05
 .49935660E+03  .64253020E+03  .18313350E+07  .23537510E+06 -.42814110E+00  .16783880E+05
 .52285570E+03  .64006600E+03  .17954190E+07  .28782140E+06 -.41067110E+00  .12889680E+05
 .54528660E+03  .63698700E+03  .17596590E+07  .34192450E+06 -.38969440E+00  .10607500E+05
 .56640250E+03  .63337850E+03  .17240860E+07  .38546040E+06 -.36343910E+00  .92595370E+04
 .58587230E+03  .62938310E+03  .16887280E+07  .41008390E+06 -.33083530E+00  .85421740E+04
 .58587230E+03  .62938310E+03  .16887280E+07  .41008390E+06 -.33083530E+00  .85421740E+04
 .63112820E+03  .61741310E+03  .15954040E+07  .55416330E+06 -.28728800E+00  .70119770E+04
 .67173020E+03  .60341560E+03  .15038240E+07  .71352860E+06 -.25516320E+00  .61574300E+04
 .70793120E+03  .58817070E+03  .14144420E+07  .87679610E+06 -.22822300E+00  .56124540E+04
 .74038840E+03  .57210250E+03  .13274130E+07  .10437400E+07 -.20512570E+00  .52450700E+04
 .76963130E+03  .55554530E+03  .12428350E+07  .12115410E+07 -.18527580E+00  .49865090E+04
 .79610530E+03  .53875150E+03  .11607620E+07  .13759610E+07 -.16811110E+00  .47973170E+04
 .82017160E+03  .52190760E+03  .10812120E+07  .15330930E+07 -.15308870E+00  .46544620E+04
 .84211650E+03  .50515190E+03  .10041850E+07  .16803130E+07 -.13976150E+00  .45441600E+04
 .86216800E+03  .48858760E+03  .92965720E+06  .18163380E+07 -.12779660E+00  .44576440E+04
 .88051140E+03  .47229170E+03  .85759500E+06  .19408060E+07 -.11695200E+00  .43889000E+04
 .89730040E+03  .45632030E+03  .78795340E+06  .20538040E+07 -.10704350E+00  .43336170E+04
 .91266370E+03  .44071350E+03  .72068060E+06  .21555220E+07 -.97919870E-01  .42887130E+04
 .92670900E+03  .42549970E+03  .65571980E+06  .22460570E+07 -.89450020E-01  .42520670E+04
 .93952550E+03  .41069820E+03  .59301010E+06  .23253130E+07 -.81516680E-01  .42222650E+04
 .95118550E+03  .39632230E+03  .53248900E+06  .23929500E+07 -.74014700E-01  .41983230E+04
 .96174670E+03  .38238010E+03  .47409180E+06  .24483330E+07 -.66849400E-01  .41794340E+04
 .97125290E+03  .36887550E+03  .41775310E+06  .24904660E+07 -.59934050E-01  .41647680E+04
 .97973540E+03  .35580810E+03  .36340720E+06  .25179220E+07 -.53186900E-01  .41534040E+04
 .98721350E+03  .34317350E+03  .31098900E+06  .25287940E+07 -.46531650E-01  .41444200E+04
 .99369640E+03  .33096410E+03  .26043390E+06  .25207090E+07 -.39907030E-01  .41370830E+04
 .99918510E+03  .31917020E+03  .21167900E+06  .24908380E+07 -.33272270E-01  .41308630E+04
 .10036740E+04  .30778060E+03  .16466260E+06  .24358550E+07 -.26555240E-01  .41251000E+04
 .10071370E+04  .29678220E+03  .11932520E+06  .23525510E+07 -.19537870E-01  .41192030E+04
 .10094990E+04  .28616190E+03  .75609080E+05  .22399300E+07 -.11772170E-01  .41134370E+04
 .10105940E+04  .27590880E+03  .33458310E+05  .21022360E+07 -.24940910E-02  .41089680E+04
 .10101090E+04  .26601610E+03 -.71815760E+04  .19522390E+07  .95692100E-02  .41079760E+04
 .10074860E+04  .25648410E+03 -.46364530E+05  .18152920E+07  .26391790E-01  .41156950E+04
 .26757950E-02  .64685390E+03  .20120940E+07  .35044190E-09 -.37032620E-05  .45559830E+06
 .37201190E-02  .64685390E+03  .21945100E+07  .42742420E-09 -.37032620E-05  .89247490E+06
 .26880860E+03  .64685390E+03  .21945100E+07  .12838620E+06 -.30703540E+00  .89247490E+06
 .25228870E+03  .64692990E+03  .22307360E+07  .13223260E+06 -.28318860E+00  .30898780E+06
 .23706530E+03  .64710080E+03  .22669680E+07  .13684730E+06 -.26074510E+00  .15688800E+06
 .22305750E+03  .64740490E+03  .23032140E+07  .14215300E+06 -.23978460E+00  .94421290E+05
 .21018070E+03  .64788160E+03  .23394810E+07  .14807090E+06 -.22036280E+00  .63017490E+05
 .19834780E+03  .64856860E+03  .23757800E+07  .15451620E+06 -.20249920E+00  .45169820E+05
 .18747210E+03  .64950100E+03  .24121250E+07  .16139800E+06 -.18617060E+00  .34118480E+05
 .17746920E+03  .65071090E+03  .24485300E+07  .16862280E+06 -.17131370E+00  .26818230E+05
 .16825920E+03  .65222800E+03  .24850100E+07  .17609900E+06 -.15783360E+00  .21743740E+05
 .15976830E+03  .65407930E+03  .25215850E+07  .18374340E+06 -.14561510E+00  .18068260E+05
 .15192910E+03  .65629080E+03  .25582740E+07  .19149180E+06 -.13453480E+00  .15315100E+05
 .14468140E+03  .65888680E+03  .25950970E+07  .19931220E+06 -.12447130E+00  .13195130E+05
 .13796510E+03  .66188950E+03  .26320290E+07  .20659750E+06 -.11580180E+00  .11100170E+05
 .13171320E+03  .66542880E+03  .26691920E+07  .21557500E+06 -.10763980E+00  .99482260E+04
 .13171320E+03  .66542880E+03  .26691920E+07  .21557500E+06 -.10763980E+00  .99482260E+04
 .11970810E+03  .67450860E+03  .27495660E+07  .23699750E+06 -.93040590E-01  .79272700E+04
 .10926460E+03  .68600990E+03  .28311710E+07  .26098320E+06 -.81420660E-01  .63963510E+04
 .10008860E+03  .70038570E+03  .29143240E+07  .28668320E+06 -.71778960E-01  .52737630E+04
 .91983950E+02  .71796030E+03  .29993920E+07  .31339710E+06 -.63489410E-01  .44793490E+04
 .84810080E+02  .73886960E+03  .30867680E+07  .34061650E+06 -.56233560E-01  .39259930E+04
 .78451310E+02  .76312160E+03  .31768540E+07  .36809850E+06 -.49893680E-01  .35333680E+04
 .72801610E+02  .79069820E+03  .32700500E+07  .39584570E+06 -.44401470E-01  .32458890E+04
 .67765300E+02  .82156680E+03  .33667540E+07  .42389660E+06 -.39650100E-01  .30345320E+04
 .63260860E+02  .85562680E+03  .34673540E+07  .45222060E+06 -.35518090E-01  .28841490E+04
 .59219990E+02  .89269590E+03  .35722240E+07  .48076540E+06 -.31911470E-01  .27822950E+04
 .55583590E+02  .93256210E+03  .36817130E+07  .50952630E+06 -.28768260E-01  .27161750E+04
 .52298990E+02  .97504800E+03  .37961440E+07  .53855960E+06 -.26040370E-01  .26742300E+04
 .49319180E+02  .10200430E+04  .39158250E+07  .56796180E+06 -.23680440E-01  .26477590E+04
 .46602910E+02  .10675010E+04  .40410530E+07  .59784730E+06 -.21639920E-01  .26310430E+04
 .44114690E+02  .11174260E+04  .41721240E+07  .62833920E+06 -.19872270E-01  .26205980E+04
 .41824320E+02  .11698540E+04  .43093350E+07  .65956870E+06 -.18335860E-01  .26142850E+04
 .43028670E+04  .20164750E+07  .37091170E+03  .45702660E+04  .21894590E+07  .27134440E+03
 .10000000E+02  .28000000E+02  .20000000E+01  .14000000E+02  .17000000E+02  .72182660E+04
 .37091170E+03  .64690360E+03  .20164750E+07  .11843780E+06 -.43309000E+00  .51595470E+06
 .39568880E+03  .64676740E+03  .19802520E+07  .12651720E+06 -.45045530E+00  .16497530E+06
 .42118140E+03  .64642270E+03  .19440410E+07  .13888030E+06 -.45819320E+00  .73395410E+05
 .44680610E+03  .64573280E+03  .19078590E+07  .15853440E+06 -.45534220E+00  .39742870E+05
 .47203210E+03  .64456140E+03  .18717280E+07  .18831990E+06 -.44462220E+00  .24884760E+05
 .49653010E+03  .64280540E+03  .18356790E+07  .22978570E+06 -.42986790E+00  .17390660E+05
 .52013510E+03  .64041500E+03  .17997460E+07  .28138010E+06 -.41275560E+00  .13240260E+05
 .54269770E+03  .63740390E+03  .17639640E+07  .33593930E+06 -.39235110E+00  .10815360E+05
 .56398290E+03  .63385020E+03  .17283670E+07  .38140880E+06 -.36685480E+00  .93790870E+04
 .58366690E+03  .62988950E+03  .16929800E+07  .40843000E+06 -.33505900E+00  .85948860E+04
 .58366690E+03  .62988950E+03  .16929800E+07  .40843000E+06 -.33505900E+00  .85948860E+04
 .62921620E+03  .61801250E+03  .15995750E+07  .54726400E+06 -.28885570E+00  .70600930E+04
 .67002970E+03  .60408030E+03  .15079000E+07  .70646780E+06 -.25644640E+00  .61870550E+04
 .70640900E+03  .58887990E+03  .14184150E+07  .86953850E+06 -.22932330E+00  .56320080E+04
 .73901950E+03  .57283980E+03  .13312770E+07  .10363560E+07 -.20607320E+00  .52585660E+04
 .76839450E+03  .55629770E+03  .12465880E+07  .12042020E+07 -.18609330E+00  .49962110E+04
 .79498290E+03  .53950950E+03  .11644000E+07  .13688610E+07 -.16882290E+00  .48045430E+04
 .81914940E+03  .52266410E+03  .10847370E+07  .15263830E+07 -.15371670E+00  .46599890E+04
 .84118330E+03  .50590160E+03  .10075970E+07  .16740790E+07 -.14032280E+00  .45484640E+04
 .86131480E+03  .48932660E+03  .93295760E+06  .18106130E+07 -.12830360E+00  .44610400E+04
 .87973080E+03  .47301700E+03  .86078550E+06  .19355940E+07 -.11741380E+00  .43916130E+04
 .89658610E+03  .45702980E+03  .79103630E+06  .20490970E+07 -.10746720E+00  .43358090E+04
 .91201050E+03  .44140590E+03  .72365840E+06  .21513140E+07 -.98311830E-01  .42904980E+04
 .92611250E+03  .42617380E+03  .65859490E+06  .22423460E+07 -.89815620E-01  .42535210E+04
 .93898220E+03  .41135340E+03  .59578560E+06  .23221090E+07 -.81860880E-01  .42234380E+04
 .95069260E+03  .39695800E+03  .53516760E+06  .23902750E+07 -.74341920E-01  .41992540E+04
 .96130180E+03  .38299620E+03  .47667650E+06  .24462220E+07 -.67163660E-01  .41801570E+04
 .97085440E+03  .36947190E+03  .42024690E+06  .24889730E+07 -.60239110E-01  .41653220E+04
 .97938210E+03  .35638490E+03  .36581310E+06  .25171210E+07 -.53486340E-01  .41538320E+04
 .98690500E+03  .34373090E+03  .31330980E+06  .25287800E+07 -.46828690E-01  .41447580E+04
 .99343230E+03  .33150250E+03  .26267250E+06  .25215980E+07 -.40203960E-01  .41373580E+04
 .99896580E+03  .31969020E+03  .21383820E+06  .24927660E+07 -.33570890E-01  .41310990E+04
 .10035000E+04  .30828260E+03  .16674520E+06  .24389760E+07 -.26861140E-01  .41253300E+04
 .10070100E+04  .29726690E+03  .12133380E+06  .23569810E+07 -.19865420E-01  .41194370E+04
 .10094240E+04  .28662990E+03  .77546230E+05  .22456250E+07 -.12147340E-01  .41136390E+04
 .10105820E+04  .27636040E+03  .35326500E+05  .21088470E+07 -.29602580E-02  .41090630E+04
 .10101780E+04  .26645140E+03 -.53799050E+04  .19589630E+07  .89410540E-02  .41078160E+04
 .10076680E+04  .25690290E+03 -.44626920E+05  .18206500E+07  .25498810E-01  .41149040E+04
 .26960590E-02  .64690360E+03  .20164750E+07  .35832930E-09 -.36997010E-05  .51595470E+06
 .36853540E-02  .64690360E+03  .21894590E+07  .43180090E-09 -.36997010E-05  .10297500E+07
 .27134440E+03  .64690360E+03  .21894590E+07  .12796530E+06 -.31054650E+00  .10297500E+07
 .25463280E+03  .64697170E+03  .22256870E+07  .13169200E+06 -.28651820E+00  .33904500E+06
 .23922840E+03  .64712950E+03  .22619210E+07  .13619900E+06 -.26387750E+00  .16852500E+06
 .22505110E+03  .64741490E+03  .22981680E+07  .14140820E+06 -.24270750E+00  .10005970E+06
 .21201660E+03  .64786720E+03  .23344350E+07  .14724140E+06 -.22306820E+00  .66131620E+05
 .20003830E+03  .64852440E+03  .23707330E+07  .15361440E+06 -.20498520E+00  .47052660E+05
 .18902950E+03  .64942220E+03  .24070740E+07  .16043730E+06 -.18844170E+00  .35337230E+05
 .17890520E+03  .65059310E+03  .24434730E+07  .16761680E+06 -.17338000E+00  .27650830E+05
 .16958490E+03  .65206700E+03  .24799460E+07  .17506050E+06 -.15970930E+00  .22338020E+05
 .16099390E+03  .65387140E+03  .25165110E+07  .18268400E+06 -.14731690E+00  .18508020E+05
 .15306380E+03  .65603220E+03  .25531860E+07  .19042020E+06 -.13608020E+00  .15650380E+05
 .14573360E+03  .65857430E+03  .25899940E+07  .19823210E+06 -.12587710E+00  .13457150E+05
 .13894840E+03  .66152110E+03  .26269540E+07  .20612880E+06 -.11659550E+00  .11734270E+05
 .13262670E+03  .66498610E+03  .26640460E+07  .21430980E+06 -.10877840E+00  .10098010E+05
 .13262670E+03  .66498610E+03  .26640460E+07  .21430980E+06 -.10877840E+00  .10098010E+05
 .12050020E+03  .67392720E+03  .27443600E+07  .23555240E+06 -.93939710E-01  .80417540E+04
 .10995930E+03  .68525900E+03  .28258840E+07  .25940330E+06 -.82154450E-01  .64821550E+04
 .10070240E+03  .69943850E+03  .29089360E+07  .28501840E+06 -.72400880E-01  .53356970E+04
 .92528180E+02  .71680110E+03  .29938770E+07  .31168530E+06 -.64030260E-01  .45227760E+04
 .85293520E+02  .73749440E+03  .30811010E+07  .33888330E+06 -.56707240E-01  .39564880E+04
 .78881660E+02  .76153130E+03  .31710100E+07  .36634990E+06 -.50305530E-01  .35554760E+04
 .73185970E+02  .78889360E+03  .32640020E+07  .39407840E+06 -.44757630E-01  .32622910E+04
 .68109830E+02  .81955140E+03  .33604760E+07  .42211060E+06 -.39959140E-01  .30465210E+04
 .63570730E+02  .85340970E+03  .34608220E+07  .45041950E+06 -.35787780E-01  .28925430E+04
 .59499580E+02  .89029060E+03  .35654150E+07  .47895190E+06 -.32147150E-01  .27879160E+04
 .55836750E+02  .92998190E+03  .36746050E+07  .50769870E+06 -.28973640E-01  .27198370E+04
 .52529160E+02  .97230260E+03  .37887160E+07  .53671290E+06 -.26218740E-01  .26766060E+04
 .49529400E+02  .10171380E+04  .39080580E+07  .56608890E+06 -.23835150E-01  .26493150E+04
 .46795810E+02  .10644380E+04  .40329280E+07  .59594060E+06 -.21774310E-01  .26320730E+04
 .44292530E+02  .11142030E+04  .41636210E+07  .62639060E+06 -.19989380E-01  .26212790E+04
 .41989020E+02  .11664680E+04  .43004360E+07  .65756940E+06 -.18438340E-01  .26147290E+04
 .43101840E+04  .20212440E+07  .36786320E+03  .45617680E+04  .21840090E+07  .27410130E+03
 .10000000E+02  .28000000E+02  .20000000E+01  .14000000E+02  .17000000E+02  .72097680E+04
 .36786320E+03  .64695320E+03  .20212440E+07  .11853120E+06 -.43017910E+00  .59358160E+06
 .39250270E+03  .64683230E+03  .19850170E+07  .12589990E+06 -.44853790E+00  .18349350E+06
 .41792490E+03  .64651840E+03  .19488020E+07  .13730630E+06 -.45762400E+00  .79877300E+05
 .44355450E+03  .64587780E+03  .19126130E+07  .15569410E+06 -.45602800E+00  .42474820E+05
 .46884320E+03  .64477230E+03  .18764730E+07  .18395590E+06 -.44608890E+00  .26206030E+05
 .49343520E+03  .64309350E+03  .18404100E+07  .22386160E+06 -.43172240E+00  .18100820E+05
 .51715360E+03  .64078380E+03  .18044580E+07  .27440240E+06 -.41497360E+00  .13648540E+05
 .53985570E+03  .63784810E+03  .17686530E+07  .32923850E+06 -.39515580E+00  .11057310E+05
 .56131960E+03  .63435640E+03  .17330290E+07  .37664260E+06 -.37046370E+00  .95197640E+04
 .58123070E+03  .63043690E+03  .16976140E+07  .40630520E+06 -.33955400E+00  .86612610E+04
 .58123070E+03  .63043690E+03  .16976140E+07  .40630520E+06 -.33955400E+00  .86612610E+04
 .62712030E+03  .61866040E+03  .16041200E+07  .53974360E+06 -.29058660E+00  .71139190E+04
 .66816670E+03  .60480070E+03  .15123420E+07  .69877480E+06 -.25785650E+00  .62200330E+04
 .70474160E+03  .58965010E+03  .14227450E+07  .86163160E+06 -.23053140E+00  .56537240E+04
 .73752040E+03  .57364120E+03  .13354890E+07  .10283050E+07 -.20711330E+00  .52735250E+04
 .76704040E+03  .55711630E+03  .12506780E+07  .11961900E+07 -.18699030E+00  .50069460E+04
 .79375430E+03  .54033450E+03  .11683670E+07  .13611010E+07 -.16960340E+00  .48125270E+04
 .81803070E+03  .52348790E+03  .10885810E+07  .15190410E+07 -.15440490E+00  .46660880E+04
 .84016210E+03  .50671820E+03  .10113170E+07  .16672530E+07 -.14093750E+00  .45532100E+04
 .86038120E+03  .49013180E+03  .93655600E+06  .18043420E+07 -.12885850E+00  .44647840E+04
 .87887650E+03  .47380750E+03  .86426430E+06  .19298820E+07 -.11791900E+00  .43946030E+04
 .89580440E+03  .45780330E+03  .79439770E+06  .20439370E+07 -.10793070E+00  .43382230E+04
 .91129560E+03  .44216070E+03  .72690510E+06  .21466960E+07 -.98740290E-01  .42924630E+04
 .92545970E+03  .42690880E+03  .66172990E+06  .22382700E+07 -.90215120E-01  .42551230E+04
 .93838750E+03  .41206770E+03  .59881190E+06  .23185850E+07 -.82236780E-01  .42247320E+04
 .95015280E+03  .39765130E+03  .53808840E+06  .23873250E+07 -.74699100E-01  .42002820E+04
 .96081450E+03  .38366810E+03  .47949490E+06  .24438850E+07 -.67506520E-01  .41809570E+04
 .97041760E+03  .37012230E+03  .42296610E+06  .24873060E+07 -.60571750E-01  .41659350E+04
 .97899480E+03  .35701390E+03  .36843630E+06  .25162040E+07 -.53812660E-01  .41543040E+04
 .98656630E+03  .34433880E+03  .31584030E+06  .25287150E+07 -.47152230E-01  .41451320E+04
 .99314220E+03  .33208980E+03  .26511340E+06  .25225090E+07 -.40527240E-01  .41376630E+04
 .99872420E+03  .32025740E+03  .21619250E+06  .24948020E+07 -.33895870E-01  .41313600E+04
 .10033080E+04  .30883020E+03  .16901590E+06  .24423050E+07 -.27193530E-01  .41255830E+04
 .10068690E+04  .29779560E+03  .12352380E+06  .23617330E+07 -.20220350E-01  .41196960E+04
 .10093390E+04  .28714030E+03  .79658230E+05  .22517630E+07 -.12552390E-01  .41138660E+04
 .10105650E+04  .27685300E+03  .37363290E+05  .21160110E+07 -.34615500E-02  .41091810E+04
 .10102470E+04  .26692630E+03 -.34156780E+04  .19663060E+07  .82678030E-02  .41076700E+04
 .10078580E+04  .25735990E+03 -.42732600E+05  .18266020E+07  .24542920E-01  .41141040E+04
 .27184020E-02  .64695320E+03  .20212440E+07  .36712690E-09 -.36961230E-05  .59358160E+06
 .36482860E-02  .64695320E+03  .21840090E+07  .43640230E-09 -.36961230E-05  .12132290E+07
 .27410130E+03  .64695320E+03  .21840090E+07  .12752830E+06 -.31435300E+00  .12132290E+07
 .25718190E+03  .64701350E+03  .22202390E+07  .13112400E+06 -.29013170E+00  .37618830E+06
 .24158100E+03  .64715780E+03  .22564760E+07  .13551340E+06 -.26728070E+00  .18249900E+06
 .22721930E+03  .64742370E+03  .22927230E+07  .14061700E+06 -.24588660E+00  .10671260E+06
 .21401330E+03  .64785040E+03  .23289900E+07  .14635710E+06 -.22601390E+00  .69759390E+05
 .20187670E+03  .64847630E+03  .23652860E+07  .15265060E+06 -.20769450E+00  .49224280E+05
 .19072270E+03  .64933740E+03  .24016240E+07  .15940810E+06 -.19091860E+00  .36731570E+05
 .18046590E+03  .65046680E+03  .24380170E+07  .16653660E+06 -.17563460E+00  .28597020E+05
 .17102530E+03  .65189470E+03  .24744820E+07  .17394350E+06 -.16175630E+00  .23009570E+05
 .16232500E+03  .65364890E+03  .25110350E+07  .18154300E+06 -.14917410E+00  .19002610E+05
 .15429590E+03  .65575570E+03  .25476970E+07  .18926470E+06 -.13776630E+00  .16025960E+05
 .14687560E+03  .65823980E+03  .25844870E+07  .19706690E+06 -.12741040E+00  .13749680E+05
 .14000840E+03  .66112520E+03  .26214270E+07  .20495100E+06 -.11799260E+00  .11966940E+05
 .13361730E+03  .66451150E+03  .26584950E+07  .21295580E+06 -.11002290E+00  .10262730E+05
 .13361730E+03  .66451150E+03  .26584950E+07  .21295580E+06 -.11002290E+00  .10262730E+05
 .12135800E+03  .67330470E+03  .27387430E+07  .23400220E+06 -.94920650E-01  .81675860E+04
 .11071110E+03  .68445580E+03  .28201820E+07  .25770330E+06 -.82952680E-01  .65766630E+04
 .10136630E+03  .69842500E+03  .29031250E+07  .28322370E+06 -.73075840E-01  .54040700E+04
 .93116640E+02  .71555960E+03  .29879310E+07  .30983750E+06 -.64616550E-01  .45707670E+04
 .85816070E+02  .73601980E+03  .30749920E+07  .33701100E+06 -.57220840E-01  .39901340E+04
 .79346630E+02  .75982430E+03  .31647100E+07  .36446120E+06 -.50752340E-01  .35798050E+04
 .73601030E+02  .78695530E+03  .32574830E+07  .39216980E+06 -.45144040E-01  .32803270E+04
 .68481690E+02  .81738510E+03  .33537110E+07  .42018130E+06 -.40294250E-01  .30597270E+04
 .63905020E+02  .85102500E+03  .34537840E+07  .44847370E+06 -.36080110E-01  .29018160E+04
 .59801050E+02  .88770170E+03  .35580790E+07  .47699250E+06 -.32402620E-01  .27941360E+04
 .56109570E+02  .92720340E+03  .36669460E+07  .50572430E+06 -.29196280E-01  .27238900E+04
 .52777050E+02  .96934520E+03  .37807130E+07  .53471810E+06 -.26412100E-01  .26792290E+04
 .49755660E+02  .10140070E+04  .38996890E+07  .56406650E+06 -.24002830E-01  .26510280E+04
 .47003330E+02  .10611360E+04  .40241730E+07  .59388220E+06 -.21919890E-01  .26332040E+04
 .44483730E+02  .11107290E+04  .41544600E+07  .62428740E+06 -.20116180E-01  .26220250E+04
 .42165980E+02  .11628190E+04  .42908480E+07  .65541210E+06 -.18549240E-01  .26152140E+04
 .43182460E+04  .20264950E+07  .36451790E+03  .45525210E+04  .21780730E+07  .27712970E+03
 .10000000E+02  .28000000E+02  .20000000E+01  .14000000E+02  .17000000E+02  .72005210E+04
 .36451790E+03  .64700290E+03  .20264950E+07  .11869620E+06 -.42688570E+00  .69699880E+06
 .38899910E+03  .64689720E+03  .19902660E+07  .12532050E+06 -.44626920E+00  .20707800E+06
 .41433390E+03  .64661490E+03  .19540460E+07  .13572240E+06 -.45681390E+00  .87959240E+05
 .43995970E+03  .64602630E+03  .19178500E+07  .15276350E+06 -.45664850E+00  .45823030E+05
 .46531210E+03  .64499160E+03  .18816990E+07  .17937660E+06 -.44764410E+00  .27801030E+05
 .49000550E+03  .64339690E+03  .18456220E+07  .21754220E+06 -.43373550E+00  .18948520E+05
 .51384640E+03  .64117630E+03  .18096510E+07  .26678930E+06 -.41736100E+00  .14132900E+05
 .53669780E+03  .63832530E+03  .17738220E+07  .32167450E+06 -.39814530E+00  .11343960E+05
 .55835220E+03  .63490470E+03  .17381690E+07  .37098250E+06 -.37430900E+00  .96879260E+04
 .57850590E+03  .63103440E+03  .17027210E+07  .40355340E+06 -.34437540E+00  .87453020E+04
 .57850590E+03  .63103440E+03  .17027210E+07  .40355340E+06 -.34437540E+00  .87453020E+04
 .62479410E+03  .61936870E+03  .16091320E+07  .53145010E+06 -.29252370E+00  .71750210E+04
 .66610030E+03  .60559030E+03  .15172400E+07  .69029480E+06 -.25942590E+00  .62572600E+04
 .70289290E+03  .59049570E+03  .14275200E+07  .85291680E+06 -.23187430E+00  .56781710E+04
 .73585870E+03  .57452240E+03  .13401350E+07  .10194240E+07 -.20826930E+00  .52903300E+04
 .76553980E+03  .55801720E+03  .12551900E+07  .11873410E+07 -.18798690E+00  .50189790E+04
 .79239310E+03  .54124320E+03  .11727430E+07  .13525180E+07 -.17046990E+00  .48214620E+04
 .81679140E+03  .52439540E+03  .10928210E+07  .15109120E+07 -.15516840E+00  .46729060E+04
 .83903090E+03  .50761830E+03  .10154210E+07  .16596890E+07 -.14161890E+00  .45585120E+04
 .85934710E+03  .49101940E+03  .94052610E+06  .17973880E+07 -.12947330E+00  .44689640E+04
 .87793040E+03  .47467920E+03  .86810240E+06  .19235460E+07 -.11847840E+00  .43979380E+04
 .89493860E+03  .45865640E+03  .79810640E+06  .20382080E+07 -.10844370E+00  .43409160E+04
 .91050370E+03  .44299330E+03  .73048740E+06  .21415660E+07 -.99214370E-01  .42946550E+04
 .92473650E+03  .42771960E+03  .66518900E+06  .22337380E+07 -.90656900E-01  .42569090E+04
 .93772840E+03  .41285590E+03  .60215110E+06  .23146600E+07 -.82652270E-01  .42261770E+04
 .94955440E+03  .39841630E+03  .54131100E+06  .23840320E+07 -.75093670E-01  .42014320E+04
 .96027400E+03  .38440950E+03  .48260450E+06  .24412640E+07 -.67885050E-01  .41818530E+04
 .96993300E+03  .37084010E+03  .42596630E+06  .24854200E+07 -.60938760E-01  .41666230E+04
 .97856460E+03  .35770810E+03  .37133060E+06  .25151390E+07 -.54172470E-01  .41548340E+04
 .98618990E+03  .34500980E+03  .31863220E+06  .25285830E+07 -.47508770E-01  .41455510E+04
 .99281920E+03  .33273800E+03  .26780630E+06  .25234460E+07 -.40883360E-01  .41380040E+04
 .99845470E+03  .32088330E+03  .21878990E+06  .24969690E+07 -.34253680E-01  .41316520E+04
 .10030920E+04  .30943470E+03  .17152100E+06  .24458880E+07 -.27558920E-01  .41258640E+04
 .10067100E+04  .29837920E+03  .12593980E+06  .23668820E+07 -.20609350E-01  .41199850E+04
 .10092420E+04  .28770370E+03  .81988300E+05  .22584480E+07 -.12994590E-01  .41141250E+04
 .10105410E+04  .27739670E+03  .39610320E+05  .21238600E+07 -.40064240E-02  .41093250E+04
 .10103180E+04  .26745070E+03 -.12487530E+04  .19744170E+07  .75387380E-02  .41075400E+04
 .10080590E+04  .25786440E+03 -.40642840E+05  .18332950E+07  .23509370E-01  .41132920E+04
 .27433490E-02  .64700290E+03  .20264950E+07  .37708420E-09 -.36925530E-05  .69699880E+06
 .36084190E-02  .64700290E+03  .21780730E+07  .44107460E-09 -.36925530E-05  .14695850E+07
 .27712970E+03  .64700290E+03  .21780730E+07  .12707300E+06 -.31852030E+00  .14695850E+07
 .25998260E+03  .64705540E+03  .22143060E+07  .13052380E+06 -.29409240E+00  .42333050E+06
 .24416610E+03  .64718580E+03  .22505450E+07  .13478330E+06 -.27101510E+00  .19965430E+06
 .22960200E+03  .64743130E+03  .22867930E+07  .13977020E+06 -.24937930E+00  .11471780E+06
 .21620740E+03  .64783100E+03  .23230600E+07  .14540710E+06 -.22925410E+00  .74061960E+05
 .20389660E+03  .64842360E+03  .23593540E+07  .15161190E+06 -.21067770E+00  .51771090E+05
 .19258260E+03  .64924550E+03  .23956880E+07  .15829600E+06 -.19364800E+00  .38352040E+05
 .18217990E+03  .65033030E+03  .24320740E+07  .16536680E+06 -.17812040E+00  .29688440E+05
 .17260660E+03  .65170870E+03  .24685300E+07  .17273140E+06 -.16401380E+00  .23779370E+05
 .16378580E+03  .65340890E+03  .25050720E+07  .18030260E+06 -.15122220E+00  .19566570E+05
 .15564740E+03  .65545730E+03  .25417180E+07  .18800710E+06 -.13962530E+00  .16452320E+05
 .14812780E+03  .65787910E+03  .25784900E+07  .19579800E+06 -.12910040E+00  .14080520E+05
 .14117030E+03  .66069810E+03  .26154080E+07  .20366910E+06 -.11953180E+00  .12229250E+05
 .13470230E+03  .66399820E+03  .26524490E+07  .21149400E+06 -.11139770E+00  .10445950E+05
 .13470230E+03  .66399820E+03  .26524490E+07  .21149400E+06 -.11139770E+00  .10445950E+05
 .12229650E+03  .67263290E+03  .27326260E+07  .23232480E+06 -.96002470E-01  .83074120E+04
 .11153290E+03  .68358940E+03  .28139740E+07  .25585790E+06 -.83830200E-01  .66819130E+04
 .10209150E+03  .69733140E+03  .28967990E+07  .28127100E+06 -.73815900E-01  .54804070E+04
 .93759240E+02  .71421830E+03  .29814590E+07  .30782400E+06 -.65258530E-01  .46244150E+04
 .86386510E+02  .73442470E+03  .30683440E+07  .33496930E+06 -.57783280E-01  .40276920E+04
 .79854000E+02  .75797580E+03  .31578550E+07  .36240160E+06 -.51241990E-01  .36068830E+04
 .74053690E+02  .78485460E+03  .32503920E+07  .39008870E+06 -.45567510E-01  .33003820E+04
 .68887020E+02  .81503560E+03  .33463520E+07  .41807760E+06 -.40661320E-01  .30744390E+04
 .64269200E+02  .84843650E+03  .34461290E+07  .44635140E+06 -.36400190E-01  .29121760E+04
 .60129300E+02  .88488980E+03  .35500990E+07  .47485530E+06 -.32682330E-01  .28011010E+04
 .56406450E+02  .92418370E+03  .36586160E+07  .50357090E+06 -.29440090E-01  .27284280E+04
 .53046640E+02  .96612990E+03  .37720090E+07  .53254300E+06 -.26623830E-01  .26821610E+04
 .50001570E+02  .10106030E+04  .38905890E+07  .56186170E+06 -.24186400E-01  .26529380E+04
 .47228690E+02  .10575450E+04  .40146530E+07  .59163880E+06 -.22079200E-01  .26344600E+04
 .44691260E+02  .11069510E+04  .41444980E+07  .62199580E+06 -.20254850E-01  .26228500E+04
 .42357940E+02  .11588500E+04  .42804210E+07  .65306220E+06 -.18670430E-01  .26157490E+04
 .43272690E+04  .20323690E+07  .36079260E+03  .45423370E+04  .21715310E+07  .28049910E+03
 .10000000E+02  .28000000E+02  .20000000E+01  .14000000E+02  .17000000E+02  .71903370E+04
 .36079260E+03  .64705260E+03  .20323690E+07  .11894820E+06 -.42310190E+00  .84148990E+06
 .38508870E+03  .64696200E+03  .19961360E+07  .12478700E+06 -.44354270E+00  .23822600E+06
 .41031350E+03  .64671260E+03  .19599120E+07  .13412660E+06 -.45567540E+00  .98371490E+05
 .43592300E+03  .64617910E+03  .19237100E+07  .14972310E+06 -.45715950E+00  .50053200E+05
 .46133910E+03  .64522110E+03  .18875480E+07  .17453400E+06 -.44929650E+00  .29781520E+05
 .48614260E+03  .64371910E+03  .18514550E+07  .21073970E+06 -.43595050E+00  .19987130E+05
 .51011830E+03  .64159830E+03  .18154630E+07  .25839960E+06 -.41997110E+00  .14721780E+05
 .53313170E+03  .63884380E+03  .17796080E+07  .31303830E+06 -.40137410E+00  .11691620E+05
 .55499140E+03  .63550600E+03  .17439240E+07  .36417100E+06 -.37845440E+00  .98933070E+04
 .57540720E+03  .63169550E+03  .17084400E+07  .39994430E+06 -.34960490E+00  .88530630E+04
 .57540720E+03  .63169550E+03  .17084400E+07  .39994430E+06 -.34960490E+00  .88530630E+04
 .62216950E+03  .62015400E+03  .16147440E+07  .52216000E+06 -.29473040E+00  .72457470E+04
 .66377050E+03  .60646880E+03  .15227280E+07  .68080000E+06 -.26120230E+00  .63000650E+04
 .70080920E+03  .59143870E+03  .14328710E+07  .84316090E+06 -.23339210E+00  .57061950E+04
 .73398650E+03  .57550640E+03  .13453410E+07  .10094730E+07 -.20957560E+00  .53095460E+04
 .76384950E+03  .55902400E+03  .12602460E+07  .11774110E+07 -.18911250E+00  .50327100E+04
 .79086020E+03  .54225950E+03  .11776480E+07  .13428730E+07 -.17144790E+00  .48316380E+04
 .81539610E+03  .52541110E+03  .10975730E+07  .15017660E+07 -.15602930E+00  .46806620E+04
 .83775760E+03  .50862600E+03  .10200210E+07  .16511710E+07 -.14238670E+00  .45645370E+04
 .85818300E+03  .49201360E+03  .94497610E+06  .17895530E+07 -.13016560E+00  .44737110E+04
 .87686530E+03  .47565560E+03  .87240450E+06  .19164010E+07 -.11910810E+00  .44017250E+04
 .89396390E+03  .45961210E+03  .80226360E+06  .20317450E+07 -.10902080E+00  .43439710E+04
 .90961220E+03  .44392620E+03  .73450290E+06  .21357740E+07 -.99747400E-01  .42971410E+04
 .92392210E+03  .42862830E+03  .66906640E+06  .22286150E+07 -.91153370E-01  .42589350E+04
 .93698620E+03  .41373930E+03  .60589400E+06  .23102160E+07 -.83118910E-01  .42278170E+04
 .94888030E+03  .39927370E+03  .54492340E+06  .23802930E+07 -.75536540E-01  .42027380E+04
 .95966490E+03  .38524070E+03  .48609030E+06  .24382760E+07 -.68309640E-01  .41828730E+04
 .96938660E+03  .37164470E+03  .42932930E+06  .24832490E+07 -.61350160E-01  .41674070E+04
 .97807920E+03  .35848650E+03  .37457490E+06  .25138810E+07 -.54575530E-01  .41554380E+04
 .98576460E+03  .34576210E+03  .32176170E+06  .25283620E+07 -.47907910E-01  .41460300E+04
 .99245360E+03  .33346480E+03  .27082490E+06  .25244120E+07 -.41281850E-01  .41383950E+04
 .99814900E+03  .32158530E+03  .22170130E+06  .24993020E+07 -.34653830E-01  .41319840E+04
 .10028470E+04  .31011240E+03  .17432900E+06  .24497940E+07 -.27966880E-01  .41261830E+04
 .10065280E+04  .29903360E+03  .12864790E+06  .23725340E+07 -.21042280E-01  .41203130E+04
 .10091280E+04  .28833550E+03  .84599910E+05  .22658330E+07 -.13484590E-01  .41144230E+04
 .10105080E+04  .27800650E+03  .42128820E+05  .21325850E+07 -.46072790E-02  .41095050E+04
 .10103880E+04  .26803870E+03  .11799120E+04  .19835130E+07  .67381620E-02  .41074300E+04
 .10082730E+04  .25843040E+03 -.38300750E+05  .18409420E+07  .22376590E-01  .41124650E+04
 .27716750E-02  .64705260E+03  .20323690E+07  .38861760E-09 -.36890510E-05  .84148990E+06
 .35650740E-02  .64705260E+03  .21715310E+07  .44537390E-09 -.36890510E-05  .18497020E+07
 .28049910E+03  .64705260E+03  .21715310E+07  .12659680E+06 -.32313920E+00  .18497020E+07
 .26309940E+03  .64709710E+03  .22077670E+07  .12988490E+06 -.29848810E+00  .48523700E+06
 .24704360E+03  .64721330E+03  .22440070E+07  .13399920E+06 -.27516470E+00  .22131120E+06
 .23225440E+03  .64743740E+03  .22802570E+07  .13885540E+06 -.25326540E+00  .12459090E+06
 .21864990E+03  .64780840E+03  .23165230E+07  .14437630E+06 -.23286390E+00  .79281050E+05
 .20614480E+03  .64836530E+03  .23528150E+07  .15048080E+06 -.21400520E+00  .54821070E+05
 .19465240E+03  .64914490E+03  .23891440E+07  .15708130E+06 -.19669520E+00  .40272760E+05
 .18408670E+03  .65018150E+03  .24255240E+07  .16408580E+06 -.18089720E+00  .30971160E+05
 .17436500E+03  .65150610E+03  .24619700E+07  .17140120E+06 -.16653650E+00  .24677690E+05
 .16540970E+03  .65314750E+03  .24984990E+07  .17893890E+06 -.15351090E+00  .20220780E+05
 .15714910E+03  .65513240E+03  .25351290E+07  .18662260E+06 -.14170230E+00  .16944430E+05
 .14951860E+03  .65748610E+03  .25718800E+07  .19440010E+06 -.13098780E+00  .14460780E+05
 .14246020E+03  .66023260E+03  .26087750E+07  .20225720E+06 -.12125020E+00  .12529690E+05
 .13590610E+03  .66343710E+03  .26457870E+07  .20989870E+06 -.11293700E+00  .10652650E+05
 .13590610E+03  .66343710E+03  .26457870E+07  .20989870E+06 -.11293700E+00  .10652650E+05
 .12333640E+03  .67189980E+03  .27258860E+07  .23049010E+06 -.97211790E-01  .84649330E+04
 .11244250E+03  .68264490E+03  .28071340E+07  .25383200E+06 -.84807740E-01  .68007550E+04
 .10289370E+03  .69613870E+03  .28898310E+07  .27912190E+06 -.74637890E-01  .55668470E+04
 .94469750E+02  .71275370E+03  .29743320E+07  .30560420E+06 -.65970410E-01  .46852580E+04
 .87017010E+02  .73268020E+03  .30610250E+07  .33271640E+06 -.58406980E-01  .40702270E+04
 .80414520E+02  .75595210E+03  .31503090E+07  .36012880E+06 -.51785380E-01  .36374530E+04
 .74553500E+02  .78255270E+03  .32425860E+07  .38779250E+06 -.46037540E-01  .33229940E+04
 .69334320E+02  .81245890E+03  .33382540E+07  .41575630E+06 -.41068530E-01  .30910570E+04
 .64670870E+02  .84559520E+03  .34377060E+07  .44400910E+06 -.36755100E-01  .29239180E+04
 .60491120E+02  .88180040E+03  .35413200E+07  .47249620E+06 -.32992450E-01  .28090150E+04
 .56733480E+02  .92086410E+03  .36494520E+07  .50119420E+06 -.29710440E-01  .27335870E+04
 .53343400E+02  .96259380E+03  .37624340E+07  .53014290E+06 -.26858640E-01  .26854890E+04
 .50272080E+02  .10068590E+04  .38805760E+07  .55942950E+06 -.24389940E-01  .26550970E+04
 .47476440E+02  .10535950E+04  .40041790E+07  .58916470E+06 -.22255740E-01  .26358750E+04
 .44919230E+02  .11027940E+04  .41335370E+07  .61946940E+06 -.20408420E-01  .26237770E+04
 .42568690E+02  .11544830E+04  .42689490E+07  .65047230E+06 -.18804560E-01  .26163470E+04
 .43375940E+04  .20390870E+07  .35655600E+03  .45309580E+04  .21642140E+07  .28430860E+03
 .10000000E+02  .28000000E+02  .20000000E+01  .14000000E+02  .17000000E+02  .71789580E+04
 .35655600E+03  .64710220E+03  .20390870E+07  .11930890E+06 -.41865810E+00  .10576600E+07
 .38063050E+03  .64702710E+03  .20028510E+07  .12430980E+06 -.44019190E+00  .28150500E+06
 .40571410E+03  .64681170E+03  .19666220E+07  .13251440E+06 -.45406850E+00  .11240930E+06
 .43128850E+03  .64633730E+03  .19304120E+07  .14654190E+06 -.45748510E+00  .55628040E+05
 .45676630E+03  .64546370E+03  .18942400E+07  .16935340E+06 -.45105260E+00  .32339170E+05
 .48169130E+03  .64406560E+03  .18581300E+07  .20331790E+06 -.43843210E+00  .21306850E+05
 .50581810E+03  .64205890E+03  .18221160E+07  .24901600E+06 -.42288850E+00  .15462640E+05
 .52901100E+03  .63941670E+03  .17862320E+07  .30301220E+06 -.40493010E+00  .12127330E+05
 .55109620E+03  .63617740E+03  .17505120E+07  .35581310E+06 -.38300090E+00  .10151990E+05
 .57180020E+03  .63244090E+03  .17149890E+07  .39511240E+06 -.35537110E+00  .89944550E+04
 .57180020E+03  .63244090E+03  .17149890E+07  .39511240E+06 -.35537110E+00  .89944550E+04
 .61913820E+03  .62104330E+03  .16211730E+07  .51151980E+06 -.29730870E+00  .73298860E+04
 .66108220E+03  .60746740E+03  .15290150E+07  .66993030E+06 -.26326150E+00  .63505840E+04
 .69840580E+03  .59251300E+03  .14390020E+07  .83199490E+06 -.23514840E+00  .57391520E+04
 .73182770E+03  .57662940E+03  .13513070E+07  .99807390E+06 -.21108680E+00  .53320820E+04
 .76190130E+03  .56017450E+03  .12660410E+07  .11660180E+07 -.19041420E+00  .50487710E+04
 .78909380E+03  .54342170E+03  .11832690E+07  .13317870E+07 -.17257790E+00  .48435160E+04
 .81378860E+03  .52657340E+03  .11030200E+07  .14912380E+07 -.15702290E+00  .46897010E+04
 .83629070E+03  .50977960E+03  .10252950E+07  .16413560E+07 -.14327220E+00  .45715530E+04
 .85684220E+03  .49315210E+03  .95007730E+06  .17805170E+07 -.13096340E+00  .44792330E+04
 .87563850E+03  .47677410E+03  .87733640E+06  .19081580E+07 -.11983330E+00  .44061260E+04
 .89284120E+03  .46070720E+03  .80702950E+06  .20242840E+07 -.10968510E+00  .43475200E+04
 .90858520E+03  .44499540E+03  .73910640E+06  .21290820E+07 -.10036060E+00  .43000280E+04
 .92298380E+03  .42966980E+03  .67351150E+06  .22226880E+07 -.91724170E-01  .42612900E+04
 .93613080E+03  .41475200E+03  .61018510E+06  .23050660E+07 -.83655060E-01  .42297260E+04
 .94810320E+03  .40025680E+03  .54906480E+06  .23759480E+07 -.76045040E-01  .42042610E+04
 .95896240E+03  .38619360E+03  .49008640E+06  .24347850E+07 -.68796810E-01  .41840630E+04
 .96875590E+03  .37256740E+03  .43318480E+06  .24806880E+07 -.61821830E-01  .41683240E+04
 .97751850E+03  .35937900E+03  .37829430E+06  .25123570E+07 -.55037250E-01  .41561460E+04
 .98527270E+03  .34662490E+03  .32534940E+06  .25280150E+07 -.48364820E-01  .41465880E+04
 .99203020E+03  .33429840E+03  .27428550E+06  .25254130E+07 -.41737800E-01  .41388500E+04
 .99779410E+03  .32239030E+03  .22503900E+06  .25018520E+07 -.35111420E-01  .41323710E+04
 .10025610E+04  .31088970E+03  .17754800E+06  .24541310E+07 -.28432570E-01  .41265500E+04
 .10063130E+04  .29978410E+03  .13175230E+06  .23788620E+07 -.21534720E-01  .41206930E+04
 .10089920E+04  .28906010E+03  .87593680E+05  .22741550E+07 -.14039260E-01  .41147750E+04
 .10104630E+04  .27870590E+03  .45015790E+05  .21424900E+07 -.52837040E-02  .41097320E+04
 .10104600E+04  .26871330E+03  .39638370E+04  .19939400E+07  .58413090E-02  .41073480E+04
 .10085040E+04  .25907990E+03 -.35616130E+05  .18498850E+07  .21110600E-01  .41116150E+04
 .28046090E-02  .64710220E+03  .20390870E+07  .40254300E-09 -.36857730E-05  .10576600E+07
 .35173050E-02  .64710220E+03  .21642140E+07  .44797580E-09 -.36857730E-05  .24617870E+07
 .28430860E+03  .64710220E+03  .21642140E+07  .12609710E+06 -.32833740E+00  .24617870E+07
 .26662450E+03  .64713890E+03  .22004520E+07  .12919920E+06 -.30344280E+00  .57020790E+06
 .25029870E+03  .64724020E+03  .22366950E+07  .13314810E+06 -.27984840E+00  .24964650E+06
 .23525530E+03  .64744180E+03  .22729450E+07  .13785560E+06 -.25765810E+00  .13715610E+06
 .22141330E+03  .64778210E+03  .23092110E+07  .14324400E+06 -.23695010E+00  .85795350E+05
 .20868820E+03  .64830030E+03  .23455000E+07  .14923330E+06 -.21777680E+00  .58571660E+05
 .19699340E+03  .64903380E+03  .23818240E+07  .15573720E+06 -.20015290E+00  .42606710E+05
 .18624260E+03  .65001750E+03  .24181960E+07  .16266410E+06 -.18405050E+00  .32514670E+05
 .17635250E+03  .65128300E+03  .24546310E+07  .16992110E+06 -.16940240E+00  .25749890E+05
 .16724420E+03  .65285960E+03  .24911460E+07  .17741820E+06 -.15611130E+00  .20996280E+05
 .15884490E+03  .65477430E+03  .25277580E+07  .18507630E+06 -.14406160E+00  .17524450E+05
 .15108850E+03  .65705260E+03  .25644870E+07  .19283750E+06 -.13313100E+00  .14906800E+05
 .14391560E+03  .65971890E+03  .26013550E+07  .20067920E+06 -.12320060E+00  .12880670E+05
 .13726340E+03  .66281580E+03  .26383360E+07  .20813380E+06 -.11468960E+00  .10890070E+05
 .13726340E+03  .66281580E+03  .26383360E+07  .20813380E+06 -.11468960E+00  .10890070E+05
 .12450710E+03  .67108940E+03  .27183500E+07  .22845620E+06 -.98586810E-01  .86454520E+04
 .11346530E+03  .68160170E+03  .27994870E+07  .25157670E+06 -.85914970E-01  .69372790E+04
 .10379510E+03  .69482100E+03  .28820430E+07  .27672260E+06 -.75565760E-01  .56664630E+04
 .95267720E+02  .71113320E+03  .29663680E+07  .30312110E+06 -.66772420E-01  .47555130E+04
 .87724850E+02  .73074680E+03  .30528470E+07  .33019340E+06 -.59109580E-01  .41192830E+04
 .81043510E+02  .75370590E+03  .31418810E+07  .35758340E+06 -.52398040E-01  .36725850E+04
 .75114030E+02  .77999510E+03  .32338700E+07  .38522140E+06 -.46567600E-01  .33489370E+04
 .69835620E+02  .80959330E+03  .33292120E+07  .41315680E+06 -.41527510E-01  .31101580E+04
 .65120750E+02  .84243210E+03  .34283020E+07  .44138550E+06 -.37154900E-01  .29374640E+04
 .60896120E+02  .87835800E+03  .35315190E+07  .46985340E+06 -.33341760E-01  .28181720E+04
 .57099300E+02  .91716240E+03  .36392230E+07  .49853190E+06 -.30015030E-01  .27395630E+04
 .53675120E+02  .95864880E+03  .37517460E+07  .52745500E+06 -.27123200E-01  .26893360E+04
 .50574210E+02  .10026800E+04  .38694000E+07  .55670650E+06 -.24619210E-01  .26575860E+04
 .47752940E+02  .10491860E+04  .39924880E+07  .58639570E+06 -.22454530E-01  .26375010E+04
 .45173480E+02  .10981530E+04  .41213030E+07  .61664280E+06 -.20581220E-01  .26248380E+04
 .42803560E+02  .11496080E+04  .42561440E+07  .64757560E+06 -.18955360E-01  .26170300E+04
 .43498270E+04  .20470390E+07  .35157640E+03  .45180260E+04  .21558900E+07  .28869660E+03
 .10000000E+02  .28000000E+02  .20000000E+01  .14000000E+02  .17000000E+02  .71660260E+04
 .35157640E+03  .64715180E+03  .20470390E+07  .11981040E+06 -.41325720E+00  .14179110E+07
 .37537640E+03  .64709230E+03  .20108000E+07  .12390240E+06 -.43592580E+00  .34646330E+06
 .40027220E+03  .64691280E+03  .19745670E+07  .13087380E+06 -.45174600E+00  .13267540E+06
 .42578170E+03  .64650290E+03  .19383500E+07  .14316330E+06 -.45748290E+00  .63457200E+05
 .45131530E+03  .64572440E+03  .19021660E+07  .16370280E+06 -.45291120E+00  .35844220E+05
 .47637590E+03  .64444620E+03  .18660380E+07  .19503850E+06 -.44128700E+00  .23079180E+05
 .50067780E+03  .64257370E+03  .18299990E+07  .23826310E+06 -.42626300E+00  .16444560E+05
 .52407670E+03  .64006650E+03  .17940820E+07  .29105530E+06 -.40897180E+00  .12701410E+05
 .54641660E+03  .63694860E+03  .17583230E+07  .34523480E+06 -.38812840E+00  .10493760E+05
 .56744600E+03  .63330710E+03  .17227530E+07  .38841560E+06 -.36190190E+00  .91876580E+04
 .56744600E+03  .63330710E+03  .17227530E+07  .38841560E+06 -.36190190E+00  .91876580E+04
 .61550810E+03  .62208360E+03  .16287980E+07  .49890420E+06 -.30044110E+00  .74342910E+04
 .65786630E+03  .60864090E+03  .15364720E+07  .65704840E+06 -.26573880E+00  .64126460E+04
 .69553230E+03  .59377910E+03  .14462760E+07  .81876690E+06 -.23725610E+00  .57794620E+04
 .72924770E+03  .57795550E+03  .13583860E+07  .98455660E+06 -.21289990E+00  .53595560E+04
 .75957380E+03  .56153510E+03  .12729190E+07  .11524820E+07 -.19197520E+00  .50682920E+04
 .78698440E+03  .54479740E+03  .11899420E+07  .13185890E+07 -.17393170E+00  .48579170E+04
 .81186930E+03  .52795020E+03  .11094850E+07  .14786850E+07 -.15821190E+00  .47006400E+04
 .83453970E+03  .51114690E+03  .10315540E+07  .16296380E+07 -.14433060E+00  .45800320E+04
 .85524170E+03  .49450200E+03  .95613310E+06  .17697200E+07 -.13191620E+00  .44859030E+04
 .87417430E+03  .47810090E+03  .88319140E+06  .18983000E+07 -.12069890E+00  .44114380E+04
 .89150110E+03  .46200650E+03  .81268750E+06  .20153540E+07 -.11047750E+00  .43518000E+04
 .90735930E+03  .44626420E+03  .74457180E+06  .21210650E+07 -.10109160E+00  .43035080E+04
 .92186350E+03  .43090600E+03  .67878910E+06  .22155780E+07 -.92404100E-01  .42641290E+04
 .93510930E+03  .41595420E+03  .61527980E+06  .22988750E+07 -.84293240E-01  .42320280E+04
 .94717480E+03  .40142390E+03  .55398170E+06  .23707080E+07 -.76649810E-01  .42061020E+04
 .95812270E+03  .38732510E+03  .49483100E+06  .24305530E+07 -.69375720E-01  .41855060E+04
 .96800150E+03  .37366310E+03  .43776230E+06  .24775510E+07 -.62381840E-01  .41694360E+04
 .97684700E+03  .36043890E+03  .38271010E+06  .25104370E+07 -.55584960E-01  .41570030E+04
 .98468290E+03  .34764950E+03  .32960890E+06  .25274760E+07 -.48906360E-01  .41472660E+04
 .99152140E+03  .33528840E+03  .27839390E+06  .25264550E+07 -.42277880E-01  .41394010E+04
 .99736650E+03  .32334640E+03  .22900150E+06  .25047120E+07 -.35653110E-01  .41328380E+04
 .10022150E+04  .31181300E+03  .18136950E+06  .24590860E+07 -.28982820E-01  .41269910E+04
 .10060520E+04  .30067560E+03  .13543770E+06  .23861640E+07 -.22114250E-01  .41211480E+04
 .10088220E+04  .28992080E+03  .91147710E+05  .22838360E+07 -.14688410E-01  .41152060E+04
 .10103990E+04  .27953670E+03  .48442960E+05  .21541070E+07 -.60703090E-02  .41100270E+04
 .10105310E+04  .26951470E+03  .72685910E+04  .20063050E+07  .48044650E-02  .41073050E+04
 .10087610E+04  .25985170E+03 -.32429380E+05  .18607210E+07  .19651510E-01  .41107330E+04
 .28443320E-02  .64715180E+03  .20470390E+07  .42083810E-09 -.36832090E-05  .14179110E+07
 .34638450E-02  .64715180E+03  .21558900E+07  .44448210E-09 -.36832090E-05  .35691140E+07
 .28869660E+03  .64715180E+03  .21558900E+07  .12557260E+06 -.33429070E+00  .35691140E+07
 .27068640E+03  .64718070E+03  .21921310E+07  .12845730E+06 -.30912810E+00  .69361430E+06
 .25405050E+03  .64726680E+03  .22283760E+07  .13221450E+06 -.28523110E+00  .28841540E+06
 .23871470E+03  .64744430E+03  .22646270E+07  .13674940E+06 -.26271440E+00  .15378030E+06
 .22459920E+03  .64775140E+03  .23008920E+07  .14198360E+06 -.24166150E+00  .94215590E+05
 .21162020E+03  .64822730E+03  .23371780E+07  .14783800E+06 -.22213210E+00  .63334650E+05
 .19969150E+03  .64891000E+03  .23734970E+07  .15422770E+06 -.20415080E+00  .45529270E+05
 .18872670E+03  .64983490E+03  .24098610E+07  .16106220E+06 -.18769990E+00  .34425370E+05
 .17864160E+03  .65103450E+03  .24462840E+07  .16824840E+06 -.17272090E+00  .27064550E+05
 .16935620E+03  .65253860E+03  .24827820E+07  .17569540E+06 -.15912280E+00  .21939590E+05
 .16079610E+03  .65437460E+03  .25193740E+07  .18332090E+06 -.14679360E+00  .18225240E+05
 .15289380E+03  .65656830E+03  .25560790E+07  .19106170E+06 -.13561170E+00  .15442680E+05
 .14558850E+03  .65914440E+03  .25929170E+07  .19888600E+06 -.12545700E+00  .13300370E+05
 .13882250E+03  .66211790E+03  .26298630E+07  .20615070E+06 -.11672450E+00  .11168550E+05
 .13882250E+03  .66211790E+03  .26298630E+07  .20615070E+06 -.11672450E+00  .11168550E+05
 .12584950E+03  .67018070E+03  .27097810E+07  .22616730E+06 -.10018140E+00  .88564770E+04
 .11463650E+03  .68043300E+03  .27907940E+07  .24902670E+06 -.87193650E-01  .70972720E+04
 .10482640E+03  .69334390E+03  .28731920E+07  .27400050E+06 -.76633060E-01  .57836300E+04
 .96180270E+02  .70931370E+03  .29573190E+07  .30029730E+06 -.67692710E-01  .48383510E+04
 .88534020E+02  .72857150E+03  .30435590E+07  .32732050E+06 -.59915550E-01  .41770690E+04
 .81762180E+02  .75117440E+03  .31323100E+07  .35468430E+06 -.53101500E-01  .37138100E+04
 .75754060E+02  .77710920E+03  .32239740E+07  .38229380E+06 -.47176490E-01  .33793090E+04
 .70407650E+02  .80635610E+03  .33189490E+07  .41019660E+06 -.42054440E-01  .31325610E+04
 .65633760E+02  .83885470E+03  .34176290E+07  .43839710E+06 -.37613590E-01  .29534190E+04
 .61357650E+02  .87446060E+03  .35203980E+07  .46684280E+06 -.33742470E-01  .28289980E+04
 .57515880E+02  .91296780E+03  .36276160E+07  .49549930E+06 -.30364500E-01  .27466360E+04
 .54052570E+02  .95417570E+03  .37396180E+07  .52439390E+06 -.27426800E-01  .26938850E+04
 .50917710E+02  .99793950E+03  .38567200E+07  .55360650E+06 -.24882280E-01  .26605190E+04
 .48067030E+02  .10441830E+04  .39792230E+07  .58324450E+06 -.22682500E-01  .26394090E+04
 .45462060E+02  .10928880E+04  .41074230E+07  .61342720E+06 -.20779260E-01  .26260790E+04
 .43069930E+02  .11440760E+04  .42416160E+07  .64428160E+06 -.19128040E-01  .26178240E+04
 .43652450E+04  .20570550E+07  .34536660E+03  .45032000E+04  .21463400E+07  .29380730E+03
 .10000000E+02  .28000000E+02  .20000000E+01  .14000000E+02  .17000000E+02  .71512000E+04
 .34536660E+03  .64720150E+03  .20570550E+07  .12050550E+06 -.40627630E+00  .21499500E+07
 .36880440E+03  .64715810E+03  .20208120E+07  .12358150E+06 -.43013580E+00  .45798700E+06
 .39343360E+03  .64701750E+03  .19845750E+07  .12917080E+06 -.44818580E+00  .16558430E+06
 .41882420E+03  .64668040E+03  .19483500E+07  .13946320E+06 -.45683440E+00  .75719860E+05
 .44439770E+03  .64601350E+03  .19121530E+07  .15730550E+06 -.45484030E+00  .41165120E+05
 .46961360E+03  .64488040E+03  .18760050E+07  .18540450E+06 -.44472010E+00  .25698790E+05
 .49412960E+03  .64317480E+03  .18399370E+07  .22536430E+06 -.43040720E+00  .17869180E+05
 .51777910E+03  .64084000E+03  .18039820E+07  .27606520E+06 -.41383990E+00  .13526550E+05
 .54042330E+03  .63788160E+03  .17681750E+07  .33106470E+06 -.39422070E+00  .10984950E+05
 .56183950E+03  .63436990E+03  .17325490E+07  .37851290E+06 -.36967820E+00  .94728690E+04
 .56183950E+03  .63436990E+03  .17325490E+07  .37851290E+06 -.36967820E+00  .94728690E+04
 .61086300E+03  .62335920E+03  .16382020E+07  .46875980E+06 -.29869650E+00  .77326430E+04
 .65376470E+03  .61010490E+03  .15458870E+07  .64080650E+06 -.26892170E+00  .64944740E+04
 .69186960E+03  .59536460E+03  .14554620E+07  .80209760E+06 -.23995480E+00  .58323130E+04
 .72596060E+03  .57962030E+03  .13673280E+07  .96750510E+06 -.21522060E+00  .53954330E+04
 .75660990E+03  .56324600E+03  .12816070E+07  .11353690E+07 -.19397230E+00  .50936870E+04
 .78429930E+03  .54652970E+03  .11983710E+07  .13018630E+07 -.17566160E+00  .48765910E+04
 .80942720E+03  .52968530E+03  .11176550E+07  .14627410E+07 -.15972930E+00  .47147930E+04
 .83231200E+03  .51287120E+03  .10394640E+07  .16147320E+07 -.14567950E+00  .45909860E+04
 .85320580E+03  .49620530E+03  .96378580E+06  .17559710E+07 -.13312940E+00  .44945080E+04
 .87231170E+03  .47977550E+03  .89059060E+06  .18857360E+07 -.12179990E+00  .44182840E+04
 .88979640E+03  .46364700E+03  .81983800E+06  .20039630E+07 -.11148470E+00  .43573110E+04
 .90579960E+03  .44786660E+03  .75147910E+06  .21108270E+07 -.10202000E+00  .43079880E+04
 .92043800E+03  .43246760E+03  .68545890E+06  .22064850E+07 -.93266920E-01  .42677840E+04
 .93380910E+03  .41747310E+03  .62171860E+06  .22909380E+07 -.85102320E-01  .42349970E+04
 .94599260E+03  .40289880E+03  .56019600E+06  .23639650E+07 -.77415810E-01  .42084790E+04
 .95705270E+03  .38875520E+03  .50082740E+06  .24250720E+07 -.70108230E-01  .41873740E+04
 .96703950E+03  .37504810E+03  .44354760E+06  .24734400E+07 -.63089670E-01  .41708790E+04
 .97598990E+03  .36177880E+03  .38829110E+06  .25078450E+07 -.56276480E-01  .41581160E+04
 .98392870E+03  .34894490E+03  .33499220E+06  .25266040E+07 -.49589380E-01  .41481440E+04
 .99086950E+03  .33654000E+03  .28358620E+06  .25275510E+07 -.42958550E-01  .41401160E+04
 .99681670E+03  .32455540E+03  .23400920E+06  .25080710E+07 -.36335360E-01  .41334410E+04
 .10017680E+04  .31298040E+03  .18619910E+06  .24650550E+07 -.29674370E-01  .41275530E+04
 .10057110E+04  .30180280E+03  .14009520E+06  .23950710E+07 -.22839200E-01  .41217300E+04
 .10085950E+04  .29100920E+03  .95639020E+05  .22957600E+07 -.15495060E-01  .41157660E+04
 .10103040E+04  .28058740E+03  .52773860E+05  .21685580E+07 -.70401860E-02  .41104370E+04
 .10106020E+04  .27052820E+03  .11444680E+05  .20218890E+07  .35354210E-02  .41073280E+04
 .10090570E+04  .26082800E+03 -.28402540E+05  .18747170E+07  .17873150E-01  .41097950E+04
 .28954740E-02  .64720150E+03  .20570550E+07  .44955310E-09 -.36831970E-05  .21499500E+07
 .34035920E-02  .64720150E+03  .21463400E+07  .41895330E-09 -.36831970E-05  .58863090E+07
 .29380730E+03  .64720150E+03  .21463400E+07  .12503270E+06 -.34117260E+00  .58863090E+07
 .27586810E+03  .64720760E+03  .21815980E+07  .12756150E+06 -.31637360E+00  .92888330E+06
 .25842410E+03  .64729330E+03  .22188300E+07  .13119050E+06 -.29148040E+00  .34384900E+06
 .24274850E+03  .64744560E+03  .22550820E+07  .13552290E+06 -.26859550E+00  .17659340E+06
 .22831450E+03  .64771690E+03  .22913460E+07  .14057550E+06 -.24715200E+00  .10544990E+06
 .21503930E+03  .64814660E+03  .23276300E+07  .14627000E+06 -.22721690E+00  .69556050E+05
 .20283740E+03  .64877310E+03  .23639420E+07  .15252320E+06 -.20882560E+00  .49283190E+05
 .19162210E+03  .64963260E+03  .24002970E+07  .15924580E+06 -.19197220E+00  .36846290E+05
 .18130860E+03  .65075840E+03  .24367060E+07  .16634520E+06 -.17660870E+00  .28711520E+05
 .17181570E+03  .65218080E+03  .24731870E+07  .17372920E+06 -.16265210E+00  .23110210E+05
 .16306730E+03  .65392800E+03  .25097560E+07  .18131300E+06 -.14999500E+00  .19088030E+05
 .15499420E+03  .65602630E+03  .25464340E+07  .18902730E+06 -.13851770E+00  .16098050E+05
 .14753360E+03  .65850040E+03  .25832380E+07  .19683130E+06 -.12809890E+00  .13810800E+05
 .14062950E+03  .66137430E+03  .26201930E+07  .20472680E+06 -.11862540E+00  .12019140E+05
 .14062950E+03  .66137430E+03  .26201930E+07  .20472680E+06 -.11862540E+00  .12019140E+05
 .12740630E+03  .66915710E+03  .26999560E+07  .22357580E+06 -.10205450E+00  .91062350E+04
 .11599280E+03  .67911760E+03  .27808290E+07  .24612390E+06 -.88688720E-01  .72871100E+04
 .10601950E+03  .69168010E+03  .28630480E+07  .27088900E+06 -.77875190E-01  .59232400E+04
 .97235250E+02  .70726000E+03  .29469530E+07  .29706090E+06 -.68760540E-01  .49373680E+04
 .89469120E+02  .72611000E+03  .30329220E+07  .32402200E+06 -.60850120E-01  .42461040E+04
 .82592290E+02  .74830400E+03  .31213530E+07  .35135480E+06 -.53918070E-01  .37628530E+04
 .76492850E+02  .77383170E+03  .32126480E+07  .37893230E+06 -.47883710E-01  .34153370E+04
 .71067470E+02  .80267460E+03  .33072050E+07  .40679760E+06 -.42666140E-01  .31591790E+04
 .66225110E+02  .83478080E+03  .34054200E+07  .43496470E+06 -.38145660E-01  .29724650E+04
 .61889280E+02  .87001630E+03  .35076780E+07  .46338410E+06 -.34207180E-01  .28419830E+04
 .57995370E+02  .90817950E+03  .36143410E+07  .49201560E+06 -.30769890E-01  .27551390E+04
 .54486660E+02  .94906570E+03  .37257500E+07  .52087870E+06 -.27779070E-01  .26993470E+04
 .51312420E+02  .99252190E+03  .38422200E+07  .55004790E+06 -.25187500E-01  .26640310E+04
 .48427620E+02  .10384640E+04  .39640540E+07  .57962860E+06 -.22946880E-01  .26416850E+04
 .45793070E+02  .10868670E+04  .40915500E+07  .60973910E+06 -.21008760E-01  .26275560E+04
 .43375230E+02  .11377500E+04  .42250020E+07  .64050520E+06 -.19327990E-01  .26187670E+04
 .43874300E+04  .20714520E+07  .33657430E+03  .44866760E+04  .21356890E+07  .29961300E+03
 .10000000E+02  .28000000E+02  .20000000E+01  .14000000E+02  .17000000E+02  .71346760E+04
 .33657430E+03  .64725110E+03  .20714520E+07  .12151210E+06 -.39597980E+00  .45483060E+07
 .35946550E+03  .64722530E+03  .20352070E+07  .12337400E+06 -.42112020E+00  .71387260E+06
 .38365900E+03  .64712930E+03  .19989640E+07  .12730450E+06 -.44189850E+00  .23400790E+06
 .40880580E+03  .64688090E+03  .19627310E+07  .13511200E+06 -.45456000E+00  .99842880E+05
 .43436930E+03  .64635770E+03  .19265190E+07  .14943330E+06 -.45662170E+00  .51169900E+05
 .45976860E+03  .64542050E+03  .18903470E+07  .17309980E+06 -.44920810E+00  .30433770E+05
 .48457620E+03  .64394810E+03  .18542420E+07  .20824920E+06 -.43616520E+00  .20369100E+05
 .50857210E+03  .64186250E+03  .18182360E+07  .25510270E+06 -.42049200E+00  .14950420E+05
 .53162630E+03  .63914370E+03  .17823650E+07  .30961190E+06 -.40234380E+00  .11828430E+05
 .55355650E+03  .63583650E+03  .17466630E+07  .36165490E+06 -.38001650E+00  .99722260E+04
 .55355650E+03  .63583650E+03  .17466630E+07  .36165490E+06 -.38001650E+00  .99722260E+04
 .60441280E+03  .62507940E+03  .16520720E+07  .42548450E+06 -.29312690E+00  .82675540E+04
 .64776720E+03  .61218130E+03  .15594660E+07  .61743220E+06 -.27362730E+00  .66197860E+04
 .68651860E+03  .59762490E+03  .14687150E+07  .77812940E+06 -.24392230E+00  .59125830E+04
 .72116170E+03  .58200210E+03  .13802320E+07  .94295780E+06 -.21862980E+00  .54496180E+04
 .75228560E+03  .56570000E+03  .12941480E+07  .11106610E+07 -.19690450E+00  .51318450E+04
 .78038410E+03  .54901840E+03  .12105410E+07  .12776310E+07 -.17819800E+00  .49045250E+04
 .80586790E+03  .53218130E+03  .11294500E+07  .14395750E+07 -.16194970E+00  .47358950E+04
 .82906630E+03  .51535400E+03  .10508860E+07  .15930270E+07 -.14765000E+00  .46072830E+04
 .85024010E+03  .49865960E+03  .97483690E+06  .17359200E+07 -.13489900E+00  .45072910E+04
 .86959860E+03  .48219010E+03  .90127650E+06  .18673930E+07 -.12340420E+00  .44284380E+04
 .88731340E+03  .46601340E+03  .83016530E+06  .19873120E+07 -.11295060E+00  .43654750E+04
 .90352750E+03  .45017890E+03  .76145530E+06  .20958400E+07 -.10336990E+00  .43146170E+04
 .91836080E+03  .43472160E+03  .69509270E+06  .21931470E+07 -.94519990E-01  .42731950E+04
 .93191370E+03  .41966600E+03  .63101880E+06  .22792620E+07 -.86275910E-01  .42393960E+04
 .94426820E+03  .40502860E+03  .56917200E+06  .23540000E+07 -.78525450E-01  .42120130E+04
 .95549100E+03  .39082070E+03  .50948870E+06  .24169100E+07 -.71167920E-01  .41901590E+04
 .96563370E+03  .37704870E+03  .45190400E+06  .24672250E+07 -.64112220E-01  .41730360E+04
 .97473550E+03  .36371460E+03  .39635220E+06  .25037880E+07 -.57273980E-01  .41597810E+04
 .98282280E+03  .35081650E+03  .34276780E+06  .25249840E+07 -.50573210E-01  .41494540E+04
 .98991070E+03  .33834860E+03  .29108570E+06  .25287160E+07 -.43937980E-01  .41411820E+04
 .99600480E+03  .32630230E+03  .24124210E+06  .25124360E+07 -.37316220E-01  .41343370E+04
 .10011040E+04  .31466740E+03  .19317440E+06  .24731110E+07 -.30666150E-01  .41283760E+04
 .10051980E+04  .30343180E+03  .14682190E+06  .24073100E+07 -.23872720E-01  .41225770E+04
 .10082440E+04  .29258220E+03  .10212560E+06  .23123640E+07 -.16634990E-01  .41166010E+04
 .10101390E+04  .28210590E+03  .59028590E+05  .21889530E+07 -.83964640E-02  .41110890E+04
 .10106670E+04  .27199340E+03  .17475640E+05  .20442570E+07  .17789180E-02  .41074920E+04
 .10094330E+04  .26223980E+03 -.22587360E+05  .18954260E+07  .15427490E-01  .41087440E+04
 .29711120E-02  .64725110E+03  .20714520E+07  .50355410E-09 -.36931330E-05  .45483060E+07
 .33376390E-02  .64725110E+03  .21356890E+07  .35524250E-09 -.36931330E-05  .10966580E+08
 .29961300E+03  .64725110E+03  .21356890E+07  .12451610E+06 -.34891070E+00  .10966580E+08
 .28127020E+03  .64725440E+03  .21709430E+07  .12675270E+06 -.32382620E+00  .12477250E+07
 .26339840E+03  .64732160E+03  .22081830E+07  .13011230E+06 -.29854700E+00  .42367860E+06
 .24733830E+03  .64744850E+03  .22444370E+07  .13421270E+06 -.27526000E+00  .20791660E+06
 .23254290E+03  .64768310E+03  .22807000E+07  .13905650E+06 -.25338760E+00  .12037710E+06
 .21893100E+03  .64806430E+03  .23169800E+07  .14456620E+06 -.23300430E+00  .77620560E+05
 .20641770E+03  .64863090E+03  .23532860E+07  .15066020E+06 -.21415660E+00  .54054860E+05
 .19491670E+03  .64942010E+03  .23896310E+07  .15725060E+06 -.19685140E+00  .39874910E+05
 .18434220E+03  .65046590E+03  .24260260E+07  .16424560E+06 -.18105330E+00  .30744920E+05
 .17461190E+03  .65179960E+03  .24624880E+07  .17155240E+06 -.16668880E+00  .24539640E+05
 .16564820E+03  .65345000E+03  .24990340E+07  .17908340E+06 -.15365680E+00  .20131850E+05
 .15737970E+03  .65544360E+03  .25356810E+07  .18676410E+06 -.14184050E+00  .16884790E+05
 .14974170E+03  .65780580E+03  .25724500E+07  .19454420E+06 -.13111810E+00  .14419590E+05
 .14267620E+03  .66056080E+03  .26093630E+07  .20241200E+06 -.12137360E+00  .12500640E+05
 .14267620E+03  .66056080E+03  .26093630E+07  .20241200E+06 -.12137360E+00  .12500640E+05
 .12916890E+03  .66804400E+03  .26890090E+07  .22073250E+06 -.10420450E+00  .93946820E+04
 .11752550E+03  .67768720E+03  .27697300E+07  .24292010E+06 -.90396870E-01  .75068650E+04
 .10736620E+03  .68986840E+03  .28517550E+07  .26743800E+06 -.79286810E-01  .60856330E+04
 .98425480E+02  .70501790E+03  .29354170E+07  .29345980E+06 -.69969650E-01  .50530040E+04
 .90523700E+02  .72341420E+03  .30210900E+07  .32034420E+06 -.61907160E-01  .43267390E+04
 .83528080E+02  .74515160E+03  .31091700E+07  .34764040E+06 -.54842630E-01  .38198870E+04
 .77325190E+02  .77022490E+03  .32000600E+07  .37518330E+06 -.48685140E-01  .34570810E+04
 .71810320E+02  .79861650E+03  .32941570E+07  .40300690E+06 -.43359030E-01  .31900650E+04
 .66890430E+02  .83028250E+03  .33918590E+07  .43113550E+06 -.38747810E-01  .29946850E+04
 .62487050E+02  .86510110E+03  .34935510E+07  .45952470E+06 -.34732940E-01  .28572190E+04
 .58534130E+02  .90287690E+03  .35996010E+07  .48812850E+06 -.31228690E-01  .27651510E+04
 .54974030E+02  .94340140E+03  .37103510E+07  .51695760E+06 -.28177900E-01  .27057810E+04
 .51755200E+02  .98651290E+03  .38261210E+07  .54608030E+06 -.25533070E-01  .26681580E+04
 .48831780E+02  .10321180E+04  .39472140E+07  .57559910E+06 -.23246120E-01  .26443530E+04
 .46163760E+02  .10801850E+04  .40739280E+07  .60563090E+06 -.21268370E-01  .26292830E+04
 .43716840E+02  .11307270E+04  .42065580E+07  .63630090E+06 -.19553990E-01  .26198700E+04
 .44428650E+04  .21073730E+07  .31545740E+03  .44428650E+04  .21073730E+07  .31545740E+03
 .10000000E+02  .28000000E+02  .20000000E+01  .14000000E+02  .17000000E+02  .70908650E+04
 .31545740E+03  .64730000E+03  .21073730E+07  .12355830E+06 -.36966160E+00  .67200430E+13
 .33690450E+03  .64729640E+03  .20711250E+07  .12340050E+06 -.39623170E+00  .32404470E+07
 .35980860E+03  .64726710E+03  .20348770E+07  .12463720E+06 -.42132130E+00  .66334470E+06
 .38401080E+03  .64716670E+03  .19986320E+07  .12812900E+06 -.44199730E+00  .22668170E+06
 .40915900E+03  .64691250E+03  .19623970E+07  .13568090E+06 -.45450220E+00  .98067360E+05
 .43471440E+03  .64638190E+03  .19261830E+07  .14990520E+06 -.45639660E+00  .50590410E+05
 .46009770E+03  .64543600E+03  .18900100E+07  .17358760E+06 -.44887190E+00  .30202110E+05
 .48488520E+03  .64395430E+03  .18539040E+07  .20881760E+06 -.43579710E+00  .20260770E+05
 .50886080E+03  .64185930E+03  .18178980E+07  .25577000E+06 -.42013860E+00  .14893070E+05
 .53189580E+03  .63913150E+03  .17820280E+07  .31033880E+06 -.40200890E+00  .11795190E+05
 .53189580E+03  .63913150E+03  .17820280E+07  .31033880E+06 -.40200890E+00  .11795190E+05
 .58723900E+03  .62925240E+03  .16868610E+07  .41351400E+06 -.32855440E+00  .84792060E+04
 .63227980E+03  .61720750E+03  .15935630E+07  .55909690E+06 -.28611170E+00  .69777710E+04
 .67273000E+03  .60315930E+03  .15020170E+07  .71843500E+06 -.25428200E+00  .61372900E+04
 .70881250E+03  .58787940E+03  .14126760E+07  .88172460E+06 -.22751250E+00  .55994700E+04
 .74117280E+03  .57178780E+03  .13256930E+07  .10486830E+07 -.20453910E+00  .52362230E+04
 .77033530E+03  .55521590E+03  .12411640E+07  .12164260E+07 -.18478540E+00  .49802000E+04
 .79674160E+03  .53841360E+03  .11591400E+07  .13806940E+07 -.16769510E+00  .47926400E+04
 .82074990E+03  .52156600E+03  .10796420E+07  .15375980E+07 -.15273000E+00  .46508890E+04
 .84264450E+03  .50480990E+03  .10026660E+07  .16845430E+07 -.13944710E+00  .45413700E+04
 .86265160E+03  .48824790E+03  .92818910E+06  .18202750E+07 -.12751740E+00  .44554250E+04
 .88095530E+03  .47195600E+03  .85617760E+06  .19444490E+07 -.11670130E+00  .43871090E+04
 .89770840E+03  .45599010E+03  .78658590E+06  .20571590E+07 -.10681610E+00  .43321500E+04
 .91303910E+03  .44038990E+03  .71936230E+06  .21585950E+07 -.97711860E-01  .42874980E+04
 .92705440E+03  .42518330E+03  .65444930E+06  .22488510E+07 -.89257950E-01  .42510530E+04
 .93984310E+03  .41038960E+03  .59178660E+06  .23278280E+07 -.81337650E-01  .42214160E+04
 .95147720E+03  .39602190E+03  .53131110E+06  .23951770E+07 -.73846230E-01  .41976140E+04
 .96201370E+03  .38208820E+03  .47295830E+06  .24502570E+07 -.66689320E-01  .41788390E+04
 .97149640E+03  .36859230E+03  .41666270E+06  .24920620E+07 -.59780470E-01  .41642630E+04
 .97995620E+03  .35553340E+03  .36235880E+06  .25191530E+07 -.53038130E-01  .41529630E+04
 .98741230E+03  .34290730E+03  .30998110E+06  .25296090E+07 -.46386310E-01  .41440200E+04
 .99387350E+03  .33070620E+03  .25946530E+06  .25210470E+07 -.39764370E-01  .41367060E+04
 .99934110E+03  .31892050E+03  .21074840E+06  .24906210E+07 -.33131890E-01  .41304930E+04
 .10038090E+04  .30753870E+03  .16376900E+06  .24349950E+07 -.26415150E-01  .41247130E+04
 .10072510E+04  .29654790E+03  .11846730E+06  .23509770E+07 -.19391950E-01  .41187770E+04
 .10095890E+04  .28593490E+03  .74785700E+05  .22376560E+07 -.11608600E-01  .41129570E+04
 .10106570E+04  .27568870E+03  .32668460E+05  .20994310E+07 -.22917370E-02  .41084130E+04
 .10101370E+04  .26580240E+03 -.79388900E+04  .19493230E+07  .98474210E-02  .41073170E+04
 .31700000E-02  .64730000E+03  .21073730E+07  .81328690E-10 -.37146920E-05  .67200430E+13
 .31700000E-02  .64730000E+03  .21073730E+07  .81328690E-10 -.37146920E-05  .10806460E+14
 .31545740E+03  .64730000E+03  .21073730E+07  .12355910E+06 -.36966160E+00  .10806460E+14
 .29549890E+03  .64730330E+03  .21436220E+07  .12499430E+06 -.34324870E+00  .36117520E+07
 .27699660E+03  .64732760E+03  .21798720E+07  .12753220E+06 -.31773270E+00  .84838390E+06
 .25989040E+03  .64739840E+03  .22161240E+07  .13098750E+06 -.29341500E+00  .34726020E+06
 .24410910E+03  .64754810E+03  .22523820E+07  .13525180E+06 -.27043490E+00  .18028670E+06
 .22957500E+03  .64781360E+03  .22886510E+07  .14024320E+06 -.24888500E+00  .10781710E+06
 .21620600E+03  .64823410E+03  .23249400E+07  .14588350E+06 -.22883510E+00  .71032470E+05
 .20391670E+03  .64884830E+03  .23612570E+07  .15208980E+06 -.21032400E+00  .50232860E+05
 .19262100E+03  .64969250E+03  .23976150E+07  .15877300E+06 -.19335000E+00  .37482520E+05
 .18223360E+03  .65080030E+03  .24340280E+07  .16584080E+06 -.17786880E+00  .29155090E+05
 .17267320E+03  .65220230E+03  .24705100E+07  .17320120E+06 -.16380060E+00  .23430900E+05
 .16386360E+03  .65392690E+03  .25070800E+07  .18076880E+06 -.15103990E+00  .19327430E+05
 .15573460E+03  .65600030E+03  .25437570E+07  .18847380E+06 -.13946840E+00  .16281820E+05
 .14822320E+03  .65844760E+03  .25805590E+07  .19627330E+06 -.12896490E+00  .13955280E+05
 .14822320E+03  .65844760E+03  .25805590E+07  .19627330E+06 -.12896490E+00  .13955280E+05
 .13392340E+03  .66514260E+03  .26599040E+07  .21339320E+06 -.11019420E+00  .10218120E+05
 .12164220E+03  .67398110E+03  .27402310E+07  .23455370E+06 -.95110280E-01  .81352360E+04
 .11097270E+03  .68518530E+03  .28217540E+07  .25832950E+06 -.83136340E-01  .65539740E+04
 .10160690E+03  .69921340E+03  .29047880E+07  .28389050E+06 -.73239640E-01  .53891280E+04
 .93339060E+02  .71640890E+03  .29896930E+07  .31052560E+06 -.64756910E-01  .45614880E+04
 .86022980E+02  .73692850E+03  .30768590E+07  .33770780E+06 -.57339620E-01  .39845980E+04
 .79540340E+02  .76078990E+03  .31666890E+07  .36516250E+06 -.50854300E-01  .35765130E+04
 .73783290E+02  .78797590E+03  .32595820E+07  .39287750E+06 -.45233500E-01  .32784010E+04
 .68653840E+02  .81845900E+03  .33559350E+07  .42089810E+06 -.40373730E-01  .30587670E+04
 .64068150E+02  .85214960E+03  .34561410E+07  .44920020E+06 -.36151100E-01  .29016090E+04
 .59956100E+02  .88887370E+03  .35605730E+07  .47772920E+06 -.32466480E-01  .27944840E+04
 .56257320E+02  .92841950E+03  .36695830E+07  .50647190E+06 -.29254380E-01  .27245910E+04
 .52918110E+02  .97060360E+03  .37834990E+07  .53547820E+06 -.26465640E-01  .26801150E+04
 .49890530E+02  .10153080E+04  .39026290E+07  .56484080E+06 -.24052740E-01  .26519810E+04
 .47132380E+02  .10624800E+04  .40272710E+07  .59467290E+06 -.21966810E-01  .26341530E+04
 .44607310E+02  .11121180E+04  .41577220E+07  .62509670E+06 -.20160580E-01  .26229290E+04
