 .10000000E+02  .28000000E+02  .00000000E+00  .14000000E+02  .17000000E+02  .70908650E+04
 .31545740E+03  .64730000E+03  .21073730E+07  .12355830E+06 -.36966160E+00  .67200430E+13
 .33690450E+03  .64729640E+03  .20711250E+07  .12340050E+06 -.39623170E+00  .32404470E+07
 .35980860E+03  .64726710E+03  .20348770E+07  .12463720E+06 -.42132130E+00  .66334470E+06
 .38401080E+03  .64716670E+03  .19986320E+07  .12812900E+06 -.44199730E+00  .22668170E+06
 .40915900E+03  .64691250E+03  .19623970E+07  .13568090E+06 -.45450220E+00  .98067360E+05
 .43471440E+03  .64638190E+03  .19261830E+07  .14990520E+06 -.45639660E+00  .50590410E+05
 .46009770E+03  .64543600E+03  .18900100E+07  .17358760E+06 -.44887190E+00  .30202110E+05
 .48488520E+03  .64395430E+03  .18539040E+07  .20881760E+06 -.43579710E+00  .20260770E+05
 .50886080E+03  .64185930E+03  .18178980E+07  .25577000E+06 -.42013860E+00  .14893070E+05
 .53189580E+03  .63913150E+03  .17820280E+07  .31033880E+06 -.40200890E+00  .11795190E+05
 .53189580E+03  .63913150E+03  .17820280E+07  .31033880E+06 -.40200890E+00  .11795190E+05
 .58723900E+03  .62925240E+03  .16868610E+07  .41351400E+06 -.32855440E+00  .84792060E+04
 .63227980E+03  .61720750E+03  .15935630E+07  .55909690E+06 -.28611170E+00  .69777710E+04
 .67273000E+03  .60315930E+03  .15020170E+07  .71843500E+06 -.25428200E+00  .61372900E+04
 .70881250E+03  .58787940E+03  .14126760E+07  .88172460E+06 -.22751250E+00  .55994700E+04
 .74117280E+03  .57178780E+03  .13256930E+07  .10486830E+07 -.20453910E+00  .52362230E+04
 .77033530E+03  .55521590E+03  .12411640E+07  .12164260E+07 -.18478540E+00  .49802000E+04
 .79674160E+03  .53841360E+03  .11591400E+07  .13806940E+07 -.16769510E+00  .47926400E+04
 .82074990E+03  .52156600E+03  .10796420E+07  .15375980E+07 -.15273000E+00  .46508890E+04
 .84264450E+03  .50480990E+03  .10026660E+07  .16845430E+07 -.13944710E+00  .45413700E+04
 .86265160E+03  .48824790E+03  .92818910E+06  .18202750E+07 -.12751740E+00  .44554250E+04
 .88095530E+03  .47195600E+03  .85617760E+06  .19444490E+07 -.11670130E+00  .43871090E+04
 .89770840E+03  .45599010E+03  .78658590E+06  .20571590E+07 -.10681610E+00  .43321500E+04
 .91303910E+03  .44038990E+03  .71936230E+06  .21585950E+07 -.97711860E-01  .42874980E+04
 .92705440E+03  .42518330E+03  .65444930E+06  .22488510E+07 -.89257950E-01  .42510530E+04
 .93984310E+03  .41038960E+03  .59178660E+06  .23278280E+07 -.81337650E-01  .42214160E+04
 .95147720E+03  .39602190E+03  .53131110E+06  .23951770E+07 -.73846230E-01  .41976140E+04
 .96201370E+03  .38208820E+03  .47295830E+06  .24502570E+07 -.66689320E-01  .41788390E+04
 .97149640E+03  .36859230E+03  .41666270E+06  .24920620E+07 -.59780470E-01  .41642630E+04
 .97995620E+03  .35553340E+03  .36235880E+06  .25191530E+07 -.53038130E-01  .41529630E+04
 .98741230E+03  .34290730E+03  .30998110E+06  .25296090E+07 -.46386310E-01  .41440200E+04
 .99387350E+03  .33070620E+03  .25946530E+06  .25210470E+07 -.39764370E-01  .41367060E+04
 .99934110E+03  .31892050E+03  .21074840E+06  .24906210E+07 -.33131890E-01  .41304930E+04
 .10038090E+04  .30753870E+03  .16376900E+06  .24349950E+07 -.26415150E-01  .41247130E+04
 .10072510E+04  .29654790E+03  .11846730E+06  .23509770E+07 -.19391950E-01  .41187770E+04
 .10095890E+04  .28593490E+03  .74785700E+05  .22376560E+07 -.11608600E-01  .41129570E+04
 .10106570E+04  .27568870E+03  .32668460E+05  .20994310E+07 -.22917370E-02  .41084130E+04
 .10101370E+04  .26580240E+03 -.79388900E+04  .19493230E+07  .98474210E-02  .41073170E+04
 .31545740E+03  .64730000E+03  .21073730E+07  .12355580E+06 -.36966160E+00  .10807330E+14
 .29549890E+03  .64730330E+03  .21436220E+07  .12499430E+06 -.34324870E+00  .36117520E+07
 .27699660E+03  .64732760E+03  .21798720E+07  .12753220E+06 -.31773270E+00  .84838390E+06
 .25989040E+03  .64739840E+03  .22161240E+07  .13098750E+06 -.29341500E+00  .34726020E+06
 .24410910E+03  .64754810E+03  .22523820E+07  .13525180E+06 -.27043490E+00  .18028670E+06
 .22957500E+03  .64781360E+03  .22886510E+07  .14024320E+06 -.24888500E+00  .10781710E+06
 .21620600E+03  .64823410E+03  .23249400E+07  .14588350E+06 -.22883510E+00  .71032470E+05
 .20391670E+03  .64884830E+03  .23612570E+07  .15208980E+06 -.21032400E+00  .50232860E+05
 .19262100E+03  .64969250E+03  .23976150E+07  .15877300E+06 -.19335000E+00  .37482520E+05
 .18223360E+03  .65080030E+03  .24340280E+07  .16584080E+06 -.17786880E+00  .29155090E+05
 .17267320E+03  .65220230E+03  .24705100E+07  .17320120E+06 -.16380060E+00  .23430900E+05
 .16386360E+03  .65392690E+03  .25070800E+07  .18076880E+06 -.15103990E+00  .19327430E+05
 .15573460E+03  .65600030E+03  .25437570E+07  .18847380E+06 -.13946840E+00  .16281820E+05
 .14822320E+03  .65844760E+03  .25805590E+07  .19627330E+06 -.12896490E+00  .13955280E+05
 .14822320E+03  .65844760E+03  .25805590E+07  .19627330E+06 -.12896490E+00  .13955280E+05
 .13392340E+03  .66514260E+03  .26599040E+07  .21339320E+06 -.11019420E+00  .10218120E+05
 .12164220E+03  .67398110E+03  .27402310E+07  .23455370E+06 -.95110280E-01  .81352360E+04
 .11097270E+03  .68518530E+03  .28217540E+07  .25832950E+06 -.83136340E-01  .65539740E+04
 .10160690E+03  .69921340E+03  .29047880E+07  .28389050E+06 -.73239640E-01  .53891280E+04
 .93339060E+02  .71640890E+03  .29896930E+07  .31052560E+06 -.64756910E-01  .45614880E+04
 .86022980E+02  .73692850E+03  .30768590E+07  .33770780E+06 -.57339620E-01  .39845980E+04
 .79540340E+02  .76078990E+03  .31666890E+07  .36516250E+06 -.50854300E-01  .35765130E+04
 .73783290E+02  .78797590E+03  .32595820E+07  .39287750E+06 -.45233500E-01  .32784010E+04
 .68653840E+02  .81845900E+03  .33559350E+07  .42089810E+06 -.40373730E-01  .30587670E+04
 .64068150E+02  .85214960E+03  .34561410E+07  .44920020E+06 -.36151100E-01  .29016090E+04
 .59956100E+02  .88887370E+03  .35605730E+07  .47772920E+06 -.32466480E-01  .27944840E+04
 .56257320E+02  .92841950E+03  .36695830E+07  .50647190E+06 -.29254380E-01  .27245910E+04
 .52918110E+02  .97060360E+03  .37834990E+07  .53547820E+06 -.26465640E-01  .26801150E+04
 .49890530E+02  .10153080E+04  .39026290E+07  .56484080E+06 -.24052740E-01  .26519810E+04
 .47132380E+02  .10624800E+04  .40272710E+07  .59467290E+06 -.21966810E-01  .26341530E+04
 .44607310E+02  .11121180E+04  .41577220E+07  .62509670E+06 -.20160580E-01  .26229290E+04
 .10000000E+02  .28000000E+02  .00000000E+00  .14000000E+02  .17000000E+02  .70908650E+04
 .31552220E+03  .64732970E+03  .21073990E+07  .12359810E+06 -.36966900E+00  .20644610E+08
 .33696930E+03  .64732430E+03  .20711480E+07  .12359460E+06 -.39622400E+00  .27846740E+07
 .35987260E+03  .64729310E+03  .20348990E+07  .12540770E+06 -.42130330E+00  .64036410E+06
 .38407310E+03  .64719070E+03  .19986530E+07  .12860470E+06 -.44195380E+00  .22367150E+06
 .40921790E+03  .64693410E+03  .19624160E+07  .13596500E+06 -.45442220E+00  .97450460E+05
 .43476770E+03  .64640120E+03  .19262010E+07  .15007940E+06 -.45627920E+00  .50421880E+05
 .46014370E+03  .64545300E+03  .18900270E+07  .17370580E+06 -.44873360E+00  .30145770E+05
 .48492350E+03  .64396910E+03  .18539210E+07  .20891040E+06 -.43566180E+00  .20238620E+05
 .50889200E+03  .64187230E+03  .18179140E+07  .25585780E+06 -.42002520E+00  .14882790E+05
 .53192160E+03  .63914290E+03  .17820430E+07  .31044160E+06 -.40192670E+00  .11789480E+05
 .53192160E+03  .63914290E+03  .17820430E+07  .31044160E+06 -.40192670E+00  .11789480E+05
 .58725830E+03  .62926000E+03  .16868740E+07  .41368960E+06 -.32854250E+00  .84766380E+04
 .63229410E+03  .61721310E+03  .15935750E+07  .55919810E+06 -.28608480E+00  .69770560E+04
 .67274110E+03  .60316380E+03  .15020290E+07  .71852910E+06 -.25426540E+00  .61369100E+04
 .70882160E+03  .58788300E+03  .14126880E+07  .88181410E+06 -.22750120E+00  .55992400E+04
 .74118040E+03  .57179080E+03  .13257040E+07  .10487700E+07 -.20453100E+00  .52360720E+04
 .77034190E+03  .55521840E+03  .12411740E+07  .12165100E+07 -.18477940E+00  .49800950E+04
 .79674740E+03  .53841580E+03  .11591500E+07  .13807770E+07 -.16769060E+00  .47925630E+04
 .82075510E+03  .52156770E+03  .10796520E+07  .15376770E+07 -.15272650E+00  .46508310E+04
 .84264920E+03  .50481150E+03  .10026750E+07  .16846210E+07 -.13944440E+00  .45413240E+04
 .86265590E+03  .48824920E+03  .92819840E+06  .18203500E+07 -.12751530E+00  .44553880E+04
 .88095940E+03  .47195720E+03  .85618660E+06  .19445210E+07 -.11669960E+00  .43870780E+04
 .89771230E+03  .45599120E+03  .78659490E+06  .20572280E+07 -.10681470E+00  .43321240E+04
 .91304280E+03  .44039080E+03  .71937100E+06  .21586610E+07 -.97710760E-01  .42874750E+04
 .92705800E+03  .42518410E+03  .65445790E+06  .22489150E+07 -.89257050E-01  .42510330E+04
 .93984660E+03  .41039040E+03  .59179510E+06  .23278900E+07 -.81336930E-01  .42213980E+04
 .95148050E+03  .39602260E+03  .53131950E+06  .23952380E+07 -.73845650E-01  .41975970E+04
 .96201700E+03  .38208880E+03  .47296660E+06  .24503150E+07 -.66688890E-01  .41788230E+04
 .97149960E+03  .36859270E+03  .41667100E+06  .24921190E+07 -.59780170E-01  .41642480E+04
 .97995940E+03  .35553380E+03  .36236690E+06  .25192080E+07 -.53037970E-01  .41529480E+04
 .98741550E+03  .34290770E+03  .30998920E+06  .25296630E+07 -.46386300E-01  .41440040E+04
 .99387670E+03  .33070650E+03  .25947340E+06  .25210980E+07 -.39764530E-01  .41366890E+04
 .99934440E+03  .31892070E+03  .21075640E+06  .24906690E+07 -.33132250E-01  .41304770E+04
 .10038120E+04  .30753890E+03  .16377690E+06  .24350390E+07 -.26415780E-01  .41246960E+04
 .10072540E+04  .29654810E+03  .11847520E+06  .23510170E+07 -.19392910E-01  .41187560E+04
 .10095930E+04  .28593500E+03  .74793630E+05  .22376900E+07 -.11609950E-01  .41129320E+04
 .10106610E+04  .27568870E+03  .32676380E+05  .20994590E+07 -.22935190E-02  .41083790E+04
 .10101410E+04  .26580230E+03 -.79309700E+04  .19493470E+07  .98453320E-02  .41072690E+04
 .31552220E+03  .64732970E+03  .21073990E+07  .12359810E+06 -.36966900E+00  .20644610E+08
 .29609530E+03  .64733150E+03  .21426320E+07  .12497240E+06 -.34399410E+00  .32904380E+07
 .27705930E+03  .64736070E+03  .21799010E+07  .12756620E+06 -.31775920E+00  .81679540E+06
 .25995150E+03  .64743320E+03  .22161550E+07  .13101830E+06 -.29344720E+00  .34206540E+06
 .24416820E+03  .64758440E+03  .22524150E+07  .13527980E+06 -.27047110E+00  .17895000E+06
 .22963200E+03  .64785140E+03  .22886860E+07  .14026870E+06 -.24892370E+00  .10736760E+06
 .21626080E+03  .64827330E+03  .23249770E+07  .14590670E+06 -.22887490E+00  .70850690E+05
 .20396930E+03  .64888870E+03  .23612960E+07  .15211080E+06 -.21036390E+00  .50148530E+05
 .19267130E+03  .64973420E+03  .23976570E+07  .15879220E+06 -.19338900E+00  .37439020E+05
 .18228190E+03  .65084310E+03  .24340720E+07  .16585820E+06 -.17790640E+00  .29130710E+05
 .17271940E+03  .65224630E+03  .24705570E+07  .17321710E+06 -.16383620E+00  .23416330E+05
 .16390780E+03  .65397190E+03  .25071290E+07  .18078370E+06 -.15107330E+00  .19318290E+05
 .15577700E+03  .65604630E+03  .25438080E+07  .18848830E+06 -.13949950E+00  .16275900E+05
 .14826390E+03  .65849450E+03  .25806130E+07  .19628840E+06 -.12899400E+00  .13951350E+05
 .14826390E+03  .65849450E+03  .25806130E+07  .19628840E+06 -.12899400E+00  .13951350E+05
 .13396090E+03  .66519180E+03  .26599640E+07  .21341620E+06 -.11022300E+00  .10216120E+05
 .12167630E+03  .67403250E+03  .27402960E+07  .23458420E+06 -.95137660E-01  .81338580E+04
 .11100370E+03  .68523930E+03  .28218270E+07  .25836470E+06 -.83161120E-01  .65530810E+04
 .10163510E+03  .69927010E+03  .29048670E+07  .28392810E+06 -.73261310E-01  .53886110E+04
 .93364820E+02  .71646830E+03  .29897780E+07  .31056440E+06 -.64775570E-01  .45612290E+04
 .86046670E+02  .73699050E+03  .30769520E+07  .33774710E+06 -.57355590E-01  .39845000E+04
 .79562260E+02  .76085420E+03  .31667900E+07  .36520190E+06 -.50868090E-01  .35765030E+04
 .73803660E+02  .78804240E+03  .32596900E+07  .39291730E+06 -.45245540E-01  .32784380E+04
 .68672840E+02  .81852760E+03  .33560520E+07  .42093840E+06 -.40384330E-01  .30588330E+04
 .64085960E+02  .85222000E+03  .34562650E+07  .44924120E+06 -.36160490E-01  .29016950E+04
 .59972850E+02  .88894590E+03  .35607060E+07  .47777090E+06 -.32474840E-01  .27945830E+04
 .56273110E+02  .92849340E+03  .36697250E+07  .50651440E+06 -.29261890E-01  .27246970E+04
 .52933060E+02  .97067930E+03  .37836500E+07  .53552150E+06 -.26472420E-01  .26802200E+04
 .49904690E+02  .10153850E+04  .39027890E+07  .56488510E+06 -.24058920E-01  .26520820E+04
 .47145830E+02  .10625590E+04  .40274410E+07  .59471820E+06 -.21972480E-01  .26342470E+04
 .44620110E+02  .11121980E+04  .41579020E+07  .62514310E+06 -.20165830E-01  .26230160E+04
 .10000000E+02  .28000000E+02  .00000000E+00  .14000000E+02  .17000000E+02  .70908650E+04
 .31558690E+03  .64735940E+03  .21074240E+07  .12364060E+06 -.36967640E+00  .10323710E+08
 .33703400E+03  .64735220E+03  .20711720E+07  .12364320E+06 -.39621580E+00  .24413750E+07
 .35993630E+03  .64731920E+03  .20349210E+07  .12565410E+06 -.42127730E+00  .61894260E+06
 .38413520E+03  .64721460E+03  .19986740E+07  .12908230E+06 -.44191270E+00  .22074040E+06
 .40927670E+03  .64695590E+03  .19624360E+07  .13624900E+06 -.45434360E+00  .96841340E+05
 .43482100E+03  .64642050E+03  .19262200E+07  .15025310E+06 -.45616270E+00  .50254520E+05
 .46018980E+03  .64547000E+03  .18900440E+07  .17382360E+06 -.44859570E+00  .30089680E+05
 .48496180E+03  .64398390E+03  .18539370E+07  .20900300E+06 -.43552670E+00  .20216530E+05
 .50892330E+03  .64188530E+03  .18179300E+07  .25594540E+06 -.41991180E+00  .14872550E+05
 .53194730E+03  .63915420E+03  .17820580E+07  .31054420E+06 -.40184450E+00  .11783780E+05
 .53194730E+03  .63915420E+03  .17820580E+07  .31054420E+06 -.40184450E+00  .11783780E+05
 .58727760E+03  .62926760E+03  .16868880E+07  .41386520E+06 -.32853060E+00  .84740720E+04
 .63230840E+03  .61721890E+03  .15935880E+07  .55929930E+06 -.28605790E+00  .69763400E+04
 .67275230E+03  .60316830E+03  .15020400E+07  .71862330E+06 -.25424870E+00  .61365310E+04
 .70883060E+03  .58788670E+03  .14126990E+07  .88190340E+06 -.22748980E+00  .55990100E+04
 .74118800E+03  .57179380E+03  .13257150E+07  .10488560E+07 -.20452280E+00  .52359220E+04
 .77034840E+03  .55522090E+03  .12411850E+07  .12165940E+07 -.18477340E+00  .49799900E+04
 .79675310E+03  .53841790E+03  .11591600E+07  .13808590E+07 -.16768610E+00  .47924870E+04
 .82076030E+03  .52156960E+03  .10796610E+07  .15377570E+07 -.15272310E+00  .46507730E+04
 .84265390E+03  .50481300E+03  .10026850E+07  .16846980E+07 -.13944180E+00  .45412780E+04
 .86266030E+03  .48825060E+03  .92820760E+06  .18204240E+07 -.12751320E+00  .44553510E+04
 .88096350E+03  .47195840E+03  .85619580E+06  .19445920E+07 -.11669790E+00  .43870470E+04
 .89771620E+03  .45599220E+03  .78660380E+06  .20572960E+07 -.10681340E+00  .43320980E+04
 .91304650E+03  .44039180E+03  .71937980E+06  .21587280E+07 -.97709660E-01  .42874520E+04
 .92706160E+03  .42518500E+03  .65446660E+06  .22489800E+07 -.89256160E-01  .42510130E+04
 .93985000E+03  .41039110E+03  .59180360E+06  .23279520E+07 -.81336220E-01  .42213800E+04
 .95148390E+03  .39602330E+03  .53132790E+06  .23952980E+07 -.73845090E-01  .41975800E+04
 .96202030E+03  .38208940E+03  .47297490E+06  .24503740E+07 -.66688460E-01  .41788080E+04
 .97150280E+03  .36859330E+03  .41667920E+06  .24921760E+07 -.59779870E-01  .41642320E+04
 .97996250E+03  .35553430E+03  .36237510E+06  .25192630E+07 -.53037810E-01  .41529330E+04
 .98741860E+03  .34290810E+03  .30999730E+06  .25297160E+07 -.46386290E-01  .41439890E+04
 .99387990E+03  .33070680E+03  .25948140E+06  .25211490E+07 -.39764690E-01  .41366740E+04
 .99934760E+03  .31892100E+03  .21076440E+06  .24907180E+07 -.33132620E-01  .41304600E+04
 .10038160E+04  .30753920E+03  .16378490E+06  .24350840E+07 -.26416400E-01  .41246780E+04
 .10072580E+04  .29654820E+03  .11848310E+06  .23510570E+07 -.19393860E-01  .41187360E+04
 .10095960E+04  .28593510E+03  .74801550E+05  .22377240E+07 -.11611310E-01  .41129070E+04
 .10106650E+04  .27568870E+03  .32684290E+05  .20994870E+07 -.22953010E-02  .41083460E+04
 .10101450E+04  .26580220E+03 -.79230510E+04  .19493700E+07  .98432440E-02  .41072200E+04
 .31558690E+03  .64735940E+03  .21074240E+07  .12364060E+06 -.36967640E+00  .10323710E+08
 .29615940E+03  .64736290E+03  .21426600E+07  .12501040E+06 -.34401230E+00  .28483500E+07
 .27712200E+03  .64739380E+03  .21799290E+07  .12760020E+06 -.31778570E+00  .78748280E+06
 .26001250E+03  .64746790E+03  .22161850E+07  .13104910E+06 -.29347940E+00  .33702510E+06
 .24422740E+03  .64762070E+03  .22524470E+07  .13530770E+06 -.27050730E+00  .17763330E+06
 .22968910E+03  .64788920E+03  .22887210E+07  .14029410E+06 -.24896230E+00  .10692200E+06
 .21631560E+03  .64831240E+03  .23250140E+07  .14592980E+06 -.22891470E+00  .70669880E+05
 .20402190E+03  .64892920E+03  .23613360E+07  .15213180E+06 -.21040380E+00  .50064500E+05
 .19272170E+03  .64977590E+03  .23976980E+07  .15881120E+06 -.19342810E+00  .37395630E+05
 .18233010E+03  .65088600E+03  .24341150E+07  .16587550E+06 -.17794390E+00  .29106380E+05
 .17276560E+03  .65229020E+03  .24706030E+07  .17323300E+06 -.16387170E+00  .23401780E+05
 .16395210E+03  .65401680E+03  .25071780E+07  .18079850E+06 -.15110670E+00  .19309170E+05
 .15581950E+03  .65609230E+03  .25438590E+07  .18850280E+06 -.13953070E+00  .16269980E+05
 .14830470E+03  .65854140E+03  .25806670E+07  .19630360E+06 -.12902310E+00  .13947430E+05
 .14830470E+03  .65854140E+03  .25806670E+07  .19630360E+06 -.12902310E+00  .13947430E+05
 .13399830E+03  .66524090E+03  .26600240E+07  .21343910E+06 -.11025180E+00  .10214120E+05
 .12171040E+03  .67408390E+03  .27403620E+07  .23461470E+06 -.95165040E-01  .81324810E+04
 .11103470E+03  .68529330E+03  .28218990E+07  .25839990E+06 -.83185890E-01  .65521880E+04
 .10166330E+03  .69932680E+03  .29049460E+07  .28396570E+06 -.73282980E-01  .53880930E+04
 .93390580E+02  .71652780E+03  .29898640E+07  .31060320E+06 -.64794220E-01  .45609700E+04
 .86070350E+02  .73705250E+03  .30770450E+07  .33778630E+06 -.57371570E-01  .39844020E+04
 .79584160E+02  .76091850E+03  .31668900E+07  .36524140E+06 -.50881870E-01  .35764930E+04
 .73824010E+02  .78810880E+03  .32597990E+07  .39295710E+06 -.45257570E-01  .32784750E+04
 .68691850E+02  .81859610E+03  .33561680E+07  .42097870E+06 -.40394930E-01  .30588990E+04
 .64103770E+02  .85229050E+03  .34563900E+07  .44928220E+06 -.36169880E-01  .29017820E+04
 .59989590E+02  .88901810E+03  .35608390E+07  .47781260E+06 -.32483200E-01  .27946840E+04
 .56288910E+02  .92856730E+03  .36698670E+07  .50655690E+06 -.29269380E-01  .27248030E+04
 .52947990E+02  .97075480E+03  .37838010E+07  .53556490E+06 -.26479200E-01  .26803260E+04
 .49918850E+02  .10154620E+04  .39029490E+07  .56492930E+06 -.24065100E-01  .26521840E+04
 .47159280E+02  .10626380E+04  .40276110E+07  .59476340E+06 -.21978160E-01  .26343420E+04
 .44632900E+02  .11122800E+04  .41580810E+07  .62518940E+06 -.20171080E-01  .26231020E+04
 .10000000E+02  .28000000E+02  .00000000E+00  .14000000E+02  .17000000E+02  .70908650E+04
 .31565160E+03  .64738910E+03  .21074490E+07  .12368310E+06 -.36968370E+00  .68834010E+07
 .33709870E+03  .64738010E+03  .20711960E+07  .12369170E+06 -.39620750E+00  .21734870E+07
 .35999990E+03  .64734520E+03  .20349430E+07  .12571040E+06 -.42124750E+00  .59891710E+06
 .38419710E+03  .64723860E+03  .19986940E+07  .12956180E+06 -.44187400E+00  .21788540E+06
 .40933530E+03  .64697760E+03  .19624550E+07  .13653300E+06 -.45426650E+00  .96239840E+05
 .43487420E+03  .64643980E+03  .19262380E+07  .15042650E+06 -.45604690E+00  .50088320E+05
 .46023580E+03  .64548690E+03  .18900620E+07  .17394100E+06 -.44845810E+00  .30033830E+05
 .48500010E+03  .64399870E+03  .18539540E+07  .20909530E+06 -.43539170E+00  .20194510E+05
 .50895460E+03  .64189830E+03  .18179450E+07  .25603280E+06 -.41979860E+00  .14862320E+05
 .53197310E+03  .63916560E+03  .17820730E+07  .31064660E+06 -.40176230E+00  .11778090E+05
 .53197310E+03  .63916560E+03  .17820730E+07  .31064660E+06 -.40176230E+00  .11778090E+05
 .58729700E+03  .62927530E+03  .16869020E+07  .41404070E+06 -.32851870E+00  .84715090E+04
 .63232270E+03  .61722460E+03  .15936010E+07  .55940040E+06 -.28603100E+00  .69756250E+04
 .67276340E+03  .60317280E+03  .15020520E+07  .71871750E+06 -.25423210E+00  .61361510E+04
 .70883970E+03  .58789030E+03  .14127100E+07  .88199280E+06 -.22747850E+00  .55987810E+04
 .74119570E+03  .57179680E+03  .13257260E+07  .10489430E+07 -.20451470E+00  .52357710E+04
 .77035500E+03  .55522340E+03  .12411950E+07  .12166790E+07 -.18476740E+00  .49798860E+04
 .79675890E+03  .53842000E+03  .11591700E+07  .13809410E+07 -.16768160E+00  .47924110E+04
 .82076550E+03  .52157140E+03  .10796710E+07  .15378370E+07 -.15271970E+00  .46507150E+04
 .84265870E+03  .50481460E+03  .10026940E+07  .16847750E+07 -.13943910E+00  .45412320E+04
 .86266470E+03  .48825200E+03  .92821690E+06  .18204980E+07 -.12751110E+00  .44553140E+04
 .88096760E+03  .47195960E+03  .85620480E+06  .19446640E+07 -.11669620E+00  .43870170E+04
 .89772010E+03  .45599330E+03  .78661270E+06  .20573650E+07 -.10681200E+00  .43320720E+04
 .91305020E+03  .44039270E+03  .71938850E+06  .21587940E+07 -.97708570E-01  .42874300E+04
 .92706510E+03  .42518580E+03  .65447520E+06  .22490440E+07 -.89255270E-01  .42509930E+04
 .93985350E+03  .41039190E+03  .59181210E+06  .23280140E+07 -.81335490E-01  .42213620E+04
 .95148720E+03  .39602390E+03  .53133630E+06  .23953580E+07 -.73844510E-01  .41975630E+04
 .96202350E+03  .38209000E+03  .47298320E+06  .24504320E+07 -.66688020E-01  .41787920E+04
 .97150600E+03  .36859380E+03  .41668740E+06  .24922320E+07 -.59779580E-01  .41642170E+04
 .97996570E+03  .35553470E+03  .36238330E+06  .25193180E+07 -.53037650E-01  .41529180E+04
 .98742180E+03  .34290840E+03  .31000540E+06  .25297690E+07 -.46386280E-01  .41439740E+04
 .99388310E+03  .33070720E+03  .25948950E+06  .25212000E+07 -.39764840E-01  .41366580E+04
 .99935080E+03  .31892130E+03  .21077250E+06  .24907660E+07 -.33132980E-01  .41304430E+04
 .10038190E+04  .30753940E+03  .16379290E+06  .24351280E+07 -.26417020E-01  .41246600E+04
 .10072610E+04  .29654840E+03  .11849110E+06  .23510970E+07 -.19394810E-01  .41187160E+04
 .10096000E+04  .28593520E+03  .74809470E+05  .22377590E+07 -.11612660E-01  .41128830E+04
 .10106690E+04  .27568880E+03  .32692210E+05  .20995160E+07 -.22970820E-02  .41083130E+04
 .10101490E+04  .26580220E+03 -.79151310E+04  .19493940E+07  .98411560E-02  .41071720E+04
 .31565160E+03  .64738910E+03  .21074490E+07  .12368310E+06 -.36968370E+00  .68834010E+07
 .29622350E+03  .64739430E+03  .21426870E+07  .12504840E+06 -.34403040E+00  .25110720E+07
 .27718470E+03  .64742690E+03  .21799580E+07  .12763410E+06 -.31781210E+00  .76020860E+06
 .26007360E+03  .64750260E+03  .22162160E+07  .13107980E+06 -.29351150E+00  .33213240E+06
 .24428650E+03  .64765700E+03  .22524800E+07  .13533570E+06 -.27054340E+00  .17633610E+06
 .22974610E+03  .64792690E+03  .22887560E+07  .14031950E+06 -.24900100E+00  .10648010E+06
 .21637040E+03  .64835160E+03  .23250510E+07  .14595290E+06 -.22895450E+00  .70490020E+05
 .20407450E+03  .64896970E+03  .23613750E+07  .15215280E+06 -.21044360E+00  .49980780E+05
 .19277210E+03  .64981750E+03  .23977400E+07  .15883030E+06 -.19346710E+00  .37352360E+05
 .18237830E+03  .65092880E+03  .24341590E+07  .16589290E+06 -.17798140E+00  .29082100E+05
 .17281180E+03  .65233420E+03  .24706490E+07  .17324880E+06 -.16390730E+00  .23387260E+05
 .16399630E+03  .65406180E+03  .25072270E+07  .18081340E+06 -.15114020E+00  .19300060E+05
 .15586190E+03  .65613820E+03  .25439110E+07  .18851720E+06 -.13956190E+00  .16264070E+05
 .14834540E+03  .65858840E+03  .25807210E+07  .19631870E+06 -.12905220E+00  .13943520E+05
 .14834540E+03  .65858840E+03  .25807210E+07  .19631870E+06 -.12905220E+00  .13943520E+05
 .13403580E+03  .66529000E+03  .26600840E+07  .21346220E+06 -.11028060E+00  .10212120E+05
 .12174450E+03  .67413530E+03  .27404280E+07  .23464530E+06 -.95192420E-01  .81311040E+04
 .11106560E+03  .68534730E+03  .28219710E+07  .25843510E+06 -.83210660E-01  .65512960E+04
 .10169150E+03  .69938360E+03  .29050240E+07  .28400330E+06 -.73304640E-01  .53875760E+04
 .93416330E+02  .71658720E+03  .29899500E+07  .31064200E+06 -.64812860E-01  .45607120E+04
 .86094030E+02  .73711440E+03  .30771380E+07  .33782560E+06 -.57387540E-01  .39843040E+04
 .79606060E+02  .76098270E+03  .31669910E+07  .36528080E+06 -.50895650E-01  .35764830E+04
 .73844370E+02  .78817520E+03  .32599070E+07  .39299680E+06 -.45269600E-01  .32785110E+04
 .68710850E+02  .81866460E+03  .33562850E+07  .42101900E+06 -.40405530E-01  .30589650E+04
 .64121570E+02  .85236080E+03  .34565150E+07  .44932320E+06 -.36179270E-01  .29018680E+04
 .60006330E+02  .88909030E+03  .35609730E+07  .47785430E+06 -.32491560E-01  .27947840E+04
 .56304700E+02  .92864120E+03  .36700100E+07  .50659930E+06 -.29276880E-01  .27249090E+04
 .52962930E+02  .97083040E+03  .37839520E+07  .53560810E+06 -.26485980E-01  .26804320E+04
 .49933010E+02  .10155400E+04  .39031100E+07  .56497360E+06 -.24071270E-01  .26522850E+04
 .47172740E+02  .10627170E+04  .40277800E+07  .59480860E+06 -.21983830E-01  .26344360E+04
 .44645700E+02  .11123600E+04  .41582600E+07  .62523580E+06 -.20176330E-01  .26231880E+04
 .10000000E+02  .28000000E+02  .00000000E+00  .14000000E+02  .17000000E+02  .70908650E+04
 .31571620E+03  .64741880E+03  .21074750E+07  .12372560E+06 -.36969100E+00  .51632470E+07
 .33716330E+03  .64740800E+03  .20712190E+07  .12374030E+06 -.39619910E+00  .19586200E+07
 .36006350E+03  .64737120E+03  .20349650E+07  .12576660E+06 -.42121770E+00  .58015080E+06
 .38425870E+03  .64726250E+03  .19987150E+07  .13004330E+06 -.44183760E+00  .21510330E+06
 .40939390E+03  .64699930E+03  .19624750E+07  .13681700E+06 -.45419080E+00  .95645780E+05
 .43492740E+03  .64645910E+03  .19262560E+07  .15059940E+06 -.45593180E+00  .49923280E+05
 .46028180E+03  .64550380E+03  .18900790E+07  .17405820E+06 -.44832090E+00  .29978230E+05
 .48503830E+03  .64401350E+03  .18539700E+07  .20918750E+06 -.43525690E+00  .20172560E+05
 .50898580E+03  .64191120E+03  .18179610E+07  .25612000E+06 -.41968530E+00  .14852120E+05
 .53199880E+03  .63917690E+03  .17820880E+07  .31074890E+06 -.40168020E+00  .11772410E+05
 .53199880E+03  .63917690E+03  .17820880E+07  .31074890E+06 -.40168020E+00  .11772410E+05
 .58731630E+03  .62928290E+03  .16869150E+07  .41421610E+06 -.32850690E+00  .84689480E+04
 .63233700E+03  .61723030E+03  .15936130E+07  .55950150E+06 -.28600410E+00  .69749100E+04
 .67277450E+03  .60317730E+03  .15020640E+07  .71881170E+06 -.25421540E+00  .61357720E+04
 .70884880E+03  .58789390E+03  .14127210E+07  .88208220E+06 -.22746710E+00  .55985510E+04
 .74120330E+03  .57179970E+03  .13257360E+07  .10490290E+07 -.20450650E+00  .52356210E+04
 .77036160E+03  .55522580E+03  .12412050E+07  .12167630E+07 -.18476140E+00  .49797810E+04
 .79676470E+03  .53842210E+03  .11591800E+07  .13810230E+07 -.16767710E+00  .47923340E+04
 .82077070E+03  .52157320E+03  .10796810E+07  .15379170E+07 -.15271620E+00  .46506570E+04
 .84266350E+03  .50481620E+03  .10027030E+07  .16848520E+07 -.13943650E+00  .45411870E+04
 .86266910E+03  .48825330E+03  .92822620E+06  .18205730E+07 -.12750900E+00  .44552770E+04
 .88097170E+03  .47196080E+03  .85621390E+06  .19447350E+07 -.11669460E+00  .43869860E+04
 .89772390E+03  .45599440E+03  .78662160E+06  .20574340E+07 -.10681070E+00  .43320450E+04
 .91305400E+03  .44039360E+03  .71939730E+06  .21588610E+07 -.97707470E-01  .42874070E+04
 .92706870E+03  .42518660E+03  .65448380E+06  .22491080E+07 -.89254370E-01  .42509730E+04
 .93985690E+03  .41039260E+03  .59182060E+06  .23280760E+07 -.81334770E-01  .42213430E+04
 .95149050E+03  .39602450E+03  .53134480E+06  .23954180E+07 -.73843950E-01  .41975470E+04
 .96202680E+03  .38209050E+03  .47299160E+06  .24504910E+07 -.66687590E-01  .41787760E+04
 .97150920E+03  .36859430E+03  .41669570E+06  .24922890E+07 -.59779280E-01  .41642010E+04
 .97996890E+03  .35553520E+03  .36239140E+06  .25193730E+07 -.53037490E-01  .41529030E+04
 .98742500E+03  .34290880E+03  .31001350E+06  .25298220E+07 -.46386260E-01  .41439580E+04
 .99388620E+03  .33070750E+03  .25949750E+06  .25212510E+07 -.39765000E-01  .41366420E+04
 .99935400E+03  .31892150E+03  .21078050E+06  .24908140E+07 -.33133350E-01  .41304270E+04
 .10038220E+04  .30753960E+03  .16380080E+06  .24351730E+07 -.26417650E-01  .41246420E+04
 .10072640E+04  .29654860E+03  .11849900E+06  .23511370E+07 -.19395770E-01  .41186960E+04
 .10096040E+04  .28593520E+03  .74817400E+05  .22377930E+07 -.11614020E-01  .41128580E+04
 .10106730E+04  .27568880E+03  .32700130E+05  .20995440E+07 -.22988640E-02  .41082800E+04
 .10101530E+04  .26580210E+03 -.79072110E+04  .19494170E+07  .98390670E-02  .41071240E+04
 .31571620E+03  .64741880E+03  .21074750E+07  .12372560E+06 -.36969100E+00  .51632470E+07
 .29575480E+03  .64742900E+03  .21437300E+07  .12514560E+06 -.34332240E+00  .21508660E+07
 .27724730E+03  .64746000E+03  .21799870E+07  .12766810E+06 -.31783840E+00  .73476740E+06
 .26013460E+03  .64753740E+03  .22162470E+07  .13111050E+06 -.29354370E+00  .32738090E+06
 .24434560E+03  .64769320E+03  .22525130E+07  .13536350E+06 -.27057950E+00  .17505800E+06
 .22980310E+03  .64796460E+03  .22887910E+07  .14034480E+06 -.24903960E+00  .10604200E+06
 .21642520E+03  .64839070E+03  .23250880E+07  .14597600E+06 -.22899430E+00  .70311120E+05
 .20412710E+03  .64901010E+03  .23614140E+07  .15217380E+06 -.21048340E+00  .49897350E+05
 .19282240E+03  .64985910E+03  .23977810E+07  .15884930E+06 -.19350600E+00  .37309200E+05
 .18242650E+03  .65097160E+03  .24342030E+07  .16591010E+06 -.17801890E+00  .29057870E+05
 .17285800E+03  .65237810E+03  .24706960E+07  .17326460E+06 -.16394290E+00  .23372760E+05
 .16404050E+03  .65410680E+03  .25072760E+07  .18082820E+06 -.15117360E+00  .19290960E+05
 .15590430E+03  .65618420E+03  .25439620E+07  .18853170E+06 -.13959310E+00  .16258160E+05
 .14838620E+03  .65863530E+03  .25807750E+07  .19633380E+06 -.12908120E+00  .13939610E+05
 .14838620E+03  .65863530E+03  .25807750E+07  .19633380E+06 -.12908120E+00  .13939610E+05
 .13407330E+03  .66533910E+03  .26601430E+07  .21348520E+06 -.11030940E+00  .10210120E+05
 .12177860E+03  .67418670E+03  .27404930E+07  .23467580E+06 -.95219810E-01  .81297270E+04
 .11109660E+03  .68540120E+03  .28220430E+07  .25847030E+06 -.83235440E-01  .65504040E+04
 .10171960E+03  .69944030E+03  .29051030E+07  .28404090E+06 -.73326300E-01  .53870600E+04
 .93442090E+02  .71664660E+03  .29900350E+07  .31068080E+06 -.64831500E-01  .45604540E+04
 .86117710E+02  .73717630E+03  .30772310E+07  .33786480E+06 -.57403510E-01  .39842070E+04
 .79627960E+02  .76104690E+03  .31670910E+07  .36532030E+06 -.50909420E-01  .35764730E+04
 .73864720E+02  .78824160E+03  .32600150E+07  .39303660E+06 -.45281630E-01  .32785480E+04
 .68729850E+02  .81873300E+03  .33564010E+07  .42105930E+06 -.40416120E-01  .30590310E+04
 .64139370E+02  .85243130E+03  .34566400E+07  .44936410E+06 -.36188650E-01  .29019550E+04
 .60023070E+02  .88916250E+03  .35611060E+07  .47789590E+06 -.32499920E-01  .27948840E+04
 .56320490E+02  .92871510E+03  .36701520E+07  .50664180E+06 -.29284380E-01  .27250150E+04
 .52977860E+02  .97090590E+03  .37841030E+07  .53565140E+06 -.26492760E-01  .26805380E+04
 .49947170E+02  .10156170E+04  .39032700E+07  .56501780E+06 -.24077450E-01  .26523860E+04
 .47186180E+02  .10627960E+04  .40279500E+07  .59485390E+06 -.21989510E-01  .26345310E+04
 .44658500E+02  .11124420E+04  .41584390E+07  .62528210E+06 -.20181570E-01  .26232750E+04
 .10000000E+02  .28000000E+02  .00000000E+00  .14000000E+02  .17000000E+02  .70908650E+04
 .31578090E+03  .64744840E+03  .21075000E+07  .12376820E+06 -.36969820E+00  .41311540E+07
 .33722800E+03  .64743590E+03  .20712430E+07  .12378880E+06 -.39619070E+00  .17824510E+07
 .36012710E+03  .64739720E+03  .20349880E+07  .12582300E+06 -.42118790E+00  .56252840E+06
 .38432010E+03  .64728640E+03  .19987360E+07  .13052680E+06 -.44180370E+00  .21239120E+06
 .40945230E+03  .64702090E+03  .19624940E+07  .13710090E+06 -.45411660E+00  .95059040E+05
 .43498050E+03  .64647840E+03  .19262750E+07  .15077200E+06 -.45581760E+00  .49759360E+05
 .46032770E+03  .64552080E+03  .18900970E+07  .17417490E+06 -.44818400E+00  .29922880E+05
 .48507650E+03  .64402830E+03  .18539870E+07  .20927930E+06 -.43512230E+00  .20150680E+05
 .50901700E+03  .64192420E+03  .18179770E+07  .25620710E+06 -.41957220E+00  .14841950E+05
 .53202450E+03  .63918830E+03  .17821030E+07  .31085100E+06 -.40159800E+00  .11766750E+05
 .53202450E+03  .63918830E+03  .17821030E+07  .31085100E+06 -.40159800E+00  .11766750E+05
 .58733560E+03  .62929050E+03  .16869290E+07  .41439160E+06 -.32849500E+00  .84663900E+04
 .63235130E+03  .61723600E+03  .15936260E+07  .55960260E+06 -.28597730E+00  .69741950E+04
 .67278560E+03  .60318180E+03  .15020760E+07  .71890590E+06 -.25419880E+00  .61353940E+04
 .70885780E+03  .58789750E+03  .14127330E+07  .88217160E+06 -.22745580E+00  .55983220E+04
 .74121090E+03  .57180270E+03  .13257470E+07  .10491150E+07 -.20449840E+00  .52354700E+04
 .77036820E+03  .55522830E+03  .12412160E+07  .12168470E+07 -.18475540E+00  .49796770E+04
 .79677050E+03  .53842420E+03  .11591900E+07  .13811060E+07 -.16767260E+00  .47922580E+04
 .82077590E+03  .52157500E+03  .10796910E+07  .15379970E+07 -.15271280E+00  .46505990E+04
 .84266820E+03  .50481770E+03  .10027130E+07  .16849290E+07 -.13943380E+00  .45411410E+04
 .86267350E+03  .48825470E+03  .92823540E+06  .18206470E+07 -.12750690E+00  .44552400E+04
 .88097580E+03  .47196200E+03  .85622300E+06  .19448070E+07 -.11669290E+00  .43869550E+04
 .89772780E+03  .45599540E+03  .78663050E+06  .20575030E+07 -.10680930E+00  .43320200E+04
 .91305760E+03  .44039460E+03  .71940610E+06  .21589270E+07 -.97706380E-01  .42873840E+04
 .92707230E+03  .42518750E+03  .65449240E+06  .22491720E+07 -.89253490E-01  .42509530E+04
 .93986040E+03  .41039330E+03  .59182910E+06  .23281380E+07 -.81334050E-01  .42213250E+04
 .95149390E+03  .39602520E+03  .53135310E+06  .23954780E+07 -.73843370E-01  .41975300E+04
 .96203000E+03  .38209110E+03  .47299990E+06  .24505490E+07 -.66687160E-01  .41787600E+04
 .97151250E+03  .36859480E+03  .41670390E+06  .24923460E+07 -.59778980E-01  .41641860E+04
 .97997200E+03  .35553560E+03  .36239960E+06  .25194290E+07 -.53037330E-01  .41528880E+04
 .98742810E+03  .34290920E+03  .31002160E+06  .25298760E+07 -.46386260E-01  .41439430E+04
 .99388940E+03  .33070780E+03  .25950550E+06  .25213020E+07 -.39765160E-01  .41366260E+04
 .99935720E+03  .31892180E+03  .21078850E+06  .24908620E+07 -.33133710E-01  .41304110E+04
 .10038260E+04  .30753980E+03  .16380880E+06  .24352170E+07 -.26418270E-01  .41246250E+04
 .10072680E+04  .29654870E+03  .11850700E+06  .23511760E+07 -.19396720E-01  .41186760E+04
 .10096070E+04  .28593530E+03  .74825320E+05  .22378270E+07 -.11615370E-01  .41128330E+04
 .10106770E+04  .27568880E+03  .32708040E+05  .20995720E+07 -.23006450E-02  .41082470E+04
 .10101570E+04  .26580200E+03 -.78992920E+04  .19494410E+07  .98369780E-02  .41070760E+04
 .31578090E+03  .64744840E+03  .21075000E+07  .12376820E+06 -.36969820E+00  .41311540E+07
 .29581870E+03  .64746040E+03  .21437580E+07  .12518340E+06 -.34334080E+00  .19534730E+07
 .27731000E+03  .64749300E+03  .21800160E+07  .12770210E+06 -.31786470E+00  .71098040E+06
 .26019560E+03  .64757200E+03  .22162780E+07  .13114130E+06 -.29357570E+00  .32276470E+06
 .24440470E+03  .64772950E+03  .22525460E+07  .13539140E+06 -.27061560E+00  .17379860E+06
 .22986010E+03  .64800240E+03  .22888250E+07  .14037020E+06 -.24907810E+00  .10560750E+06
 .21648000E+03  .64842980E+03  .23251250E+07  .14599900E+06 -.22903400E+00  .70133160E+05
 .20417960E+03  .64905050E+03  .23614530E+07  .15219470E+06 -.21052320E+00  .49814220E+05
 .19287280E+03  .64990080E+03  .23978230E+07  .15886830E+06 -.19354500E+00  .37266150E+05
 .18247480E+03  .65101440E+03  .24342470E+07  .16592740E+06 -.17805640E+00  .29033690E+05
 .17290410E+03  .65242190E+03  .24707420E+07  .17328040E+06 -.16397840E+00  .23358290E+05
 .16408480E+03  .65415170E+03  .25073240E+07  .18084290E+06 -.15120690E+00  .19281880E+05
 .15594680E+03  .65623020E+03  .25440130E+07  .18854620E+06 -.13962430E+00  .16252270E+05
 .14842690E+03  .65868220E+03  .25808290E+07  .19634890E+06 -.12911030E+00  .13935700E+05
 .14842690E+03  .65868220E+03  .25808290E+07  .19634890E+06 -.12911030E+00  .13935700E+05
 .13411080E+03  .66538820E+03  .26602030E+07  .21350830E+06 -.11033820E+00  .10208120E+05
 .12181270E+03  .67423800E+03  .27405590E+07  .23470650E+06 -.95247190E-01  .81283500E+04
 .11112750E+03  .68545520E+03  .28221150E+07  .25850550E+06 -.83260200E-01  .65495130E+04
 .10174780E+03  .69949690E+03  .29051820E+07  .28407850E+06 -.73347950E-01  .53865430E+04
 .93467830E+02  .71670600E+03  .29901210E+07  .31071960E+06 -.64850140E-01  .45601960E+04
 .86141390E+02  .73723830E+03  .30773240E+07  .33790410E+06 -.57419470E-01  .39841090E+04
 .79649860E+02  .76111110E+03  .31671920E+07  .36535970E+06 -.50923190E-01  .35764640E+04
 .73885080E+02  .78830800E+03  .32601240E+07  .39307640E+06 -.45293650E-01  .32785850E+04
 .68748850E+02  .81880150E+03  .33565180E+07  .42109960E+06 -.40426710E-01  .30590960E+04
 .64157180E+02  .85250160E+03  .34567640E+07  .44940510E+06 -.36198030E-01  .29020420E+04
 .60039810E+02  .88923470E+03  .35612390E+07  .47793760E+06 -.32508280E-01  .27949840E+04
 .56336280E+02  .92878890E+03  .36702940E+07  .50668420E+06 -.29291880E-01  .27251210E+04
 .52992800E+02  .97098140E+03  .37842540E+07  .53569470E+06 -.26499540E-01  .26806440E+04
 .49961330E+02  .10156940E+04  .39034300E+07  .56506190E+06 -.24083630E-01  .26524880E+04
 .47199630E+02  .10628750E+04  .40281190E+07  .59489910E+06 -.21995180E-01  .26346250E+04
 .44671290E+02  .11125220E+04  .41586180E+07  .62532840E+06 -.20186820E-01  .26233610E+04
 .10000000E+02  .28000000E+02  .00000000E+00  .14000000E+02  .17000000E+02  .70908650E+04
 .31584550E+03  .64747810E+03  .21075250E+07  .12381070E+06 -.36970530E+00  .34430920E+07
 .33729260E+03  .64746370E+03  .20712670E+07  .12383740E+06 -.39618220E+00  .16353890E+07
 .36019070E+03  .64742310E+03  .20350100E+07  .12587930E+06 -.42115800E+00  .54594860E+06
 .38438130E+03  .64731040E+03  .19987570E+07  .13083010E+06 -.44176100E+00  .20975170E+06
 .40951060E+03  .64704260E+03  .19625140E+07  .13738480E+06 -.45404380E+00  .94479450E+05
 .43503350E+03  .64649770E+03  .19262930E+07  .15094410E+06 -.45570400E+00  .49596570E+05
 .46037360E+03  .64553770E+03  .18901140E+07  .17429130E+06 -.44804750E+00  .29867760E+05
 .48511470E+03  .64404320E+03  .18540030E+07  .20937090E+06 -.43498790E+00  .20128870E+05
 .50904820E+03  .64193710E+03  .18179930E+07  .25629400E+06 -.41945910E+00  .14831800E+05
 .53205030E+03  .63919960E+03  .17821180E+07  .31095300E+06 -.40151590E+00  .11761090E+05
 .53205030E+03  .63919960E+03  .17821180E+07  .31095300E+06 -.40151590E+00  .11761090E+05
 .58735490E+03  .62929820E+03  .16869420E+07  .41456700E+06 -.32848310E+00  .84638340E+04
 .63236560E+03  .61724180E+03  .15936390E+07  .55970380E+06 -.28595040E+00  .69734800E+04
 .67279680E+03  .60318630E+03  .15020880E+07  .71900010E+06 -.25418220E+00  .61350150E+04
 .70886690E+03  .58790110E+03  .14127440E+07  .88226100E+06 -.22744450E+00  .55980930E+04
 .74121860E+03  .57180570E+03  .13257580E+07  .10492020E+07 -.20449020E+00  .52353200E+04
 .77037480E+03  .55523080E+03  .12412260E+07  .12169320E+07 -.18474940E+00  .49795720E+04
 .79677630E+03  .53842630E+03  .11592000E+07  .13811880E+07 -.16766810E+00  .47921820E+04
 .82078110E+03  .52157680E+03  .10797000E+07  .15380770E+07 -.15270940E+00  .46505410E+04
 .84267300E+03  .50481930E+03  .10027220E+07  .16850070E+07 -.13943110E+00  .45410960E+04
 .86267790E+03  .48825610E+03  .92824480E+06  .18207220E+07 -.12750480E+00  .44552030E+04
 .88097990E+03  .47196330E+03  .85623210E+06  .19448780E+07 -.11669120E+00  .43869240E+04
 .89773180E+03  .45599650E+03  .78663940E+06  .20575720E+07 -.10680800E+00  .43319930E+04
 .91306130E+03  .44039550E+03  .71941480E+06  .21589930E+07 -.97705270E-01  .42873620E+04
 .92707580E+03  .42518830E+03  .65450110E+06  .22492360E+07 -.89252590E-01  .42509330E+04
 .93986380E+03  .41039410E+03  .59183760E+06  .23282000E+07 -.81333330E-01  .42213070E+04
 .95149730E+03  .39602580E+03  .53136160E+06  .23955380E+07 -.73842810E-01  .41975130E+04
 .96203330E+03  .38209170E+03  .47300820E+06  .24506080E+07 -.66686730E-01  .41787440E+04
 .97151560E+03  .36859530E+03  .41671210E+06  .24924030E+07 -.59778680E-01  .41641710E+04
 .97997520E+03  .35553610E+03  .36240770E+06  .25194840E+07 -.53037170E-01  .41528730E+04
 .98743130E+03  .34290950E+03  .31002970E+06  .25299290E+07 -.46386250E-01  .41439280E+04
 .99389260E+03  .33070810E+03  .25951360E+06  .25213530E+07 -.39765320E-01  .41366110E+04
 .99936040E+03  .31892210E+03  .21079650E+06  .24909100E+07 -.33134080E-01  .41303940E+04
 .10038290E+04  .30754000E+03  .16381680E+06  .24352610E+07 -.26418900E-01  .41246070E+04
 .10072710E+04  .29654880E+03  .11851490E+06  .23512160E+07 -.19397670E-01  .41186560E+04
 .10096110E+04  .28593540E+03  .74833240E+05  .22378610E+07 -.11616720E-01  .41128080E+04
 .10106800E+04  .27568880E+03  .32715960E+05  .20996000E+07 -.23024270E-02  .41082140E+04
 .10101610E+04  .26580190E+03 -.78913720E+04  .19494640E+07  .98348900E-02  .41070270E+04
 .31584550E+03  .64747810E+03  .21075250E+07  .12381070E+06 -.36970530E+00  .34430920E+07
 .29588260E+03  .64749180E+03  .21437850E+07  .12522110E+06 -.34335900E+00  .17893090E+07
 .27737270E+03  .64752610E+03  .21800450E+07  .12773600E+06 -.31789100E+00  .68869140E+06
 .26025660E+03  .64760680E+03  .22163080E+07  .13117200E+06 -.29360780E+00  .31827790E+06
 .24446380E+03  .64776570E+03  .22525780E+07  .13541930E+06 -.27065170E+00  .17255750E+06
 .22991710E+03  .64804000E+03  .22888600E+07  .14039550E+06 -.24911670E+00  .10517670E+06
 .21653480E+03  .64846890E+03  .23251620E+07  .14602200E+06 -.22907370E+00  .69956150E+05
 .20423220E+03  .64909080E+03  .23614920E+07  .15221560E+06 -.21056300E+00  .49731390E+05
 .19292320E+03  .64994240E+03  .23978640E+07  .15888720E+06 -.19358400E+00  .37223210E+05
 .18252300E+03  .65105710E+03  .24342910E+07  .16594460E+06 -.17809390E+00  .29009560E+05
 .17295030E+03  .65246580E+03  .24707880E+07  .17329620E+06 -.16401400E+00  .23343840E+05
 .16412900E+03  .65419670E+03  .25073730E+07  .18085770E+06 -.15124030E+00  .19272800E+05
 .15598920E+03  .65627610E+03  .25440650E+07  .18856060E+06 -.13965540E+00  .16246380E+05
 .14846770E+03  .65872910E+03  .25808830E+07  .19636410E+06 -.12913940E+00  .13931800E+05
 .14846770E+03  .65872910E+03  .25808830E+07  .19636410E+06 -.12913940E+00  .13931800E+05
 .13414820E+03  .66543730E+03  .26602630E+07  .21353140E+06 -.11036710E+00  .10206120E+05
 .12184680E+03  .67428940E+03  .27406250E+07  .23473710E+06 -.95274570E-01  .81269730E+04
 .11115840E+03  .68550910E+03  .28221870E+07  .25854080E+06 -.83284960E-01  .65486220E+04
 .10177600E+03  .69955360E+03  .29052600E+07  .28411610E+06 -.73369600E-01  .53860280E+04
 .93493580E+02  .71676540E+03  .29902060E+07  .31075840E+06 -.64868760E-01  .45599380E+04
 .86165060E+02  .73730020E+03  .30774170E+07  .33794330E+06 -.57435430E-01  .39840120E+04
 .79671750E+02  .76117540E+03  .31672920E+07  .36539910E+06 -.50936970E-01  .35764540E+04
 .73905430E+02  .78837440E+03  .32602320E+07  .39311610E+06 -.45305670E-01  .32786220E+04
 .68767850E+02  .81886990E+03  .33566340E+07  .42113980E+06 -.40437300E-01  .30591620E+04
 .64174980E+02  .85257200E+03  .34568890E+07  .44944600E+06 -.36207420E-01  .29021280E+04
 .60056550E+02  .88930680E+03  .35613730E+07  .47797930E+06 -.32516640E-01  .27950840E+04
 .56352070E+02  .92886270E+03  .36704360E+07  .50672670E+06 -.29299370E-01  .27252270E+04
 .53007730E+02  .97105690E+03  .37844050E+07  .53573800E+06 -.26506320E-01  .26807490E+04
 .49975490E+02  .10157710E+04  .39035900E+07  .56510610E+06 -.24089810E-01  .26525890E+04
 .47213080E+02  .10629540E+04  .40282890E+07  .59494430E+06 -.22000850E-01  .26347190E+04
 .44684080E+02  .11126030E+04  .41587980E+07  .62537470E+06 -.20192060E-01  .26234470E+04
 .10000000E+02  .28000000E+02  .00000000E+00  .14000000E+02  .17000000E+02  .70908650E+04
 .31591010E+03  .64750780E+03  .21075510E+07  .12385320E+06 -.36971240E+00  .29516190E+07
 .33735720E+03  .64749160E+03  .20712910E+07  .12388590E+06 -.39617370E+00  .15107710E+07
 .36025420E+03  .64744910E+03  .20350320E+07  .12593560E+06 -.42112800E+00  .53032140E+06
 .38444240E+03  .64733430E+03  .19987780E+07  .13089610E+06 -.44170450E+00  .20718420E+06
 .40956880E+03  .64706430E+03  .19625340E+07  .13766860E+06 -.45397250E+00  .93906870E+05
 .43508650E+03  .64651690E+03  .19263120E+07  .15111570E+06 -.45559120E+00  .49434880E+05
 .46041950E+03  .64555460E+03  .18901310E+07  .17440740E+06 -.44791140E+00  .29812880E+05
 .48515300E+03  .64405790E+03  .18540200E+07  .20946230E+06 -.43485360E+00  .20107130E+05
 .50907940E+03  .64195010E+03  .18180080E+07  .25638070E+06 -.41934610E+00  .14821680E+05
 .53207600E+03  .63921100E+03  .17821330E+07  .31105480E+06 -.40143380E+00  .11755450E+05
 .53207600E+03  .63921100E+03  .17821330E+07  .31105480E+06 -.40143380E+00  .11755450E+05
 .58737420E+03  .62930570E+03  .16869560E+07  .41474240E+06 -.32847130E+00  .84612810E+04
 .63237990E+03  .61724750E+03  .15936510E+07  .55980490E+06 -.28592360E+00  .69727670E+04
 .67280790E+03  .60319080E+03  .15021000E+07  .71909430E+06 -.25416560E+00  .61346360E+04
 .70887600E+03  .58790470E+03  .14127550E+07  .88235040E+06 -.22743310E+00  .55978630E+04
 .74122620E+03  .57180870E+03  .13257690E+07  .10492880E+07 -.20448210E+00  .52351690E+04
 .77038130E+03  .55523330E+03  .12412360E+07  .12170160E+07 -.18474340E+00  .49794680E+04
 .79678210E+03  .53842850E+03  .11592100E+07  .13812700E+07 -.16766360E+00  .47921050E+04
 .82078630E+03  .52157870E+03  .10797100E+07  .15381570E+07 -.15270590E+00  .46504830E+04
 .84267770E+03  .50482090E+03  .10027320E+07  .16850840E+07 -.13942850E+00  .45410500E+04
 .86268230E+03  .48825740E+03  .92825400E+06  .18207960E+07 -.12750270E+00  .44551660E+04
 .88098410E+03  .47196440E+03  .85624110E+06  .19449500E+07 -.11668960E+00  .43868940E+04
 .89773570E+03  .45599750E+03  .78664830E+06  .20576410E+07 -.10680670E+00  .43319670E+04
 .91306510E+03  .44039650E+03  .71942360E+06  .21590600E+07 -.97704180E-01  .42873390E+04
 .92707930E+03  .42518910E+03  .65450970E+06  .22493000E+07 -.89251700E-01  .42509130E+04
 .93986720E+03  .41039480E+03  .59184620E+06  .23282620E+07 -.81332610E-01  .42212890E+04
 .95150060E+03  .39602650E+03  .53136990E+06  .23955990E+07 -.73842230E-01  .41974970E+04
 .96203660E+03  .38209230E+03  .47301650E+06  .24506660E+07 -.66686290E-01  .41787290E+04
 .97151890E+03  .36859580E+03  .41672040E+06  .24924600E+07 -.59778380E-01  .41641550E+04
 .97997840E+03  .35553650E+03  .36241590E+06  .25195390E+07 -.53037010E-01  .41528570E+04
 .98743440E+03  .34290990E+03  .31003780E+06  .25299820E+07 -.46386230E-01  .41439120E+04
 .99389580E+03  .33070850E+03  .25952170E+06  .25214040E+07 -.39765480E-01  .41365950E+04
 .99936360E+03  .31892230E+03  .21080450E+06  .24909580E+07 -.33134440E-01  .41303770E+04
 .10038320E+04  .30754020E+03  .16382480E+06  .24353060E+07 -.26419520E-01  .41245890E+04
 .10072750E+04  .29654900E+03  .11852290E+06  .23512560E+07 -.19398630E-01  .41186360E+04
 .10096140E+04  .28593550E+03  .74841160E+05  .22378950E+07 -.11618080E-01  .41127840E+04
 .10106840E+04  .27568880E+03  .32723870E+05  .20996290E+07 -.23042090E-02  .41081810E+04
 .10101660E+04  .26580180E+03 -.78834530E+04  .19494880E+07  .98328010E-02  .41069790E+04
 .31591010E+03  .64750780E+03  .21075510E+07  .12385320E+06 -.36971240E+00  .29516190E+07
 .29594650E+03  .64752310E+03  .21438120E+07  .12525890E+06 -.34337720E+00  .16506340E+07
 .27743530E+03  .64755920E+03  .21800740E+07  .12777000E+06 -.31791720E+00  .66776310E+06
 .26031760E+03  .64764140E+03  .22163390E+07  .13120260E+06 -.29363980E+00  .31391540E+06
 .24452280E+03  .64780190E+03  .22526110E+07  .13544710E+06 -.27068770E+00  .17133430E+06
 .22997400E+03  .64807780E+03  .22888950E+07  .14042080E+06 -.24915520E+00  .10474950E+06
 .21658960E+03  .64850800E+03  .23251990E+07  .14604500E+06 -.22911340E+00  .69780060E+05
 .20428470E+03  .64913120E+03  .23615320E+07  .15223650E+06 -.21060270E+00  .49648860E+05
 .19297350E+03  .64998400E+03  .23979060E+07  .15890620E+06 -.19362290E+00  .37180390E+05
 .18257120E+03  .65109990E+03  .24343350E+07  .16596180E+06 -.17813130E+00  .28985480E+05
 .17299650E+03  .65250960E+03  .24708340E+07  .17331190E+06 -.16404950E+00  .23329410E+05
 .16417320E+03  .65424150E+03  .25074220E+07  .18087250E+06 -.15127370E+00  .19263750E+05
 .15603160E+03  .65632200E+03  .25441160E+07  .18857510E+06 -.13968660E+00  .16240500E+05
 .14850840E+03  .65877590E+03  .25809370E+07  .19637920E+06 -.12916850E+00  .13927910E+05
 .14850840E+03  .65877590E+03  .25809370E+07  .19637920E+06 -.12916850E+00  .13927910E+05
 .13418570E+03  .66548630E+03  .26603220E+07  .21355450E+06 -.11039590E+00  .10204110E+05
 .12188090E+03  .67434080E+03  .27406900E+07  .23476770E+06 -.95301950E-01  .81255970E+04
 .11118940E+03  .68556300E+03  .28222590E+07  .25857600E+06 -.83309720E-01  .65477320E+04
 .10180410E+03  .69961030E+03  .29053390E+07  .28415370E+06 -.73391240E-01  .53855120E+04
 .93519320E+02  .71682470E+03  .29902920E+07  .31079720E+06 -.64887390E-01  .45596810E+04
 .86188740E+02  .73736210E+03  .30775100E+07  .33798250E+06 -.57451390E-01  .39839140E+04
 .79693650E+02  .76123960E+03  .31673930E+07  .36543850E+06 -.50950740E-01  .35764440E+04
 .73925780E+02  .78844070E+03  .32603400E+07  .39315580E+06 -.45317690E-01  .32786590E+04
 .68786840E+02  .81893820E+03  .33567500E+07  .42118010E+06 -.40447890E-01  .30592280E+04
 .64192780E+02  .85264230E+03  .34570140E+07  .44948690E+06 -.36216800E-01  .29022150E+04
 .60073280E+02  .88937890E+03  .35615060E+07  .47802090E+06 -.32525000E-01  .27951840E+04
 .56367850E+02  .92893650E+03  .36705780E+07  .50676910E+06 -.29306870E-01  .27253330E+04
 .53022660E+02  .97113230E+03  .37845560E+07  .53578130E+06 -.26513090E-01  .26808550E+04
 .49989640E+02  .10158480E+04  .39037500E+07  .56515030E+06 -.24095980E-01  .26526900E+04
 .47226520E+02  .10630330E+04  .40284580E+07  .59498940E+06 -.22006520E-01  .26348140E+04
 .44696870E+02  .11126840E+04  .41589770E+07  .62542100E+06 -.20197310E-01  .26235330E+04
 .10000000E+02  .28000000E+02  .00000000E+00  .14000000E+02  .17000000E+02  .70908650E+04
 .31597470E+03  .64753740E+03  .21075760E+07  .12389570E+06 -.36971940E+00  .25830140E+07
 .33742170E+03  .64751950E+03  .20713140E+07  .12393450E+06 -.39616510E+00  .14038240E+07
 .36031770E+03  .64747500E+03  .20350540E+07  .12599200E+06 -.42109800E+00  .51556710E+06
 .38450350E+03  .64735820E+03  .19987980E+07  .13096210E+06 -.44164780E+00  .20467940E+06
 .40962680E+03  .64708590E+03  .19625530E+07  .13795240E+06 -.45390270E+00  .93341160E+05
 .43513940E+03  .64653620E+03  .19263300E+07  .15128700E+06 -.45547920E+00  .49274280E+05
 .46046540E+03  .64557150E+03  .18901490E+07  .17452310E+06 -.44777560E+00  .29758240E+05
 .48519110E+03  .64407270E+03  .18540360E+07  .20955350E+06 -.43471940E+00  .20085460E+05
 .50911070E+03  .64196300E+03  .18180240E+07  .25646720E+06 -.41923320E+00  .14811580E+05
 .53210170E+03  .63922240E+03  .17821480E+07  .31115640E+06 -.40135170E+00  .11749820E+05
 .53210170E+03  .63922240E+03  .17821480E+07  .31115640E+06 -.40135170E+00  .11749820E+05
 .58739350E+03  .62931340E+03  .16869700E+07  .41491770E+06 -.32845940E+00  .84587300E+04
 .63239420E+03  .61725320E+03  .15936640E+07  .55990600E+06 -.28589670E+00  .69720540E+04
 .67281900E+03  .60319530E+03  .15021120E+07  .71918840E+06 -.25414900E+00  .61342580E+04
 .70888510E+03  .58790840E+03  .14127670E+07  .88243980E+06 -.22742180E+00  .55976340E+04
 .74123380E+03  .57181160E+03  .13257800E+07  .10493750E+07 -.20447400E+00  .52350190E+04
 .77038790E+03  .55523580E+03  .12412470E+07  .12171000E+07 -.18473740E+00  .49793630E+04
 .79678790E+03  .53843050E+03  .11592200E+07  .13813520E+07 -.16765910E+00  .47920300E+04
 .82079150E+03  .52158040E+03  .10797200E+07  .15382370E+07 -.15270250E+00  .46504250E+04
 .84268240E+03  .50482240E+03  .10027410E+07  .16851610E+07 -.13942580E+00  .45410040E+04
 .86268670E+03  .48825880E+03  .92826330E+06  .18208700E+07 -.12750060E+00  .44551290E+04
 .88098820E+03  .47196570E+03  .85625020E+06  .19450220E+07 -.11668790E+00  .43868630E+04
 .89773950E+03  .45599860E+03  .78665730E+06  .20577100E+07 -.10680530E+00  .43319410E+04
 .91306870E+03  .44039740E+03  .71943230E+06  .21591260E+07 -.97703080E-01  .42873160E+04
 .92708290E+03  .42519000E+03  .65451830E+06  .22493640E+07 -.89250800E-01  .42508930E+04
 .93987070E+03  .41039550E+03  .59185470E+06  .23283240E+07 -.81331890E-01  .42212710E+04
 .95150390E+03  .39602720E+03  .53137840E+06  .23956590E+07 -.73841670E-01  .41974790E+04
 .96203990E+03  .38209290E+03  .47302480E+06  .24507250E+07 -.66685860E-01  .41787120E+04
 .97152200E+03  .36859630E+03  .41672860E+06  .24925160E+07 -.59778090E-01  .41641400E+04
 .97998160E+03  .35553700E+03  .36242410E+06  .25195940E+07 -.53036850E-01  .41528420E+04
 .98743760E+03  .34291030E+03  .31004590E+06  .25300360E+07 -.46386220E-01  .41438970E+04
 .99389890E+03  .33070880E+03  .25952970E+06  .25214550E+07 -.39765640E-01  .41365790E+04
 .99936680E+03  .31892260E+03  .21081250E+06  .24910070E+07 -.33134810E-01  .41303610E+04
 .10038350E+04  .30754040E+03  .16383270E+06  .24353500E+07 -.26420140E-01  .41245710E+04
 .10072780E+04  .29654920E+03  .11853080E+06  .23512960E+07 -.19399580E-01  .41186150E+04
 .10096180E+04  .28593560E+03  .74849090E+05  .22379300E+07 -.11619430E-01  .41127590E+04
 .10106880E+04  .27568880E+03  .32731790E+05  .20996570E+07 -.23059910E-02  .41081470E+04
 .10101700E+04  .26580180E+03 -.78755330E+04  .19495110E+07  .98307130E-02  .41069310E+04
 .31597470E+03  .64753740E+03  .21075760E+07  .12389570E+06 -.36971940E+00  .25830140E+07
 .29601030E+03  .64755450E+03  .21438390E+07  .12529670E+06 -.34339540E+00  .15319400E+07
 .27749790E+03  .64759220E+03  .21801030E+07  .12780390E+06 -.31794340E+00  .64807460E+06
 .26037850E+03  .64767610E+03  .22163700E+07  .13123330E+06 -.29367170E+00  .30967190E+06
 .24458190E+03  .64783810E+03  .22526440E+07  .13547490E+06 -.27072360E+00  .17012850E+06
 .23003100E+03  .64811540E+03  .22889300E+07  .14044600E+06 -.24919370E+00  .10432580E+06
 .21664440E+03  .64854710E+03  .23252360E+07  .14606790E+06 -.22915310E+00  .69604900E+05
 .20433730E+03  .64917160E+03  .23615710E+07  .15225730E+06 -.21064250E+00  .49566620E+05
 .19302380E+03  .65002560E+03  .23979470E+07  .15892500E+06 -.19366180E+00  .37137680E+05
 .18261940E+03  .65114260E+03  .24343780E+07  .16597890E+06 -.17816870E+00  .28961440E+05
 .17304260E+03  .65255350E+03  .24708810E+07  .17332770E+06 -.16408500E+00  .23315020E+05
 .16421750E+03  .65428640E+03  .25074700E+07  .18088720E+06 -.15130710E+00  .19254700E+05
 .15607410E+03  .65636790E+03  .25441670E+07  .18858950E+06 -.13971780E+00  .16234630E+05
 .14854910E+03  .65882280E+03  .25809910E+07  .19639430E+06 -.12919760E+00  .13924020E+05
 .14854910E+03  .65882280E+03  .25809910E+07  .19639430E+06 -.12919760E+00  .13924020E+05
 .13422320E+03  .66553540E+03  .26603820E+07  .21357770E+06 -.11042470E+00  .10202110E+05
 .12191490E+03  .67439200E+03  .27407560E+07  .23479840E+06 -.95329330E-01  .81242200E+04
 .11122030E+03  .68561690E+03  .28223310E+07  .25861130E+06 -.83334470E-01  .65468420E+04
 .10183230E+03  .69966690E+03  .29054170E+07  .28419130E+06 -.73412880E-01  .53849970E+04
 .93545060E+02  .71688410E+03  .29903780E+07  .31083600E+06 -.64906020E-01  .45594240E+04
 .86212400E+02  .73742390E+03  .30776030E+07  .33802180E+06 -.57467350E-01  .39838170E+04
 .79715540E+02  .76130370E+03  .31674930E+07  .36547790E+06 -.50964500E-01  .35764350E+04
 .73946130E+02  .78850710E+03  .32604480E+07  .39319560E+06 -.45329710E-01  .32786960E+04
 .68805830E+02  .81900670E+03  .33568670E+07  .42122040E+06 -.40458480E-01  .30592940E+04
 .64210580E+02  .85271260E+03  .34571380E+07  .44952780E+06 -.36226180E-01  .29023010E+04
 .60090020E+02  .88945100E+03  .35616390E+07  .47806250E+06 -.32533350E-01  .27952840E+04
 .56383640E+02  .92901030E+03  .36707190E+07  .50681150E+06 -.29314360E-01  .27254390E+04
 .53037590E+02  .97120780E+03  .37847070E+07  .53582450E+06 -.26519860E-01  .26809610E+04
 .50003800E+02  .10159250E+04  .39039100E+07  .56519450E+06 -.24102160E-01  .26527910E+04
 .47239970E+02  .10631120E+04  .40286280E+07  .59503460E+06 -.22012190E-01  .26349080E+04
 .44709660E+02  .11127650E+04  .41591550E+07  .62546730E+06 -.20202550E-01  .26236190E+04
 .10000000E+02  .28000000E+02  .00000000E+00  .14000000E+02  .17000000E+02  .70908650E+04
 .31603920E+03  .64756700E+03  .21076010E+07  .12393830E+06 -.36972640E+00  .22963220E+07
 .33748630E+03  .64754720E+03  .20713380E+07  .12398310E+06 -.39615650E+00  .13110370E+07
 .36038130E+03  .64750100E+03  .20350770E+07  .12604830E+06 -.42106790E+00  .50161450E+06
 .38456460E+03  .64738210E+03  .19988190E+07  .13102810E+06 -.44159120E+00  .20223520E+06
 .40968470E+03  .64710750E+03  .19625730E+07  .13823620E+06 -.45383420E+00  .92782180E+05
 .43519220E+03  .64655540E+03  .19263480E+07  .15145780E+06 -.45536790E+00  .49114760E+05
 .46051120E+03  .64558840E+03  .18901660E+07  .17463840E+06 -.44764020E+00  .29703830E+05
 .48522930E+03  .64408750E+03  .18540530E+07  .20964440E+06 -.43458550E+00  .20063850E+05
 .50914180E+03  .64197600E+03  .18180400E+07  .25655350E+06 -.41912030E+00  .14801510E+05
 .53212740E+03  .63923370E+03  .17821630E+07  .31125790E+06 -.40126970E+00  .11744200E+05
 .53212740E+03  .63923370E+03  .17821630E+07  .31125790E+06 -.40126970E+00  .11744200E+05
 .58741280E+03  .62932100E+03  .16869830E+07  .41509300E+06 -.32844760E+00  .84561830E+04
 .63240840E+03  .61725890E+03  .15936760E+07  .56000720E+06 -.28586990E+00  .69713410E+04
 .67283010E+03  .60319980E+03  .15021240E+07  .71928260E+06 -.25413240E+00  .61338800E+04
 .70889410E+03  .58791200E+03  .14127780E+07  .88252910E+06 -.22741050E+00  .55974050E+04
 .74124140E+03  .57181460E+03  .13257900E+07  .10494610E+07 -.20446580E+00  .52348690E+04
 .77039450E+03  .55523830E+03  .12412570E+07  .12171850E+07 -.18473140E+00  .49792590E+04
 .79679370E+03  .53843270E+03  .11592300E+07  .13814350E+07 -.16765460E+00  .47919540E+04
 .82079680E+03  .52158230E+03  .10797300E+07  .15383160E+07 -.15269910E+00  .46503670E+04
 .84268720E+03  .50482400E+03  .10027510E+07  .16852380E+07 -.13942320E+00  .45409580E+04
 .86269110E+03  .48826020E+03  .92827260E+06  .18209450E+07 -.12749860E+00  .44550920E+04
 .88099230E+03  .47196690E+03  .85625930E+06  .19450930E+07 -.11668620E+00  .43868320E+04
 .89774340E+03  .45599970E+03  .78666620E+06  .20577790E+07 -.10680400E+00  .43319150E+04
 .91307240E+03  .44039830E+03  .71944110E+06  .21591920E+07 -.97701990E-01  .42872940E+04
 .92708650E+03  .42519080E+03  .65452690E+06  .22494280E+07 -.89249920E-01  .42508730E+04
 .93987410E+03  .41039630E+03  .59186320E+06  .23283860E+07 -.81331170E-01  .42212530E+04
 .95150730E+03  .39602780E+03  .53138680E+06  .23957190E+07 -.73841090E-01  .41974630E+04
 .96204310E+03  .38209340E+03  .47303310E+06  .24507830E+07 -.66685430E-01  .41786970E+04
 .97152530E+03  .36859680E+03  .41673680E+06  .24925730E+07 -.59777790E-01  .41641250E+04
 .97998480E+03  .35553740E+03  .36243220E+06  .25196490E+07 -.53036690E-01  .41528270E+04
 .98744080E+03  .34291070E+03  .31005400E+06  .25300890E+07 -.46386210E-01  .41438810E+04
 .99390210E+03  .33070910E+03  .25953780E+06  .25215060E+07 -.39765800E-01  .41365630E+04
 .99937010E+03  .31892290E+03  .21082050E+06  .24910550E+07 -.33135170E-01  .41303450E+04
 .10038390E+04  .30754060E+03  .16384070E+06  .24353950E+07 -.26420770E-01  .41245540E+04
 .10072810E+04  .29654930E+03  .11853870E+06  .23513350E+07 -.19400540E-01  .41185950E+04
 .10096210E+04  .28593570E+03  .74857020E+05  .22379640E+07 -.11620790E-01  .41127340E+04
 .10106920E+04  .27568880E+03  .32739700E+05  .20996850E+07 -.23077720E-02  .41081140E+04
 .10101740E+04  .26580170E+03 -.78676140E+04  .19495350E+07  .98286240E-02  .41068830E+04
 .31603920E+03  .64756700E+03  .21076010E+07  .12393830E+06 -.36972640E+00  .22963220E+07
 .29607420E+03  .64758590E+03  .21438660E+07  .12533450E+06 -.34341350E+00  .14291990E+07
 .27756050E+03  .64762520E+03  .21801310E+07  .12783780E+06 -.31796950E+00  .62951900E+06
 .26043950E+03  .64771070E+03  .22164010E+07  .13126390E+06 -.29370360E+00  .30554260E+06
 .24464090E+03  .64787430E+03  .22526760E+07  .13550270E+06 -.27075960E+00  .16893990E+06
 .23008800E+03  .64815310E+03  .22889650E+07  .14047130E+06 -.24923210E+00  .10390560E+06
 .21669910E+03  .64858610E+03  .23252720E+07  .14609080E+06 -.22919270E+00  .69430660E+05
 .20438980E+03  .64921200E+03  .23616100E+07  .15227810E+06 -.21068220E+00  .49484670E+05
 .19307420E+03  .65006720E+03  .23979890E+07  .15894390E+06 -.19370070E+00  .37095080E+05
 .18266760E+03  .65118540E+03  .24344220E+07  .16599600E+06 -.17820610E+00  .28937460E+05
 .17308880E+03  .65259740E+03  .24709270E+07  .17334330E+06 -.16412050E+00  .23300640E+05
 .16426170E+03  .65433140E+03  .25075190E+07  .18090190E+06 -.15134040E+00  .19245670E+05
 .15611650E+03  .65641380E+03  .25442180E+07  .18860390E+06 -.13974890E+00  .16228770E+05
 .14858990E+03  .65886960E+03  .25810450E+07  .19640950E+06 -.12922670E+00  .13920130E+05
 .14858990E+03  .65886960E+03  .25810450E+07  .19640950E+06 -.12922670E+00  .13920130E+05
 .13426060E+03  .66558440E+03  .26604410E+07  .21360090E+06 -.11045360E+00  .10200110E+05
 .12194900E+03  .67444340E+03  .27408220E+07  .23482900E+06 -.95356710E-01  .81228440E+04
 .11125130E+03  .68567080E+03  .28224020E+07  .25864650E+06 -.83359230E-01  .65459530E+04
 .10186040E+03  .69972360E+03  .29054960E+07  .28422890E+06 -.73434520E-01  .53844820E+04
 .93570790E+02  .71694340E+03  .29904630E+07  .31087480E+06 -.64924630E-01  .45591670E+04
 .86236070E+02  .73748580E+03  .30776950E+07  .33806100E+06 -.57483290E-01  .39837200E+04
 .79737430E+02  .76136790E+03  .31675930E+07  .36551730E+06 -.50978260E-01  .35764250E+04
 .73966470E+02  .78857340E+03  .32605570E+07  .39323530E+06 -.45341730E-01  .32787330E+04
 .68824820E+02  .81907500E+03  .33569830E+07  .42126060E+06 -.40469070E-01  .30593600E+04
 .64228370E+02  .85278280E+03  .34572630E+07  .44956880E+06 -.36235560E-01  .29023880E+04
 .60106750E+02  .88952310E+03  .35617720E+07  .47810420E+06 -.32541700E-01  .27953840E+04
 .56399420E+02  .92908410E+03  .36708610E+07  .50685390E+06 -.29321850E-01  .27255450E+04
 .53052520E+02  .97128320E+03  .37848580E+07  .53586780E+06 -.26526640E-01  .26810660E+04
 .50017950E+02  .10160030E+04  .39040700E+07  .56523870E+06 -.24108330E-01  .26528920E+04
 .47253410E+02  .10631910E+04  .40287970E+07  .59507980E+06 -.22017860E-01  .26350020E+04
 .44722450E+02  .11128460E+04  .41593340E+07  .62551360E+06 -.20207800E-01  .26237050E+04
 .10000000E+02  .28000000E+02  .00000000E+00  .14000000E+02  .17000000E+02  .70908650E+04
 .31610380E+03  .64759660E+03  .21076270E+07  .12398080E+06 -.36973340E+00  .20669670E+07
 .33755080E+03  .64757510E+03  .20713620E+07  .12403160E+06 -.39614780E+00  .12297730E+07
 .36044470E+03  .64752690E+03  .20350990E+07  .12610460E+06 -.42103780E+00  .48840000E+06
 .38462560E+03  .64740590E+03  .19988400E+07  .13109410E+06 -.44153450E+00  .19984930E+06
 .40974260E+03  .64712920E+03  .19625920E+07  .13851990E+06 -.45376720E+00  .92229800E+05
 .43524500E+03  .64657460E+03  .19263670E+07  .15162820E+06 -.45525740E+00  .48956310E+05
 .46055700E+03  .64560520E+03  .18901840E+07  .17475340E+06 -.44750510E+00  .29649660E+05
 .48526750E+03  .64410220E+03  .18540690E+07  .20973500E+06 -.43445170E+00  .20042310E+05
 .50917300E+03  .64198890E+03  .18180550E+07  .25663960E+06 -.41900750E+00  .14791460E+05
 .53215310E+03  .63924510E+03  .17821780E+07  .31135920E+06 -.40118760E+00  .11738590E+05
 .53215310E+03  .63924510E+03  .17821780E+07  .31135920E+06 -.40118760E+00  .11738590E+05
 .58743210E+03  .62932860E+03  .16869970E+07  .41526830E+06 -.32843570E+00  .84536370E+04
 .63242270E+03  .61726460E+03  .15936890E+07  .56010830E+06 -.28584310E+00  .69706280E+04
 .67284120E+03  .60320420E+03  .15021360E+07  .71937680E+06 -.25411570E+00  .61335010E+04
 .70890320E+03  .58791560E+03  .14127890E+07  .88261850E+06 -.22739920E+00  .55971760E+04
 .74124900E+03  .57181760E+03  .13258010E+07  .10495480E+07 -.20445770E+00  .52347180E+04
 .77040100E+03  .55524080E+03  .12412680E+07  .12172690E+07 -.18472540E+00  .49791540E+04
 .79679950E+03  .53843480E+03  .11592400E+07  .13815170E+07 -.16765010E+00  .47918770E+04
 .82080190E+03  .52158410E+03  .10797390E+07  .15383960E+07 -.15269560E+00  .46503090E+04
 .84269200E+03  .50482560E+03  .10027600E+07  .16853160E+07 -.13942050E+00  .45409130E+04
 .86269550E+03  .48826160E+03  .92828180E+06  .18210190E+07 -.12749650E+00  .44550550E+04
 .88099640E+03  .47196800E+03  .85626840E+06  .19451650E+07 -.11668460E+00  .43868010E+04
 .89774730E+03  .45600070E+03  .78667510E+06  .20578480E+07 -.10680260E+00  .43318890E+04
 .91307620E+03  .44039930E+03  .71944990E+06  .21592590E+07 -.97700890E-01  .42872710E+04
 .92709000E+03  .42519160E+03  .65453560E+06  .22494920E+07 -.89249020E-01  .42508530E+04
 .93987750E+03  .41039700E+03  .59187170E+06  .23284480E+07 -.81330450E-01  .42212350E+04
 .95151060E+03  .39602850E+03  .53139520E+06  .23957790E+07 -.73840530E-01  .41974460E+04
 .96204640E+03  .38209400E+03  .47304140E+06  .24508420E+07 -.66685000E-01  .41786810E+04
 .97152850E+03  .36859730E+03  .41674510E+06  .24926300E+07 -.59777490E-01  .41641090E+04
 .97998790E+03  .35553780E+03  .36244040E+06  .25197040E+07 -.53036530E-01  .41528120E+04
 .98744400E+03  .34291110E+03  .31006210E+06  .25301420E+07 -.46386200E-01  .41438660E+04
 .99390530E+03  .33070940E+03  .25954580E+06  .25215570E+07 -.39765960E-01  .41365470E+04
 .99937320E+03  .31892310E+03  .21082850E+06  .24911030E+07 -.33135540E-01  .41303280E+04
 .10038420E+04  .30754080E+03  .16384870E+06  .24354390E+07 -.26421390E-01  .41245360E+04
 .10072850E+04  .29654950E+03  .11854670E+06  .23513750E+07 -.19401490E-01  .41185750E+04
 .10096250E+04  .28593580E+03  .74864940E+05  .22379980E+07 -.11622140E-01  .41127090E+04
 .10106960E+04  .27568890E+03  .32747620E+05  .20997140E+07 -.23095540E-02  .41080810E+04
 .10101780E+04  .26580160E+03 -.78596940E+04  .19495590E+07  .98265360E-02  .41068340E+04
 .31610380E+03  .64759660E+03  .21076270E+07  .12398080E+06 -.36973340E+00  .20669670E+07
 .29613800E+03  .64761720E+03  .21438930E+07  .12537230E+06 -.34343160E+00  .13393970E+07
 .27762300E+03  .64765830E+03  .21801600E+07  .12787170E+06 -.31799560E+00  .61200120E+06
 .26050040E+03  .64774540E+03  .22164310E+07  .13129460E+06 -.29373550E+00  .30152310E+06
 .24470000E+03  .64791050E+03  .22527090E+07  .13553050E+06 -.27079550E+00  .16776810E+06
 .23014490E+03  .64819070E+03  .22889990E+07  .14049650E+06 -.24927050E+00  .10348900E+06
 .21675390E+03  .64862510E+03  .23253090E+07  .14611370E+06 -.22923230E+00  .69257310E+05
 .20444240E+03  .64925230E+03  .23616490E+07  .15229880E+06 -.21072180E+00  .49403020E+05
 .19312450E+03  .65010880E+03  .23980300E+07  .15896270E+06 -.19373950E+00  .37052590E+05
 .18271580E+03  .65122810E+03  .24344660E+07  .16601310E+06 -.17824350E+00  .28913520E+05
 .17313490E+03  .65264120E+03  .24709730E+07  .17335900E+06 -.16415600E+00  .23286290E+05
 .16430590E+03  .65437620E+03  .25075680E+07  .18091660E+06 -.15137380E+00  .19236660E+05
 .15615890E+03  .65645960E+03  .25442700E+07  .18861830E+06 -.13978010E+00  .16222910E+05
 .14863060E+03  .65891640E+03  .25810980E+07  .19642460E+06 -.12925580E+00  .13916250E+05
 .14863060E+03  .65891640E+03  .25810980E+07  .19642460E+06 -.12925580E+00  .13916250E+05
 .13429810E+03  .66563340E+03  .26605010E+07  .21362410E+06 -.11048240E+00  .10198110E+05
 .12198310E+03  .67449460E+03  .27408870E+07  .23485970E+06 -.95384100E-01  .81214680E+04
 .11128220E+03  .68572470E+03  .28224740E+07  .25868180E+06 -.83383970E-01  .65450630E+04
 .10188860E+03  .69978020E+03  .29055740E+07  .28426650E+06 -.73456150E-01  .53839680E+04
 .93596530E+02  .71700270E+03  .29905490E+07  .31091360E+06 -.64943250E-01  .45589110E+04
 .86259730E+02  .73754760E+03  .30777880E+07  .33810020E+06 -.57499240E-01  .39836230E+04
 .79759310E+02  .76143200E+03  .31676940E+07  .36555680E+06 -.50992020E-01  .35764160E+04
 .73986820E+02  .78863960E+03  .32606650E+07  .39327500E+06 -.45353740E-01  .32787700E+04
 .68843820E+02  .81914330E+03  .33570990E+07  .42130090E+06 -.40479650E-01  .30594260E+04
 .64246160E+02  .85285310E+03  .34573880E+07  .44960960E+06 -.36244930E-01  .29024740E+04
 .60123490E+02  .88959510E+03  .35619050E+07  .47814580E+06 -.32550050E-01  .27954840E+04
 .56415210E+02  .92915780E+03  .36710030E+07  .50689630E+06 -.29329340E-01  .27256510E+04
 .53067460E+02  .97135860E+03  .37850080E+07  .53591090E+06 -.26533410E-01  .26811720E+04
 .50032100E+02  .10160800E+04  .39042300E+07  .56528280E+06 -.24114500E-01  .26529930E+04
 .47266860E+02  .10632690E+04  .40289660E+07  .59512490E+06 -.22023530E-01  .26350960E+04
 .44735240E+02  .11129270E+04  .41595130E+07  .62555980E+06 -.20213040E-01  .26237920E+04
