 .10000000E+02  .28000000E+02  .00000000E+00  .14000000E+02  .17000000E+02  .70908650E+04
 .31610380E+03  .64759660E+03  .21076270E+07  .12398080E+06 -.36973340E+00  .20669670E+07
 .33755080E+03  .64757510E+03  .20713620E+07  .12403160E+06 -.39614780E+00  .12297730E+07
 .36044470E+03  .64752690E+03  .20350990E+07  .12610460E+06 -.42103780E+00  .48840000E+06
 .38462560E+03  .64740590E+03  .19988400E+07  .13109410E+06 -.44153450E+00  .19984930E+06
 .40974260E+03  .64712920E+03  .19625920E+07  .13851990E+06 -.45376720E+00  .92229800E+05
 .43524500E+03  .64657460E+03  .19263670E+07  .15162820E+06 -.45525740E+00  .48956310E+05
 .46055700E+03  .64560520E+03  .18901840E+07  .17475340E+06 -.44750510E+00  .29649660E+05
 .48526750E+03  .64410220E+03  .18540690E+07  .20973500E+06 -.43445170E+00  .20042310E+05
 .50917300E+03  .64198890E+03  .18180550E+07  .25663960E+06 -.41900750E+00  .14791460E+05
 .53215310E+03  .63924510E+03  .17821780E+07  .31135920E+06 -.40118760E+00  .11738590E+05
 .53215310E+03  .63924510E+03  .17821780E+07  .31135920E+06 -.40118760E+00  .11738590E+05
 .58743210E+03  .62932860E+03  .16869970E+07  .41526830E+06 -.32843570E+00  .84536370E+04
 .63242270E+03  .61726460E+03  .15936890E+07  .56010830E+06 -.28584310E+00  .69706280E+04
 .67284120E+03  .60320420E+03  .15021360E+07  .71937680E+06 -.25411570E+00  .61335010E+04
 .70890320E+03  .58791560E+03  .14127890E+07  .88261850E+06 -.22739920E+00  .55971760E+04
 .74124900E+03  .57181760E+03  .13258010E+07  .10495480E+07 -.20445770E+00  .52347180E+04
 .77040100E+03  .55524080E+03  .12412680E+07  .12172690E+07 -.18472540E+00  .49791540E+04
 .79679950E+03  .53843480E+03  .11592400E+07  .13815170E+07 -.16765010E+00  .47918770E+04
 .82080190E+03  .52158410E+03  .10797390E+07  .15383960E+07 -.15269560E+00  .46503090E+04
 .84269200E+03  .50482560E+03  .10027600E+07  .16853160E+07 -.13942050E+00  .45409130E+04
 .86269550E+03  .48826160E+03  .92828180E+06  .18210190E+07 -.12749650E+00  .44550550E+04
 .88099640E+03  .47196800E+03  .85626840E+06  .19451650E+07 -.11668460E+00  .43868010E+04
 .89774730E+03  .45600070E+03  .78667510E+06  .20578480E+07 -.10680260E+00  .43318890E+04
 .91307620E+03  .44039930E+03  .71944990E+06  .21592590E+07 -.97700890E-01  .42872710E+04
 .92709000E+03  .42519160E+03  .65453560E+06  .22494920E+07 -.89249020E-01  .42508530E+04
 .93987750E+03  .41039700E+03  .59187170E+06  .23284480E+07 -.81330450E-01  .42212350E+04
 .95151060E+03  .39602850E+03  .53139520E+06  .23957790E+07 -.73840530E-01  .41974460E+04
 .96204640E+03  .38209400E+03  .47304140E+06  .24508420E+07 -.66685000E-01  .41786810E+04
 .97152850E+03  .36859730E+03  .41674510E+06  .24926300E+07 -.59777490E-01  .41641090E+04
 .97998790E+03  .35553780E+03  .36244040E+06  .25197040E+07 -.53036530E-01  .41528120E+04
 .98744400E+03  .34291110E+03  .31006210E+06  .25301420E+07 -.46386200E-01  .41438660E+04
 .99390530E+03  .33070940E+03  .25954580E+06  .25215570E+07 -.39765960E-01  .41365470E+04
 .99937320E+03  .31892310E+03  .21082850E+06  .24911030E+07 -.33135540E-01  .41303280E+04
 .10038420E+04  .30754080E+03  .16384870E+06  .24354390E+07 -.26421390E-01  .41245360E+04
 .10072850E+04  .29654950E+03  .11854670E+06  .23513750E+07 -.19401490E-01  .41185750E+04
 .10096250E+04  .28593580E+03  .74864940E+05  .22379980E+07 -.11622140E-01  .41127090E+04
 .10106960E+04  .27568890E+03  .32747620E+05  .20997140E+07 -.23095540E-02  .41080810E+04
 .10101780E+04  .26580160E+03 -.78596940E+04  .19495590E+07  .98265360E-02  .41068340E+04
 .31610380E+03  .64759660E+03  .21076270E+07  .12398080E+06 -.36973340E+00  .20669670E+07
 .29613800E+03  .64761720E+03  .21438930E+07  .12537230E+06 -.34343160E+00  .13393970E+07
 .27762300E+03  .64765830E+03  .21801600E+07  .12787170E+06 -.31799560E+00  .61200120E+06
 .26050040E+03  .64774540E+03  .22164310E+07  .13129460E+06 -.29373550E+00  .30152310E+06
 .24470000E+03  .64791050E+03  .22527090E+07  .13553050E+06 -.27079550E+00  .16776810E+06
 .23014490E+03  .64819070E+03  .22889990E+07  .14049650E+06 -.24927050E+00  .10348900E+06
 .21675390E+03  .64862510E+03  .23253090E+07  .14611370E+06 -.22923230E+00  .69257310E+05
 .20444240E+03  .64925230E+03  .23616490E+07  .15229880E+06 -.21072180E+00  .49403020E+05
 .19312450E+03  .65010880E+03  .23980300E+07  .15896270E+06 -.19373950E+00  .37052590E+05
 .18271580E+03  .65122810E+03  .24344660E+07  .16601310E+06 -.17824350E+00  .28913520E+05
 .17313490E+03  .65264120E+03  .24709730E+07  .17335900E+06 -.16415600E+00  .23286290E+05
 .16430590E+03  .65437620E+03  .25075680E+07  .18091660E+06 -.15137380E+00  .19236660E+05
 .15615890E+03  .65645960E+03  .25442700E+07  .18861830E+06 -.13978010E+00  .16222910E+05
 .14863060E+03  .65891640E+03  .25810980E+07  .19642460E+06 -.12925580E+00  .13916250E+05
 .14863060E+03  .65891640E+03  .25810980E+07  .19642460E+06 -.12925580E+00  .13916250E+05
 .13429810E+03  .66563340E+03  .26605010E+07  .21362410E+06 -.11048240E+00  .10198110E+05
 .12198310E+03  .67449460E+03  .27408870E+07  .23485970E+06 -.95384100E-01  .81214680E+04
 .11128220E+03  .68572470E+03  .28224740E+07  .25868180E+06 -.83383970E-01  .65450630E+04
 .10188860E+03  .69978020E+03  .29055740E+07  .28426650E+06 -.73456150E-01  .53839680E+04
 .93596530E+02  .71700270E+03  .29905490E+07  .31091360E+06 -.64943250E-01  .45589110E+04
 .86259730E+02  .73754760E+03  .30777880E+07  .33810020E+06 -.57499240E-01  .39836230E+04
 .79759310E+02  .76143200E+03  .31676940E+07  .36555680E+06 -.50992020E-01  .35764160E+04
 .73986820E+02  .78863960E+03  .32606650E+07  .39327500E+06 -.45353740E-01  .32787700E+04
 .68843820E+02  .81914330E+03  .33570990E+07  .42130090E+06 -.40479650E-01  .30594260E+04
 .64246160E+02  .85285310E+03  .34573880E+07  .44960960E+06 -.36244930E-01  .29024740E+04
 .60123490E+02  .88959510E+03  .35619050E+07  .47814580E+06 -.32550050E-01  .27954840E+04
 .56415210E+02  .92915780E+03  .36710030E+07  .50689630E+06 -.29329340E-01  .27256510E+04
 .53067460E+02  .97135860E+03  .37850080E+07  .53591090E+06 -.26533410E-01  .26811720E+04
 .50032100E+02  .10160800E+04  .39042300E+07  .56528280E+06 -.24114500E-01  .26529930E+04
 .47266860E+02  .10632690E+04  .40289660E+07  .59512490E+06 -.22023530E-01  .26350960E+04
 .44735240E+02  .11129270E+04  .41595130E+07  .62555980E+06 -.20213040E-01  .26237920E+04
 .10000000E+02  .28000000E+02  .00000000E+00  .14000000E+02  .17000000E+02  .70908650E+04
 .31616830E+03  .64762620E+03  .21076520E+07  .12402330E+06 -.36974020E+00  .18793140E+07
 .33761530E+03  .64760290E+03  .20713850E+07  .12408020E+06 -.39613900E+00  .11580110E+07
 .36050810E+03  .64755280E+03  .20351210E+07  .12616100E+06 -.42100760E+00  .47586650E+06
 .38468660E+03  .64742980E+03  .19988610E+07  .13116010E+06 -.44147780E+00  .19751970E+06
 .40980020E+03  .64715080E+03  .19626120E+07  .13880360E+06 -.45370160E+00  .91683900E+05
 .43529780E+03  .64659390E+03  .19263850E+07  .15179820E+06 -.45514750E+00  .48798910E+05
 .46060280E+03  .64562210E+03  .18902010E+07  .17486800E+06 -.44737040E+00  .29595720E+05
 .48530560E+03  .64411700E+03  .18540850E+07  .20982540E+06 -.43431800E+00  .20020830E+05
 .50920420E+03  .64200180E+03  .18180710E+07  .25672560E+06 -.41889470E+00  .14781430E+05
 .53217880E+03  .63925630E+03  .17821930E+07  .31146040E+06 -.40110560E+00  .11732990E+05
 .53217880E+03  .63925630E+03  .17821930E+07  .31146040E+06 -.40110560E+00  .11732990E+05
 .58745130E+03  .62933620E+03  .16870110E+07  .41544350E+06 -.32842390E+00  .84510940E+04
 .63243700E+03  .61727040E+03  .15937020E+07  .56020940E+06 -.28581630E+00  .69699170E+04
 .67285240E+03  .60320870E+03  .15021470E+07  .71947090E+06 -.25409910E+00  .61331240E+04
 .70891220E+03  .58791930E+03  .14128000E+07  .88270790E+06 -.22738790E+00  .55969460E+04
 .74125670E+03  .57182060E+03  .13258120E+07  .10496340E+07 -.20444960E+00  .52345680E+04
 .77040760E+03  .55524330E+03  .12412780E+07  .12173530E+07 -.18471940E+00  .49790500E+04
 .79680530E+03  .53843690E+03  .11592500E+07  .13815990E+07 -.16764560E+00  .47918010E+04
 .82080710E+03  .52158590E+03  .10797490E+07  .15384760E+07 -.15269220E+00  .46502510E+04
 .84269670E+03  .50482720E+03  .10027700E+07  .16853930E+07 -.13941790E+00  .45408680E+04
 .86269990E+03  .48826290E+03  .92829110E+06  .18210940E+07 -.12749440E+00  .44550180E+04
 .88100050E+03  .47196930E+03  .85627740E+06  .19452360E+07 -.11668290E+00  .43867710E+04
 .89775120E+03  .45600180E+03  .78668400E+06  .20579160E+07 -.10680130E+00  .43318630E+04
 .91307980E+03  .44040020E+03  .71945860E+06  .21593250E+07 -.97699800E-01  .42872490E+04
 .92709360E+03  .42519250E+03  .65454430E+06  .22495560E+07 -.89248130E-01  .42508330E+04
 .93988100E+03  .41039780E+03  .59188020E+06  .23285100E+07 -.81329730E-01  .42212170E+04
 .95151390E+03  .39602910E+03  .53140360E+06  .23958390E+07 -.73839960E-01  .41974300E+04
 .96204960E+03  .38209460E+03  .47304980E+06  .24509000E+07 -.66684570E-01  .41786650E+04
 .97153170E+03  .36859780E+03  .41675330E+06  .24926870E+07 -.59777190E-01  .41640940E+04
 .97999110E+03  .35553830E+03  .36244860E+06  .25197600E+07 -.53036370E-01  .41527970E+04
 .98744710E+03  .34291150E+03  .31007020E+06  .25301950E+07 -.46386190E-01  .41438510E+04
 .99390840E+03  .33070970E+03  .25955380E+06  .25216080E+07 -.39766120E-01  .41365320E+04
 .99937650E+03  .31892340E+03  .21083650E+06  .24911510E+07 -.33135900E-01  .41303120E+04
 .10038450E+04  .30754100E+03  .16385660E+06  .24354840E+07 -.26422020E-01  .41245180E+04
 .10072880E+04  .29654960E+03  .11855460E+06  .23514150E+07 -.19402440E-01  .41185550E+04
 .10096290E+04  .28593590E+03  .74872860E+05  .22380320E+07 -.11623500E-01  .41126850E+04
 .10106990E+04  .27568890E+03  .32755530E+05  .20997420E+07 -.23113360E-02  .41080480E+04
 .10101820E+04  .26580150E+03 -.78517750E+04  .19495820E+07  .98244470E-02  .41067860E+04
 .31616830E+03  .64762620E+03  .21076520E+07  .12402330E+06 -.36974020E+00  .18793140E+07
 .29620180E+03  .64764850E+03  .21439200E+07  .12541000E+06 -.34344960E+00  .12602340E+07
 .27768560E+03  .64769120E+03  .21801890E+07  .12790560E+06 -.31802170E+00  .59543640E+06
 .26056140E+03  .64778000E+03  .22164620E+07  .13132520E+06 -.29376740E+00  .29760890E+06
 .24475900E+03  .64794670E+03  .22527420E+07  .13555820E+06 -.27083130E+00  .16661270E+06
 .23020190E+03  .64822840E+03  .22890340E+07  .14052170E+06 -.24930890E+00  .10307570E+06
 .21680870E+03  .64866410E+03  .23253460E+07  .14613660E+06 -.22927180E+00  .69084880E+05
 .20449490E+03  .64929260E+03  .23616880E+07  .15231960E+06 -.21076150E+00  .49321650E+05
 .19317480E+03  .65015030E+03  .23980710E+07  .15898150E+06 -.19377840E+00  .37010210E+05
 .18276390E+03  .65127080E+03  .24345100E+07  .16603020E+06 -.17828090E+00  .28889630E+05
 .17318110E+03  .65268490E+03  .24710190E+07  .17337460E+06 -.16419150E+00  .23271960E+05
 .16435010E+03  .65442100E+03  .25076170E+07  .18093130E+06 -.15140710E+00  .19227650E+05
 .15620130E+03  .65650540E+03  .25443210E+07  .18863270E+06 -.13981120E+00  .16217070E+05
 .14867130E+03  .65896320E+03  .25811520E+07  .19643970E+06 -.12928480E+00  .13912370E+05
 .14867130E+03  .65896320E+03  .25811520E+07  .19643970E+06 -.12928480E+00  .13912370E+05
 .13433550E+03  .66568240E+03  .26605600E+07  .21364730E+06 -.11051130E+00  .10196110E+05
 .12201710E+03  .67454590E+03  .27409530E+07  .23489050E+06 -.95411480E-01  .81200930E+04
 .11131310E+03  .68577860E+03  .28225460E+07  .25871710E+06 -.83408710E-01  .65441750E+04
 .10191670E+03  .69983680E+03  .29056530E+07  .28430420E+06 -.73477770E-01  .53834540E+04
 .93622250E+02  .71706200E+03  .29906340E+07  .31095230E+06 -.64961860E-01  .45586540E+04
 .86283390E+02  .73760940E+03  .30778810E+07  .33813940E+06 -.57515180E-01  .39835270E+04
 .79781190E+02  .76149620E+03  .31677940E+07  .36559610E+06 -.51005770E-01  .35764060E+04
 .74007160E+02  .78870590E+03  .32607730E+07  .39331470E+06 -.45365750E-01  .32788060E+04
 .68862800E+02  .81921160E+03  .33572150E+07  .42134110E+06 -.40490230E-01  .30594920E+04
 .64263960E+02  .85292330E+03  .34575120E+07  .44965050E+06 -.36254310E-01  .29025610E+04
 .60140220E+02  .88966710E+03  .35620380E+07  .47818740E+06 -.32558400E-01  .27955830E+04
 .56430990E+02  .92923150E+03  .36711450E+07  .50693860E+06 -.29336830E-01  .27257570E+04
 .53082380E+02  .97143400E+03  .37851590E+07  .53595420E+06 -.26540180E-01  .26812780E+04
 .50046260E+02  .10161570E+04  .39043900E+07  .56532690E+06 -.24120680E-01  .26530940E+04
 .47280300E+02  .10633480E+04  .40291350E+07  .59517010E+06 -.22029200E-01  .26351900E+04
 .44748030E+02  .11130080E+04  .41596920E+07  .62560610E+06 -.20218280E-01  .26238770E+04
 .10000000E+02  .28000000E+02  .00000000E+00  .14000000E+02  .17000000E+02  .70908650E+04
 .31623280E+03  .64765580E+03  .21076770E+07  .12406580E+06 -.36974710E+00  .17229360E+07
 .33767970E+03  .64763070E+03  .20714090E+07  .12412880E+06 -.39613020E+00  .10941760E+07
 .36057150E+03  .64757870E+03  .20351430E+07  .12621740E+06 -.42097740E+00  .46396270E+06
 .38474760E+03  .64745370E+03  .19988820E+07  .13122620E+06 -.44142100E+00  .19524440E+06
 .40985780E+03  .64717240E+03  .19626310E+07  .13908730E+06 -.45363740E+00  .91144340E+05
 .43535040E+03  .64661310E+03  .19264040E+07  .15196780E+06 -.45503850E+00  .48642550E+05
 .46064850E+03  .64563900E+03  .18902180E+07  .17498230E+06 -.44723600E+00  .29542000E+05
 .48534370E+03  .64413170E+03  .18541020E+07  .20991560E+06 -.43418450E+00  .19999420E+05
 .50923540E+03  .64201470E+03  .18180870E+07  .25681140E+06 -.41878200E+00  .14771440E+05
 .53220450E+03  .63926770E+03  .17822080E+07  .31156140E+06 -.40102360E+00  .11727410E+05
 .53220450E+03  .63926770E+03  .17822080E+07  .31156140E+06 -.40102360E+00  .11727410E+05
 .58747050E+03  .62934380E+03  .16870240E+07  .41561870E+06 -.32841200E+00  .84485540E+04
 .63245130E+03  .61727610E+03  .15937140E+07  .56031060E+06 -.28578950E+00  .69692050E+04
 .67286350E+03  .60321320E+03  .15021590E+07  .71956510E+06 -.25408260E+00  .61327460E+04
 .70892130E+03  .58792290E+03  .14128120E+07  .88279730E+06 -.22737650E+00  .55967170E+04
 .74126430E+03  .57182350E+03  .13258230E+07  .10497200E+07 -.20444140E+00  .52344180E+04
 .77041420E+03  .55524580E+03  .12412880E+07  .12174380E+07 -.18471340E+00  .49789450E+04
 .79681100E+03  .53843900E+03  .11592600E+07  .13816810E+07 -.16764110E+00  .47917250E+04
 .82081230E+03  .52158770E+03  .10797590E+07  .15385560E+07 -.15268880E+00  .46501930E+04
 .84270140E+03  .50482870E+03  .10027790E+07  .16854700E+07 -.13941520E+00  .45408220E+04
 .86270430E+03  .48826430E+03  .92830040E+06  .18211680E+07 -.12749230E+00  .44549810E+04
 .88100460E+03  .47197050E+03  .85628660E+06  .19453080E+07 -.11668120E+00  .43867400E+04
 .89775510E+03  .45600280E+03  .78669290E+06  .20579850E+07 -.10679990E+00  .43318370E+04
 .91308360E+03  .44040120E+03  .71946740E+06  .21593920E+07 -.97698700E-01  .42872260E+04
 .92709720E+03  .42519330E+03  .65455290E+06  .22496200E+07 -.89247240E-01  .42508130E+04
 .93988440E+03  .41039850E+03  .59188880E+06  .23285720E+07 -.81329010E-01  .42211990E+04
 .95151730E+03  .39602980E+03  .53141200E+06  .23958990E+07 -.73839390E-01  .41974130E+04
 .96205290E+03  .38209520E+03  .47305810E+06  .24509580E+07 -.66684130E-01  .41786490E+04
 .97153490E+03  .36859830E+03  .41676150E+06  .24927440E+07 -.59776890E-01  .41640790E+04
 .97999430E+03  .35553870E+03  .36245670E+06  .25198150E+07 -.53036210E-01  .41527820E+04
 .98745030E+03  .34291190E+03  .31007830E+06  .25302490E+07 -.46386170E-01  .41438350E+04
 .99391160E+03  .33071010E+03  .25956190E+06  .25216590E+07 -.39766280E-01  .41365160E+04
 .99937970E+03  .31892360E+03  .21084450E+06  .24911990E+07 -.33136270E-01  .41302950E+04
 .10038490E+04  .30754130E+03  .16386460E+06  .24355280E+07 -.26422640E-01  .41245000E+04
 .10072920E+04  .29654980E+03  .11856260E+06  .23514550E+07 -.19403400E-01  .41185350E+04
 .10096320E+04  .28593600E+03  .74880790E+05  .22380660E+07 -.11624850E-01  .41126600E+04
 .10107030E+04  .27568890E+03  .32763450E+05  .20997700E+07 -.23131180E-02  .41080150E+04
 .10101860E+04  .26580150E+03 -.78438560E+04  .19496060E+07  .98223590E-02  .41067380E+04
 .31623280E+03  .64765580E+03  .21076770E+07  .12406580E+06 -.36974710E+00  .17229360E+07
 .29626560E+03  .64767980E+03  .21439470E+07  .12544780E+06 -.34346760E+00  .11899260E+07
 .27774810E+03  .64772420E+03  .21802180E+07  .12793950E+06 -.31804770E+00  .57974910E+06
 .26062230E+03  .64781460E+03  .22164930E+07  .13135580E+06 -.29379920E+00  .29379610E+06
 .24481800E+03  .64798280E+03  .22527750E+07  .13558600E+06 -.27086720E+00  .16547340E+06
 .23025880E+03  .64826610E+03  .22890690E+07  .14054680E+06 -.24934720E+00  .10266580E+06
 .21686340E+03  .64870320E+03  .23253830E+07  .14615940E+06 -.22931140E+00  .68913340E+05
 .20454740E+03  .64933290E+03  .23617270E+07  .15234030E+06 -.21080110E+00  .49240570E+05
 .19322510E+03  .65019180E+03  .23981130E+07  .15900030E+06 -.19381720E+00  .36967940E+05
 .18281210E+03  .65131350E+03  .24345540E+07  .16604730E+06 -.17831830E+00  .28865790E+05
 .17322720E+03  .65272880E+03  .24710650E+07  .17339030E+06 -.16422690E+00  .23257660E+05
 .16439430E+03  .65446590E+03  .25076650E+07  .18094590E+06 -.15144040E+00  .19218660E+05
 .15624370E+03  .65655130E+03  .25443720E+07  .18864710E+06 -.13984240E+00  .16211230E+05
 .14871210E+03  .65901000E+03  .25812060E+07  .19645480E+06 -.12931390E+00  .13908500E+05
 .14871210E+03  .65901000E+03  .25812060E+07  .19645480E+06 -.12931390E+00  .13908500E+05
 .13437300E+03  .66573140E+03  .26606200E+07  .21367070E+06 -.11054010E+00  .10194100E+05
 .12205120E+03  .67459720E+03  .27410180E+07  .23492120E+06 -.95438860E-01  .81187180E+04
 .11134400E+03  .68583240E+03  .28226180E+07  .25875240E+06 -.83433460E-01  .65432870E+04
 .10194480E+03  .69989340E+03  .29057310E+07  .28434180E+06 -.73499400E-01  .53829400E+04
 .93647980E+02  .71712130E+03  .29907190E+07  .31099110E+06 -.64980460E-01  .45583980E+04
 .86307040E+02  .73767120E+03  .30779740E+07  .33817860E+06 -.57531120E-01  .39834300E+04
 .79803080E+02  .76156020E+03  .31678940E+07  .36563550E+06 -.51019530E-01  .35763970E+04
 .74027500E+02  .78877220E+03  .32608810E+07  .39335440E+06 -.45377760E-01  .32788440E+04
 .68881790E+02  .81927990E+03  .33573310E+07  .42138130E+06 -.40500820E-01  .30595580E+04
 .64281750E+02  .85299360E+03  .34576360E+07  .44969140E+06 -.36263680E-01  .29026470E+04
 .60156950E+02  .88973910E+03  .35621710E+07  .47822900E+06 -.32566750E-01  .27956840E+04
 .56446770E+02  .92930520E+03  .36712870E+07  .50698100E+06 -.29344320E-01  .27258620E+04
 .53097310E+02  .97150930E+03  .37853100E+07  .53599740E+06 -.26546960E-01  .26813830E+04
 .50060410E+02  .10162340E+04  .39045500E+07  .56537110E+06 -.24126850E-01  .26531960E+04
 .47293740E+02  .10634270E+04  .40293050E+07  .59521530E+06 -.22034870E-01  .26352840E+04
 .44760820E+02  .11130880E+04  .41598710E+07  .62565230E+06 -.20223520E-01  .26239630E+04
 .10000000E+02  .28000000E+02  .00000000E+00  .14000000E+02  .17000000E+02  .70908650E+04
 .31629730E+03  .64768540E+03  .21077030E+07  .12410830E+06 -.36975390E+00  .15906160E+07
 .33774420E+03  .64765850E+03  .20714330E+07  .12417740E+06 -.39612130E+00  .10370240E+07
 .36063490E+03  .64760460E+03  .20351650E+07  .12627380E+06 -.42094710E+00  .45264240E+06
 .38480860E+03  .64747750E+03  .19989020E+07  .13129220E+06 -.44136430E+00  .19302160E+06
 .40991530E+03  .64719400E+03  .19626510E+07  .13937090E+06 -.45357470E+00  .90610990E+05
 .43540300E+03  .64663230E+03  .19264220E+07  .15213690E+06 -.45493010E+00  .48487230E+05
 .46069420E+03  .64565580E+03  .18902360E+07  .17509630E+06 -.44710190E+00  .29488520E+05
 .48538180E+03  .64414650E+03  .18541180E+07  .21000550E+06 -.43405120E+00  .19978080E+05
 .50926650E+03  .64202760E+03  .18181030E+07  .25689700E+06 -.41866940E+00  .14761460E+05
 .53223020E+03  .63927900E+03  .17822230E+07  .31166220E+06 -.40094160E+00  .11721830E+05
 .53223020E+03  .63927900E+03  .17822230E+07  .31166220E+06 -.40094160E+00  .11721830E+05
 .58748980E+03  .62935140E+03  .16870380E+07  .41579380E+06 -.32840020E+00  .84460160E+04
 .63246560E+03  .61728180E+03  .15937270E+07  .56041170E+06 -.28576280E+00  .69684940E+04
 .67287460E+03  .60321770E+03  .15021710E+07  .71965930E+06 -.25406600E+00  .61323680E+04
 .70893040E+03  .58792650E+03  .14128230E+07  .88288660E+06 -.22736520E+00  .55964890E+04
 .74127190E+03  .57182650E+03  .13258340E+07  .10498070E+07 -.20443330E+00  .52342680E+04
 .77042080E+03  .55524820E+03  .12412990E+07  .12175220E+07 -.18470740E+00  .49788410E+04
 .79681680E+03  .53844110E+03  .11592700E+07  .13817630E+07 -.16763660E+00  .47916490E+04
 .82081750E+03  .52158950E+03  .10797690E+07  .15386360E+07 -.15268530E+00  .46501360E+04
 .84270620E+03  .50483030E+03  .10027890E+07  .16855470E+07 -.13941260E+00  .45407760E+04
 .86270870E+03  .48826570E+03  .92830960E+06  .18212420E+07 -.12749020E+00  .44549440E+04
 .88100870E+03  .47197170E+03  .85629560E+06  .19453800E+07 -.11667960E+00  .43867090E+04
 .89775900E+03  .45600390E+03  .78670180E+06  .20580540E+07 -.10679860E+00  .43318110E+04
 .91308730E+03  .44040210E+03  .71947610E+06  .21594580E+07 -.97697610E-01  .42872030E+04
 .92710070E+03  .42519410E+03  .65456150E+06  .22496840E+07 -.89246350E-01  .42507920E+04
 .93988780E+03  .41039920E+03  .59189730E+06  .23286340E+07 -.81328290E-01  .42211810E+04
 .95152060E+03  .39603040E+03  .53142040E+06  .23959600E+07 -.73838820E-01  .41973960E+04
 .96205620E+03  .38209570E+03  .47306640E+06  .24510170E+07 -.66683700E-01  .41786330E+04
 .97153810E+03  .36859880E+03  .41676980E+06  .24928010E+07 -.59776600E-01  .41640630E+04
 .97999750E+03  .35553920E+03  .36246490E+06  .25198700E+07 -.53036040E-01  .41527670E+04
 .98745340E+03  .34291220E+03  .31008640E+06  .25303020E+07 -.46386160E-01  .41438200E+04
 .99391480E+03  .33071040E+03  .25957000E+06  .25217100E+07 -.39766440E-01  .41365000E+04
 .99938290E+03  .31892390E+03  .21085250E+06  .24912470E+07 -.33136630E-01  .41302780E+04
 .10038520E+04  .30754150E+03  .16387260E+06  .24355730E+07 -.26423270E-01  .41244820E+04
 .10072950E+04  .29654990E+03  .11857050E+06  .23514950E+07 -.19404350E-01  .41185140E+04
 .10096360E+04  .28593610E+03  .74888710E+05  .22381010E+07 -.11626200E-01  .41126350E+04
 .10107070E+04  .27568890E+03  .32771360E+05  .20997980E+07 -.23149000E-02  .41079820E+04
 .10101900E+04  .26580140E+03 -.78359370E+04  .19496290E+07  .98202700E-02  .41066900E+04
 .31629730E+03  .64768540E+03  .21077030E+07  .12410830E+06 -.36975390E+00  .15906160E+07
 .29632930E+03  .64771110E+03  .21439740E+07  .12548550E+06 -.34348550E+00  .11270660E+07
 .27781060E+03  .64775720E+03  .21802470E+07  .12797340E+06 -.31807360E+00  .56487130E+06
 .26068320E+03  .64784920E+03  .22165230E+07  .13138640E+06 -.29383090E+00  .29008060E+06
 .24487700E+03  .64801900E+03  .22528070E+07  .13561370E+06 -.27090300E+00  .16434980E+06
 .23031570E+03  .64830360E+03  .22891040E+07  .14057200E+06 -.24938550E+00  .10225920E+06
 .21691810E+03  .64874220E+03  .23254200E+07  .14618220E+06 -.22935090E+00  .68742690E+05
 .20459990E+03  .64937320E+03  .23617660E+07  .15236100E+06 -.21084070E+00  .49159770E+05
 .19327550E+03  .65023330E+03  .23981540E+07  .15901900E+06 -.19385600E+00  .36925780E+05
 .18286030E+03  .65135620E+03  .24345970E+07  .16606430E+06 -.17835560E+00  .28842000E+05
 .17327330E+03  .65277250E+03  .24711120E+07  .17340580E+06 -.16426240E+00  .23243390E+05
 .16443860E+03  .65451070E+03  .25077140E+07  .18096060E+06 -.15147370E+00  .19209690E+05
 .15628610E+03  .65659710E+03  .25444230E+07  .18866150E+06 -.13987350E+00  .16205390E+05
 .14875280E+03  .65905680E+03  .25812600E+07  .19647000E+06 -.12934300E+00  .13904630E+05
 .14875280E+03  .65905680E+03  .25812600E+07  .19647000E+06 -.12934300E+00  .13904630E+05
 .13441040E+03  .66578030E+03  .26606800E+07  .21369400E+06 -.11056900E+00  .10192100E+05
 .12208520E+03  .67464840E+03  .27410840E+07  .23495200E+06 -.95466250E-01  .81173430E+04
 .11137490E+03  .68588620E+03  .28226900E+07  .25878770E+06 -.83458190E-01  .65423990E+04
 .10197300E+03  .69995000E+03  .29058100E+07  .28437940E+06 -.73521020E-01  .53824270E+04
 .93673700E+02  .71718050E+03  .29908050E+07  .31102990E+06 -.64999070E-01  .45581420E+04
 .86330700E+02  .73773300E+03  .30780660E+07  .33821780E+06 -.57547060E-01  .39833330E+04
 .79824950E+02  .76162430E+03  .31679940E+07  .36567490E+06 -.51033280E-01  .35763870E+04
 .74047830E+02  .78883840E+03  .32609890E+07  .39339410E+06 -.45389770E-01  .32788810E+04
 .68900770E+02  .81934820E+03  .33574480E+07  .42142160E+06 -.40511390E-01  .30596240E+04
 .64299540E+02  .85306380E+03  .34577610E+07  .44973230E+06 -.36273050E-01  .29027340E+04
 .60173680E+02  .88981110E+03  .35623040E+07  .47827060E+06 -.32575100E-01  .27957830E+04
 .56462550E+02  .92937890E+03  .36714280E+07  .50702340E+06 -.29351810E-01  .27259680E+04
 .53112230E+02  .97158460E+03  .37854610E+07  .53604060E+06 -.26553730E-01  .26814890E+04
 .50074550E+02  .10163110E+04  .39047090E+07  .56541520E+06 -.24133020E-01  .26532970E+04
 .47307180E+02  .10635060E+04  .40294740E+07  .59526040E+06 -.22040540E-01  .26353790E+04
 .44773610E+02  .11131690E+04  .41600490E+07  .62569850E+06 -.20228760E-01  .26240490E+04
 .10000000E+02  .28000000E+02  .00000000E+00  .14000000E+02  .17000000E+02  .70908650E+04
 .31636170E+03  .64771490E+03  .21077280E+07  .12415090E+06 -.36976060E+00  .14771990E+07
 .33780860E+03  .64768630E+03  .20714570E+07  .12422600E+06 -.39611240E+00  .98555750E+06
 .36069820E+03  .64763050E+03  .20351870E+07  .12633010E+06 -.42091680E+00  .44186360E+06
 .38486950E+03  .64750140E+03  .19989230E+07  .13135830E+06 -.44130750E+00  .19084940E+06
 .40997260E+03  .64721560E+03  .19626700E+07  .13965450E+06 -.45351330E+00  .90083740E+05
 .43545560E+03  .64665150E+03  .19264400E+07  .15230560E+06 -.45482250E+00  .48332910E+05
 .46073990E+03  .64567270E+03  .18902530E+07  .17520990E+06 -.44696820E+00  .29435260E+05
 .48541990E+03  .64416120E+03  .18541350E+07  .21009520E+06 -.43391800E+00  .19956810E+05
 .50929760E+03  .64204050E+03  .18181180E+07  .25698240E+06 -.41855690E+00  .14751510E+05
 .53225590E+03  .63929030E+03  .17822380E+07  .31176290E+06 -.40085960E+00  .11716270E+05
 .53225590E+03  .63929030E+03  .17822380E+07  .31176290E+06 -.40085960E+00  .11716270E+05
 .58750900E+03  .62935910E+03  .16870510E+07  .41596900E+06 -.32838840E+00  .84434800E+04
 .63247990E+03  .61728750E+03  .15937400E+07  .56051290E+06 -.28573600E+00  .69677830E+04
 .67288570E+03  .60322220E+03  .15021830E+07  .71975340E+06 -.25404940E+00  .61319910E+04
 .70893950E+03  .58793010E+03  .14128340E+07  .88297600E+06 -.22735390E+00  .55962600E+04
 .74127950E+03  .57182950E+03  .13258440E+07  .10498930E+07 -.20442520E+00  .52341180E+04
 .77042730E+03  .55525070E+03  .12413090E+07  .12176060E+07 -.18470140E+00  .49787360E+04
 .79682260E+03  .53844320E+03  .11592810E+07  .13818460E+07 -.16763210E+00  .47915730E+04
 .82082280E+03  .52159140E+03  .10797780E+07  .15387160E+07 -.15268190E+00  .46500780E+04
 .84271090E+03  .50483190E+03  .10027980E+07  .16856240E+07 -.13940990E+00  .45407300E+04
 .86271310E+03  .48826710E+03  .92831890E+06  .18213170E+07 -.12748810E+00  .44549070E+04
 .88101290E+03  .47197290E+03  .85630470E+06  .19454510E+07 -.11667790E+00  .43866790E+04
 .89776290E+03  .45600500E+03  .78671080E+06  .20581230E+07 -.10679720E+00  .43317850E+04
 .91309100E+03  .44040300E+03  .71948490E+06  .21595240E+07 -.97696510E-01  .42871810E+04
 .92710420E+03  .42519490E+03  .65457010E+06  .22497490E+07 -.89245450E-01  .42507720E+04
 .93989120E+03  .41040000E+03  .59190580E+06  .23286960E+07 -.81327570E-01  .42211630E+04
 .95152390E+03  .39603110E+03  .53142880E+06  .23960200E+07 -.73838250E-01  .41973790E+04
 .96205940E+03  .38209630E+03  .47307470E+06  .24510750E+07 -.66683270E-01  .41786180E+04
 .97154130E+03  .36859930E+03  .41677800E+06  .24928570E+07 -.59776300E-01  .41640480E+04
 .98000060E+03  .35553960E+03  .36247300E+06  .25199250E+07 -.53035880E-01  .41527510E+04
 .98745660E+03  .34291260E+03  .31009450E+06  .25303550E+07 -.46386150E-01  .41438050E+04
 .99391800E+03  .33071070E+03  .25957800E+06  .25217610E+07 -.39766600E-01  .41364840E+04
 .99938610E+03  .31892420E+03  .21086050E+06  .24912960E+07 -.33137000E-01  .41302620E+04
 .10038550E+04  .30754170E+03  .16388050E+06  .24356170E+07 -.26423890E-01  .41244650E+04
 .10072980E+04  .29655010E+03  .11857850E+06  .23515340E+07 -.19405310E-01  .41184940E+04
 .10096390E+04  .28593620E+03  .74896630E+05  .22381350E+07 -.11627560E-01  .41126100E+04
 .10107110E+04  .27568890E+03  .32779280E+05  .20998270E+07 -.23166810E-02  .41079490E+04
 .10101940E+04  .26580130E+03 -.78280170E+04  .19496530E+07  .98181820E-02  .41066420E+04
 .31636170E+03  .64771490E+03  .21077280E+07  .12415090E+06 -.36976060E+00  .14771990E+07
 .29639310E+03  .64774240E+03  .21440010E+07  .12552330E+06 -.34350340E+00  .10705290E+07
 .27787310E+03  .64779020E+03  .21802750E+07  .12800720E+06 -.31809960E+00  .55074180E+06
 .26074400E+03  .64788380E+03  .22165540E+07  .13141700E+06 -.29386270E+00  .28645890E+06
 .24493600E+03  .64805510E+03  .22528400E+07  .13564140E+06 -.27093880E+00  .16324160E+06
 .23037260E+03  .64834120E+03  .22891380E+07  .14059710E+06 -.24942380E+00  .10185590E+06
 .21697290E+03  .64878120E+03  .23254570E+07  .14620500E+06 -.22939040E+00  .68572910E+05
 .20465240E+03  .64941350E+03  .23618050E+07  .15238160E+06 -.21088030E+00  .49079270E+05
 .19332580E+03  .65027480E+03  .23981960E+07  .15903770E+06 -.19389480E+00  .36883730E+05
 .18290850E+03  .65139890E+03  .24346410E+07  .16608120E+06 -.17839290E+00  .28818260E+05
 .17331950E+03  .65281630E+03  .24711580E+07  .17342140E+06 -.16429780E+00  .23229130E+05
 .16448280E+03  .65455550E+03  .25077630E+07  .18097520E+06 -.15150710E+00  .19200720E+05
 .15632850E+03  .65664290E+03  .25444740E+07  .18867590E+06 -.13990460E+00  .16199570E+05
 .14879350E+03  .65910350E+03  .25813140E+07  .19648510E+06 -.12937210E+00  .13900760E+05
 .14879350E+03  .65910350E+03  .25813140E+07  .19648510E+06 -.12937210E+00  .13900760E+05
 .13444780E+03  .66582930E+03  .26607390E+07  .21371730E+06 -.11059790E+00  .10190100E+05
 .12211930E+03  .67469960E+03  .27411490E+07  .23498270E+06 -.95493630E-01  .81159680E+04
 .11140590E+03  .68594010E+03  .28227620E+07  .25882300E+06 -.83482930E-01  .65415120E+04
 .10200110E+03  .70000650E+03  .29058880E+07  .28441700E+06 -.73542630E-01  .53819140E+04
 .93699420E+02  .71723980E+03  .29908900E+07  .31106870E+06 -.65017660E-01  .45578870E+04
 .86354350E+02  .73779470E+03  .30781590E+07  .33825700E+06 -.57562990E-01  .39832370E+04
 .79846830E+02  .76168840E+03  .31680950E+07  .36571430E+06 -.51047030E-01  .35763780E+04
 .74068170E+02  .78890470E+03  .32610970E+07  .39343380E+06 -.45401780E-01  .32789170E+04
 .68919750E+02  .81941650E+03  .33575640E+07  .42146180E+06 -.40521970E-01  .30596900E+04
 .64317320E+02  .85313400E+03  .34578850E+07  .44977320E+06 -.36282420E-01  .29028210E+04
 .60190400E+02  .88988310E+03  .35624370E+07  .47831220E+06 -.32583450E-01  .27958830E+04
 .56478320E+02  .92945250E+03  .36715700E+07  .50706570E+06 -.29359300E-01  .27260740E+04
 .53127160E+02  .97165990E+03  .37856110E+07  .53608380E+06 -.26560490E-01  .26815940E+04
 .50088700E+02  .10163880E+04  .39048690E+07  .56545930E+06 -.24139190E-01  .26533980E+04
 .47320620E+02  .10635850E+04  .40296430E+07  .59530540E+06 -.22046200E-01  .26354730E+04
 .44786390E+02  .11132500E+04  .41602280E+07  .62574470E+06 -.20234010E-01  .26241350E+04
 .10000000E+02  .28000000E+02  .00000000E+00  .14000000E+02  .17000000E+02  .70908650E+04
 .31642610E+03  .64774440E+03  .21077530E+07  .12419340E+06 -.36976720E+00  .13789050E+07
 .33787300E+03  .64771410E+03  .20714800E+07  .12427460E+06 -.39610340E+00  .93896810E+06
 .36076150E+03  .64765640E+03  .20352100E+07  .12638650E+06 -.42088640E+00  .43158840E+06
 .38493040E+03  .64752520E+03  .19989440E+07  .13142430E+06 -.44125070E+00  .18872620E+06
 .41002980E+03  .64723720E+03  .19626900E+07  .13993800E+06 -.45345340E+00  .89562480E+05
 .43550810E+03  .64667070E+03  .19264590E+07  .15247380E+06 -.45471550E+00  .48179610E+05
 .46078550E+03  .64568950E+03  .18902700E+07  .17532310E+06 -.44683490E+00  .29382220E+05
 .48545800E+03  .64417590E+03  .18541510E+07  .21018470E+06 -.43378500E+00  .19935590E+05
 .50932870E+03  .64205350E+03  .18181340E+07  .25706760E+06 -.41844440E+00  .14741580E+05
 .53228150E+03  .63930160E+03  .17822530E+07  .31186340E+06 -.40077760E+00  .11710710E+05
 .53228150E+03  .63930160E+03  .17822530E+07  .31186340E+06 -.40077760E+00  .11710710E+05
 .58752830E+03  .62936660E+03  .16870650E+07  .41614410E+06 -.32837650E+00  .84409480E+04
 .63249410E+03  .61729320E+03  .15937520E+07  .56061400E+06 -.28570920E+00  .69670730E+04
 .67289690E+03  .60322670E+03  .15021950E+07  .71984760E+06 -.25403280E+00  .61316130E+04
 .70894850E+03  .58793370E+03  .14128460E+07  .88306540E+06 -.22734260E+00  .55960310E+04
 .74128720E+03  .57183250E+03  .13258550E+07  .10499800E+07 -.20441700E+00  .52339670E+04
 .77043390E+03  .55525320E+03  .12413200E+07  .12176900E+07 -.18469540E+00  .49786320E+04
 .79682840E+03  .53844540E+03  .11592910E+07  .13819280E+07 -.16762760E+00  .47914970E+04
 .82082790E+03  .52159310E+03  .10797880E+07  .15387960E+07 -.15267850E+00  .46500200E+04
 .84271570E+03  .50483340E+03  .10028080E+07  .16857020E+07 -.13940720E+00  .45406850E+04
 .86271750E+03  .48826840E+03  .92832820E+06  .18213910E+07 -.12748600E+00  .44548710E+04
 .88101700E+03  .47197410E+03  .85631380E+06  .19455230E+07 -.11667620E+00  .43866480E+04
 .89776670E+03  .45600600E+03  .78671960E+06  .20581920E+07 -.10679590E+00  .43317580E+04
 .91309470E+03  .44040400E+03  .71949360E+06  .21595910E+07 -.97695410E-01  .42871580E+04
 .92710780E+03  .42519580E+03  .65457880E+06  .22498130E+07 -.89244560E-01  .42507520E+04
 .93989470E+03  .41040070E+03  .59191430E+06  .23287580E+07 -.81326850E-01  .42211450E+04
 .95152730E+03  .39603170E+03  .53143720E+06  .23960800E+07 -.73837680E-01  .41973620E+04
 .96206270E+03  .38209690E+03  .47308300E+06  .24511340E+07 -.66682850E-01  .41786020E+04
 .97154460E+03  .36859990E+03  .41678630E+06  .24929140E+07 -.59776000E-01  .41640330E+04
 .98000380E+03  .35554000E+03  .36248120E+06  .25199800E+07 -.53035720E-01  .41527360E+04
 .98745980E+03  .34291300E+03  .31010260E+06  .25304090E+07 -.46386140E-01  .41437900E+04
 .99392110E+03  .33071100E+03  .25958600E+06  .25218120E+07 -.39766760E-01  .41364680E+04
 .99938930E+03  .31892450E+03  .21086850E+06  .24913440E+07 -.33137360E-01  .41302460E+04
 .10038580E+04  .30754190E+03  .16388850E+06  .24356620E+07 -.26424510E-01  .41244470E+04
 .10073020E+04  .29655020E+03  .11858640E+06  .23515740E+07 -.19406260E-01  .41184740E+04
 .10096430E+04  .28593620E+03  .74904550E+05  .22381690E+07 -.11628910E-01  .41125850E+04
 .10107150E+04  .27568900E+03  .32787200E+05  .20998550E+07 -.23184630E-02  .41079160E+04
 .10101980E+04  .26580120E+03 -.78200980E+04  .19496760E+07  .98160930E-02  .41065930E+04
 .31642610E+03  .64774440E+03  .21077530E+07  .12419340E+06 -.36976720E+00  .13789050E+07
 .29645680E+03  .64777370E+03  .21440280E+07  .12556100E+06 -.34352120E+00  .10194070E+07
 .27793560E+03  .64782310E+03  .21803040E+07  .12804110E+06 -.31812540E+00  .53730560E+06
 .26080490E+03  .64791830E+03  .22165850E+07  .13144750E+06 -.29389430E+00  .28292740E+06
 .24499500E+03  .64809120E+03  .22528730E+07  .13566900E+06 -.27097450E+00  .16214850E+06
 .23042950E+03  .64837880E+03  .22891730E+07  .14062220E+06 -.24946210E+00  .10145590E+06
 .21702760E+03  .64882010E+03  .23254940E+07  .14622780E+06 -.22942990E+00  .68404020E+05
 .20470490E+03  .64945380E+03  .23618450E+07  .15240220E+06 -.21091980E+00  .48999040E+05
 .19337610E+03  .65031630E+03  .23982370E+07  .15905640E+06 -.19393350E+00  .36841780E+05
 .18295660E+03  .65144150E+03  .24346850E+07  .16609820E+06 -.17843030E+00  .28794560E+05
 .17336560E+03  .65286000E+03  .24712040E+07  .17343700E+06 -.16433330E+00  .23214900E+05
 .16452700E+03  .65460030E+03  .25078110E+07  .18098980E+06 -.15154040E+00  .19191780E+05
 .15637090E+03  .65668870E+03  .25445260E+07  .18869030E+06 -.13993580E+00  .16193750E+05
 .14883420E+03  .65915030E+03  .25813670E+07  .19650030E+06 -.12940120E+00  .13896900E+05
 .14883420E+03  .65915030E+03  .25813670E+07  .19650030E+06 -.12940120E+00  .13896900E+05
 .13448530E+03  .66587820E+03  .26607990E+07  .21374070E+06 -.11062680E+00  .10188100E+05
 .12215330E+03  .67475090E+03  .27412150E+07  .23501350E+06 -.95521010E-01  .81145930E+04
 .11143680E+03  .68599380E+03  .28228340E+07  .25885830E+06 -.83507660E-01  .65406250E+04
 .10202920E+03  .70006300E+03  .29059670E+07  .28445460E+06 -.73564240E-01  .53814020E+04
 .93725140E+02  .71729910E+03  .29909760E+07  .31110740E+06 -.65036260E-01  .45576310E+04
 .86378010E+02  .73785650E+03  .30782520E+07  .33829620E+06 -.57578920E-01  .39831410E+04
 .79868710E+02  .76175240E+03  .31681950E+07  .36575360E+06 -.51060770E-01  .35763690E+04
 .74088500E+02  .78897080E+03  .32612050E+07  .39347350E+06 -.45413780E-01  .32789550E+04
 .68938740E+02  .81948470E+03  .33576800E+07  .42150200E+06 -.40532540E-01  .30597560E+04
 .64335110E+02  .85320410E+03  .34580100E+07  .44981400E+06 -.36291790E-01  .29029070E+04
 .60207130E+02  .88995500E+03  .35625700E+07  .47835370E+06 -.32591790E-01  .27959830E+04
 .56494100E+02  .92952610E+03  .36717120E+07  .50710810E+06 -.29366780E-01  .27261800E+04
 .53142080E+02  .97173520E+03  .37857620E+07  .53612690E+06 -.26567260E-01  .26817000E+04
 .50102850E+02  .10164650E+04  .39050290E+07  .56550340E+06 -.24145360E-01  .26534990E+04
 .47334060E+02  .10636630E+04  .40298120E+07  .59535060E+06 -.22051870E-01  .26355670E+04
 .44799180E+02  .11133300E+04  .41604070E+07  .62579090E+06 -.20239250E-01  .26242210E+04
 .10000000E+02  .28000000E+02  .00000000E+00  .14000000E+02  .17000000E+02  .70908650E+04
 .31649050E+03  .64777400E+03  .21077780E+07  .12423590E+06 -.36977390E+00  .12928970E+07
 .33793730E+03  .64774180E+03  .20715040E+07  .12432320E+06 -.39609440E+00  .89659410E+06
 .36082480E+03  .64768230E+03  .20352320E+07  .12644290E+06 -.42085600E+00  .42178240E+06
 .38499120E+03  .64754900E+03  .19989650E+07  .13149040E+06 -.44119380E+00  .18665020E+06
 .41008690E+03  .64725870E+03  .19627090E+07  .14022150E+06 -.45339490E+00  .89047090E+05
 .43556050E+03  .64668980E+03  .19264770E+07  .15264170E+06 -.45460940E+00  .48027290E+05
 .46083110E+03  .64570640E+03  .18902880E+07  .17543600E+06 -.44670190E+00  .29329410E+05
 .48549600E+03  .64419070E+03  .18541680E+07  .21027390E+06 -.43365220E+00  .19914450E+05
 .50935990E+03  .64206630E+03  .18181500E+07  .25715270E+06 -.41833200E+00  .14731680E+05
 .53230720E+03  .63931300E+03  .17822680E+07  .31196380E+06 -.40069560E+00  .11705170E+05
 .53230720E+03  .63931300E+03  .17822680E+07  .31196380E+06 -.40069560E+00  .11705170E+05
 .58754750E+03  .62937430E+03  .16870790E+07  .41631910E+06 -.32836470E+00  .84384180E+04
 .63250840E+03  .61729900E+03  .15937650E+07  .56071510E+06 -.28568250E+00  .69663630E+04
 .67290800E+03  .60323120E+03  .15022070E+07  .71994180E+06 -.25401620E+00  .61312360E+04
 .70895750E+03  .58793730E+03  .14128570E+07  .88315480E+06 -.22733130E+00  .55958020E+04
 .74129470E+03  .57183540E+03  .13258660E+07  .10500660E+07 -.20440890E+00  .52338170E+04
 .77044040E+03  .55525570E+03  .12413300E+07  .12177750E+07 -.18468940E+00  .49785280E+04
 .79683420E+03  .53844740E+03  .11593010E+07  .13820100E+07 -.16762310E+00  .47914200E+04
 .82083310E+03  .52159500E+03  .10797980E+07  .15388760E+07 -.15267510E+00  .46499620E+04
 .84272040E+03  .50483500E+03  .10028170E+07  .16857790E+07 -.13940460E+00  .45406400E+04
 .86272190E+03  .48826980E+03  .92833750E+06  .18214660E+07 -.12748390E+00  .44548330E+04
 .88102110E+03  .47197530E+03  .85632290E+06  .19455940E+07 -.11667450E+00  .43866170E+04
 .89777060E+03  .45600710E+03  .78672860E+06  .20582610E+07 -.10679450E+00  .43317320E+04
 .91309840E+03  .44040490E+03  .71950240E+06  .21596570E+07 -.97694320E-01  .42871360E+04
 .92711140E+03  .42519660E+03  .65458740E+06  .22498770E+07 -.89243670E-01  .42507320E+04
 .93989810E+03  .41040150E+03  .59192280E+06  .23288200E+07 -.81326130E-01  .42211260E+04
 .95153060E+03  .39603240E+03  .53144560E+06  .23961400E+07 -.73837110E-01  .41973460E+04
 .96206600E+03  .38209750E+03  .47309130E+06  .24511920E+07 -.66682410E-01  .41785860E+04
 .97154770E+03  .36860030E+03  .41679450E+06  .24929710E+07 -.59775710E-01  .41640180E+04
 .98000700E+03  .35554050E+03  .36248940E+06  .25200350E+07 -.53035560E-01  .41527210E+04
 .98746290E+03  .34291340E+03  .31011070E+06  .25304620E+07 -.46386130E-01  .41437740E+04
 .99392430E+03  .33071140E+03  .25959410E+06  .25218630E+07 -.39766920E-01  .41364530E+04
 .99939250E+03  .31892470E+03  .21087650E+06  .24913920E+07 -.33137730E-01  .41302290E+04
 .10038620E+04  .30754210E+03  .16389650E+06  .24357060E+07 -.26425140E-01  .41244290E+04
 .10073050E+04  .29655040E+03  .11859430E+06  .23516140E+07 -.19407210E-01  .41184540E+04
 .10096460E+04  .28593630E+03  .74912480E+05  .22382030E+07 -.11630270E-01  .41125610E+04
 .10107190E+04  .27568900E+03  .32795110E+05  .20998830E+07 -.23202450E-02  .41078820E+04
 .10102030E+04  .26580110E+03 -.78121790E+04  .19497000E+07  .98140050E-02  .41065450E+04
 .31649050E+03  .64777400E+03  .21077780E+07  .12423590E+06 -.36977390E+00  .12928970E+07
 .29652050E+03  .64780490E+03  .21440550E+07  .12559880E+06 -.34353900E+00  .97295830E+06
 .27799810E+03  .64785610E+03  .21803330E+07  .12807490E+06 -.31815120E+00  .52451290E+06
 .26086580E+03  .64795290E+03  .22166150E+07  .13147810E+06 -.29392600E+00  .27948280E+06
 .24505390E+03  .64812740E+03  .22529050E+07  .13569670E+06 -.27101020E+00  .16107020E+06
 .23048640E+03  .64841640E+03  .22892080E+07  .14064720E+06 -.24950030E+00  .10105910E+06
 .21708230E+03  .64885910E+03  .23255310E+07  .14625050E+06 -.22946930E+00  .68235980E+05
 .20475740E+03  .64949410E+03  .23618840E+07  .15242280E+06 -.21095940E+00  .48919100E+05
 .19342640E+03  .65035780E+03  .23982780E+07  .15907500E+06 -.19397230E+00  .36799940E+05
 .18300480E+03  .65148410E+03  .24347290E+07  .16611510E+06 -.17846760E+00  .28770910E+05
 .17341170E+03  .65290370E+03  .24712500E+07  .17345250E+06 -.16436870E+00  .23200700E+05
 .16457120E+03  .65464510E+03  .25078600E+07  .18100440E+06 -.15157370E+00  .19182840E+05
 .15641330E+03  .65673450E+03  .25445770E+07  .18870470E+06 -.13996690E+00  .16187950E+05
 .14887490E+03  .65919700E+03  .25814210E+07  .19651540E+06 -.12943030E+00  .13893050E+05
 .14887490E+03  .65919700E+03  .25814210E+07  .19651540E+06 -.12943030E+00  .13893050E+05
 .13452270E+03  .66592720E+03  .26608580E+07  .21376420E+06 -.11065570E+00  .10186090E+05
 .12218740E+03  .67480210E+03  .27412800E+07  .23504440E+06 -.95548400E-01  .81132190E+04
 .11146770E+03  .68604770E+03  .28229050E+07  .25889360E+06 -.83532380E-01  .65397390E+04
 .10205740E+03  .70011960E+03  .29060450E+07  .28449230E+06 -.73585850E-01  .53808900E+04
 .93750850E+02  .71735830E+03  .29910610E+07  .31114620E+06 -.65054850E-01  .45573760E+04
 .86401650E+02  .73791820E+03  .30783440E+07  .33833540E+06 -.57594840E-01  .39830450E+04
 .79890570E+02  .76181650E+03  .31682950E+07  .36579300E+06 -.51074510E-01  .35763600E+04
 .74108830E+02  .78903700E+03  .32613130E+07  .39351310E+06 -.45425780E-01  .32789920E+04
 .68957720E+02  .81955290E+03  .33577960E+07  .42154220E+06 -.40543120E-01  .30598220E+04
 .64352900E+02  .85327420E+03  .34581340E+07  .44985490E+06 -.36301160E-01  .29029930E+04
 .60223850E+02  .89002690E+03  .35627030E+07  .47839530E+06 -.32600140E-01  .27960830E+04
 .56509880E+02  .92959970E+03  .36718530E+07  .50715040E+06 -.29374270E-01  .27262860E+04
 .53157000E+02  .97181040E+03  .37859120E+07  .53617010E+06 -.26574030E-01  .26818050E+04
 .50117000E+02  .10165420E+04  .39051880E+07  .56554750E+06 -.24151530E-01  .26536000E+04
 .47347490E+02  .10637420E+04  .40299810E+07  .59539560E+06 -.22057540E-01  .26356610E+04
 .44811960E+02  .11134110E+04  .41605850E+07  .62583710E+06 -.20244480E-01  .26243070E+04
 .10000000E+02  .28000000E+02  .00000000E+00  .14000000E+02  .17000000E+02  .70908650E+04
 .31655490E+03  .64780350E+03  .21078040E+07  .12427840E+06 -.36978040E+00  .12170070E+07
 .33800160E+03  .64776950E+03  .20715280E+07  .12437180E+06 -.39608530E+00  .85788800E+06
 .36088810E+03  .64770810E+03  .20352540E+07  .12649940E+06 -.42082550E+00  .41241400E+06
 .38505210E+03  .64757280E+03  .19989860E+07  .13155650E+06 -.44113690E+00  .18462000E+06
 .41014400E+03  .64728030E+03  .19627290E+07  .14050500E+06 -.45333780E+00  .88537450E+05
 .43561290E+03  .64670900E+03  .19264950E+07  .15280910E+06 -.45450390E+00  .47875960E+05
 .46087670E+03  .64572320E+03  .18903050E+07  .17554850E+06 -.44656920E+00  .29276820E+05
 .48553410E+03  .64420540E+03  .18541840E+07  .21036290E+06 -.43351950E+00  .19893370E+05
 .50939100E+03  .64207930E+03  .18181650E+07  .25723760E+06 -.41821960E+00  .14721800E+05
 .53233280E+03  .63932430E+03  .17822830E+07  .31206400E+06 -.40061370E+00  .11699640E+05
 .53233280E+03  .63932430E+03  .17822830E+07  .31206400E+06 -.40061370E+00  .11699640E+05
 .58756670E+03  .62938190E+03  .16870920E+07  .41649410E+06 -.32835290E+00  .84358900E+04
 .63252260E+03  .61730460E+03  .15937780E+07  .56081630E+06 -.28565580E+00  .69656540E+04
 .67291910E+03  .60323570E+03  .15022190E+07  .72003600E+06 -.25399970E+00  .61308590E+04
 .70896660E+03  .58794090E+03  .14128680E+07  .88324410E+06 -.22732000E+00  .55955740E+04
 .74130240E+03  .57183840E+03  .13258770E+07  .10501520E+07 -.20440080E+00  .52336670E+04
 .77044700E+03  .55525820E+03  .12413400E+07  .12178590E+07 -.18468340E+00  .49784230E+04
 .79684000E+03  .53844960E+03  .11593110E+07  .13820920E+07 -.16761860E+00  .47913440E+04
 .82083830E+03  .52159680E+03  .10798080E+07  .15389550E+07 -.15267160E+00  .46499040E+04
 .84272520E+03  .50483660E+03  .10028270E+07  .16858560E+07 -.13940190E+00  .45405940E+04
 .86272630E+03  .48827110E+03  .92834680E+06  .18215400E+07 -.12748180E+00  .44547960E+04
 .88102510E+03  .47197650E+03  .85633190E+06  .19456660E+07 -.11667290E+00  .43865860E+04
 .89777450E+03  .45600810E+03  .78673740E+06  .20583300E+07 -.10679320E+00  .43317070E+04
 .91310210E+03  .44040590E+03  .71951120E+06  .21597230E+07 -.97693220E-01  .42871130E+04
 .92711490E+03  .42519740E+03  .65459600E+06  .22499410E+07 -.89242780E-01  .42507120E+04
 .93990160E+03  .41040220E+03  .59193130E+06  .23288820E+07 -.81325410E-01  .42211080E+04
 .95153390E+03  .39603310E+03  .53145400E+06  .23962000E+07 -.73836540E-01  .41973290E+04
 .96206920E+03  .38209810E+03  .47309970E+06  .24512510E+07 -.66681980E-01  .41785700E+04
 .97155100E+03  .36860090E+03  .41680270E+06  .24930280E+07 -.59775410E-01  .41640020E+04
 .98001020E+03  .35554090E+03  .36249750E+06  .25200900E+07 -.53035400E-01  .41527060E+04
 .98746610E+03  .34291380E+03  .31011880E+06  .25305150E+07 -.46386120E-01  .41437590E+04
 .99392750E+03  .33071170E+03  .25960210E+06  .25219140E+07 -.39767080E-01  .41364370E+04
 .99939580E+03  .31892500E+03  .21088450E+06  .24914400E+07 -.33138090E-01  .41302120E+04
 .10038650E+04  .30754230E+03  .16390440E+06  .24357510E+07 -.26425760E-01  .41244120E+04
 .10073090E+04  .29655050E+03  .11860230E+06  .23516540E+07 -.19408170E-01  .41184340E+04
 .10096500E+04  .28593640E+03  .74920410E+05  .22382370E+07 -.11631620E-01  .41125360E+04
 .10107220E+04  .27568900E+03  .32803020E+05  .20999120E+07 -.23220270E-02  .41078490E+04
 .10102070E+04  .26580110E+03 -.78042590E+04  .19497240E+07  .98119160E-02  .41064970E+04
 .31655490E+03  .64780350E+03  .21078040E+07  .12427840E+06 -.36978040E+00  .12170070E+07
 .29658420E+03  .64783620E+03  .21440820E+07  .12563650E+06 -.34355670E+00  .93056940E+06
 .27806050E+03  .64788900E+03  .21803620E+07  .12810880E+06 -.31817700E+00  .51231870E+06
 .26092660E+03  .64798740E+03  .22166460E+07  .13150860E+06 -.29395760E+00  .27612200E+06
 .24511290E+03  .64816350E+03  .22529380E+07  .13572430E+06 -.27104580E+00  .16000640E+06
 .23054330E+03  .64845400E+03  .22892420E+07  .14067230E+06 -.24953850E+00  .10066550E+06
 .21713700E+03  .64889800E+03  .23255680E+07  .14627320E+06 -.22950870E+00  .68068820E+05
 .20480990E+03  .64953430E+03  .23619230E+07  .15244330E+06 -.21099890E+00  .48839430E+05
 .19347670E+03  .65039930E+03  .23983200E+07  .15909360E+06 -.19401100E+00  .36758210E+05
 .18305300E+03  .65152670E+03  .24347720E+07  .16613200E+06 -.17850490E+00  .28747310E+05
 .17345790E+03  .65294750E+03  .24712960E+07  .17346800E+06 -.16440410E+00  .23186520E+05
 .16461540E+03  .65468980E+03  .25079080E+07  .18101900E+06 -.15160690E+00  .19173910E+05
 .15645570E+03  .65678030E+03  .25446280E+07  .18871900E+06 -.13999800E+00  .16182140E+05
 .14891560E+03  .65924370E+03  .25814750E+07  .19653050E+06 -.12945940E+00  .13889200E+05
 .14891560E+03  .65924370E+03  .25814750E+07  .19653050E+06 -.12945940E+00  .13889200E+05
 .13456010E+03  .66597610E+03  .26609180E+07  .21378760E+06 -.11068450E+00  .10184090E+05
 .12222140E+03  .67485330E+03  .27413460E+07  .23507520E+06 -.95575780E-01  .81118450E+04
 .11149860E+03  .68610140E+03  .28229770E+07  .25892890E+06 -.83557110E-01  .65388530E+04
 .10208550E+03  .70017610E+03  .29061230E+07  .28452990E+06 -.73607440E-01  .53803780E+04
 .93776560E+02  .71741750E+03  .29911460E+07  .31118500E+06 -.65073430E-01  .45571210E+04
 .86425290E+02  .73797990E+03  .30784370E+07  .33837460E+06 -.57610770E-01  .39829490E+04
 .79912450E+02  .76188040E+03  .31683950E+07  .36583230E+06 -.51088250E-01  .35763510E+04
 .74129160E+02  .78910310E+03  .32614210E+07  .39355280E+06 -.45437780E-01  .32790290E+04
 .68976690E+02  .81962120E+03  .33579120E+07  .42158240E+06 -.40553690E-01  .30598870E+04
 .64370680E+02  .85334440E+03  .34582580E+07  .44989570E+06 -.36310530E-01  .29030800E+04
 .60240570E+02  .89009880E+03  .35628360E+07  .47843680E+06 -.32608480E-01  .27961830E+04
 .56525650E+02  .92967330E+03  .36719950E+07  .50719270E+06 -.29381750E-01  .27263910E+04
 .53171920E+02  .97188560E+03  .37860630E+07  .53621330E+06 -.26580800E-01  .26819110E+04
 .50131140E+02  .10166190E+04  .39053480E+07  .56559160E+06 -.24157690E-01  .26537000E+04
 .47360930E+02  .10638210E+04  .40301500E+07  .59544080E+06 -.22063200E-01  .26357550E+04
 .44824740E+02  .11134920E+04  .41607640E+07  .62588330E+06 -.20249720E-01  .26243930E+04
 .10000000E+02  .28000000E+02  .00000000E+00  .14000000E+02  .17000000E+02  .70908650E+04
 .31661930E+03  .64783310E+03  .21078290E+07  .12432100E+06 -.36978690E+00  .11495500E+07
 .33806600E+03  .64779720E+03  .20715510E+07  .12442040E+06 -.39607610E+00  .82239340E+06
 .36095130E+03  .64773390E+03  .20352760E+07  .12655580E+06 -.42079500E+00  .40345470E+06
 .38511290E+03  .64759660E+03  .19990060E+07  .13162260E+06 -.44108000E+00  .18263400E+06
 .41020080E+03  .64730190E+03  .19627480E+07  .14077070E+06 -.45327960E+00  .88033940E+05
 .43566520E+03  .64672810E+03  .19265140E+07  .15297600E+06 -.45439910E+00  .47725600E+05
 .46092230E+03  .64574000E+03  .18903220E+07  .17566070E+06 -.44643680E+00  .29224450E+05
 .48557210E+03  .64422010E+03  .18542010E+07  .21045160E+06 -.43338690E+00  .19872350E+05
 .50942210E+03  .64209220E+03  .18181810E+07  .25732230E+06 -.41810730E+00  .14711950E+05
 .53235850E+03  .63933560E+03  .17822980E+07  .31216410E+06 -.40053180E+00  .11694120E+05
 .53235850E+03  .63933560E+03  .17822980E+07  .31216410E+06 -.40053180E+00  .11694120E+05
 .58758590E+03  .62938950E+03  .16871060E+07  .41666910E+06 -.32834110E+00  .84333650E+04
 .63253690E+03  .61731040E+03  .15937900E+07  .56091740E+06 -.28562910E+00  .69649450E+04
 .67293020E+03  .60324020E+03  .15022310E+07  .72013010E+06 -.25398310E+00  .61304820E+04
 .70897560E+03  .58794460E+03  .14128790E+07  .88333350E+06 -.22730870E+00  .55953450E+04
 .74131000E+03  .57184140E+03  .13258880E+07  .10502390E+07 -.20439270E+00  .52335170E+04
 .77045360E+03  .55526070E+03  .12413510E+07  .12179430E+07 -.18467740E+00  .49783190E+04
 .79684580E+03  .53845170E+03  .11593210E+07  .13821750E+07 -.16761410E+00  .47912680E+04
 .82084350E+03  .52159860E+03  .10798170E+07  .15390350E+07 -.15266820E+00  .46498460E+04
 .84272990E+03  .50483820E+03  .10028360E+07  .16859330E+07 -.13939930E+00  .45405480E+04
 .86273070E+03  .48827250E+03  .92835600E+06  .18216140E+07 -.12747970E+00  .44547590E+04
 .88102930E+03  .47197770E+03  .85634100E+06  .19457370E+07 -.11667120E+00  .43865560E+04
 .89777840E+03  .45600920E+03  .78674640E+06  .20583980E+07 -.10679180E+00  .43316800E+04
 .91310580E+03  .44040680E+03  .71951990E+06  .21597900E+07 -.97692120E-01  .42870900E+04
 .92711850E+03  .42519830E+03  .65460460E+06  .22500050E+07 -.89241890E-01  .42506920E+04
 .93990500E+03  .41040290E+03  .59193980E+06  .23289440E+07 -.81324690E-01  .42210900E+04
 .95153730E+03  .39603370E+03  .53146240E+06  .23962600E+07 -.73835970E-01  .41973130E+04
 .96207250E+03  .38209860E+03  .47310800E+06  .24513090E+07 -.66681550E-01  .41785540E+04
 .97155410E+03  .36860130E+03  .41681090E+06  .24930850E+07 -.59775110E-01  .41639870E+04
 .98001340E+03  .35554140E+03  .36250570E+06  .25201460E+07 -.53035240E-01  .41526900E+04
 .98746920E+03  .34291410E+03  .31012690E+06  .25305680E+07 -.46386110E-01  .41437430E+04
 .99393070E+03  .33071200E+03  .25961020E+06  .25219650E+07 -.39767240E-01  .41364210E+04
 .99939890E+03  .31892530E+03  .21089250E+06  .24914880E+07 -.33138460E-01  .41301960E+04
 .10038680E+04  .30754250E+03  .16391240E+06  .24357950E+07 -.26426390E-01  .41243940E+04
 .10073120E+04  .29655070E+03  .11861020E+06  .23516930E+07 -.19409120E-01  .41184140E+04
 .10096540E+04  .28593650E+03  .74928330E+05  .22382720E+07 -.11632980E-01  .41125110E+04
 .10107260E+04  .27568900E+03  .32810940E+05  .20999400E+07 -.23238090E-02  .41078160E+04
 .10102110E+04  .26580100E+03 -.77963400E+04  .19497470E+07  .98098280E-02  .41064490E+04
 .31661930E+03  .64783310E+03  .21078290E+07  .12432100E+06 -.36978690E+00  .11495500E+07
 .29664790E+03  .64786740E+03  .21441090E+07  .12567430E+06 -.34357440E+00  .89173060E+06
 .27812300E+03  .64792190E+03  .21803910E+07  .12814260E+06 -.31820280E+00  .50068170E+06
 .26098740E+03  .64802200E+03  .22166770E+07  .13153910E+06 -.29398910E+00  .27284190E+06
 .24517180E+03  .64819960E+03  .22529700E+07  .13575190E+06 -.27108140E+00  .15895680E+06
 .23060010E+03  .64849150E+03  .22892770E+07  .14069730E+06 -.24957660E+00  .10027500E+06
 .21719170E+03  .64893700E+03  .23256040E+07  .14629580E+06 -.22954810E+00  .67902500E+05
 .20486240E+03  .64957450E+03  .23619620E+07  .15246390E+06 -.21103840E+00  .48760050E+05
 .19352690E+03  .65044070E+03  .23983610E+07  .15911220E+06 -.19404970E+00  .36716590E+05
 .18310110E+03  .65156930E+03  .24348160E+07  .16614890E+06 -.17854210E+00  .28723760E+05
 .17350400E+03  .65299120E+03  .24713420E+07  .17348350E+06 -.16443950E+00  .23172360E+05
 .16465960E+03  .65473460E+03  .25079570E+07  .18103350E+06 -.15164020E+00  .19165000E+05
 .15649810E+03  .65682600E+03  .25446790E+07  .18873340E+06 -.14002910E+00  .16176350E+05
 .14895630E+03  .65929040E+03  .25815280E+07  .19654570E+06 -.12948840E+00  .13885350E+05
 .14895630E+03  .65929040E+03  .25815280E+07  .19654570E+06 -.12948840E+00  .13885350E+05
 .13459750E+03  .66602500E+03  .26609770E+07  .21381110E+06 -.11071340E+00  .10182090E+05
 .12225540E+03  .67490450E+03  .27414110E+07  .23510610E+06 -.95603160E-01  .81104710E+04
 .11152950E+03  .68615520E+03  .28230490E+07  .25896430E+06 -.83581820E-01  .65379680E+04
 .10211360E+03  .70023250E+03  .29062020E+07  .28456750E+06 -.73629040E-01  .53798660E+04
 .93802270E+02  .71747670E+03  .29912320E+07  .31122370E+06 -.65092010E-01  .45568660E+04
 .86448940E+02  .73804160E+03  .30785290E+07  .33841370E+06 -.57626680E-01  .39828530E+04
 .79934310E+02  .76194450E+03  .31684950E+07  .36587160E+06 -.51101990E-01  .35763420E+04
 .74149480E+02  .78916930E+03  .32615290E+07  .39359240E+06 -.45449770E-01  .32790660E+04
 .68995670E+02  .81968930E+03  .33580280E+07  .42162260E+06 -.40564260E-01  .30599530E+04
 .64388460E+02  .85341450E+03  .34583830E+07  .44993650E+06 -.36319890E-01  .29031670E+04
 .60257290E+02  .89017070E+03  .35629680E+07  .47847840E+06 -.32616820E-01  .27962830E+04
 .56541420E+02  .92974690E+03  .36721360E+07  .50723500E+06 -.29389230E-01  .27264970E+04
 .53186840E+02  .97196080E+03  .37862130E+07  .53625640E+06 -.26587560E-01  .26820160E+04
 .50145290E+02  .10166950E+04  .39055080E+07  .56563560E+06 -.24163860E-01  .26538010E+04
 .47374370E+02  .10639000E+04  .40303190E+07  .59548580E+06 -.22068870E-01  .26358490E+04
 .44837520E+02  .11135720E+04  .41609420E+07  .62592940E+06 -.20254960E-01  .26244790E+04
 .10000000E+02  .28000000E+02  .00000000E+00  .14000000E+02  .17000000E+02  .70908650E+04
 .31668360E+03  .64786250E+03  .21078540E+07  .12436350E+06 -.36979340E+00  .10891940E+07
 .33813020E+03  .64782500E+03  .20715750E+07  .12446900E+06 -.39606690E+00  .78972660E+06
 .36101450E+03  .64775980E+03  .20352980E+07  .12661220E+06 -.42076440E+00  .39487830E+06
 .38517360E+03  .64762040E+03  .19990270E+07  .13168870E+06 -.44102300E+00  .18069090E+06
 .41025760E+03  .64732340E+03  .19627680E+07  .14084780E+06 -.45319610E+00  .87541160E+05
 .43571750E+03  .64674730E+03  .19265320E+07  .15314260E+06 -.45429510E+00  .47576200E+05
 .46096780E+03  .64575680E+03  .18903400E+07  .17577250E+06 -.44630480E+00  .29172290E+05
 .48561010E+03  .64423480E+03  .18542170E+07  .21054010E+06 -.43325450E+00  .19851390E+05
 .50945310E+03  .64210500E+03  .18181970E+07  .25740680E+06 -.41799500E+00  .14702120E+05
 .53238410E+03  .63934690E+03  .17823130E+07  .31226400E+06 -.40044980E+00  .11688610E+05
 .53238410E+03  .63934690E+03  .17823130E+07  .31226400E+06 -.40044980E+00  .11688610E+05
 .58760510E+03  .62939710E+03  .16871190E+07  .41684410E+06 -.32832930E+00  .84308430E+04
 .63255110E+03  .61731600E+03  .15938030E+07  .56101860E+06 -.28560230E+00  .69642360E+04
 .67294130E+03  .60324460E+03  .15022430E+07  .72022430E+06 -.25396650E+00  .61301050E+04
 .70898470E+03  .58794820E+03  .14128910E+07  .88342280E+06 -.22729740E+00  .55951160E+04
 .74131760E+03  .57184440E+03  .13258980E+07  .10503250E+07 -.20438460E+00  .52333670E+04
 .77046010E+03  .55526320E+03  .12413610E+07  .12180280E+07 -.18467140E+00  .49782150E+04
 .79685160E+03  .53845380E+03  .11593310E+07  .13822570E+07 -.16760960E+00  .47911920E+04
 .82084870E+03  .52160040E+03  .10798270E+07  .15391150E+07 -.15266480E+00  .46497880E+04
 .84273470E+03  .50483970E+03  .10028460E+07  .16860110E+07 -.13939660E+00  .45405030E+04
 .86273500E+03  .48827390E+03  .92836530E+06  .18216890E+07 -.12747770E+00  .44547230E+04
 .88103340E+03  .47197890E+03  .85635010E+06  .19458090E+07 -.11666960E+00  .43865250E+04
 .89778230E+03  .45601030E+03  .78675530E+06  .20584670E+07 -.10679050E+00  .43316540E+04
 .91310950E+03  .44040770E+03  .71952870E+06  .21598560E+07 -.97691030E-01  .42870670E+04
 .92712210E+03  .42519910E+03  .65461330E+06  .22500690E+07 -.89241000E-01  .42506720E+04
 .93990840E+03  .41040370E+03  .59194830E+06  .23290060E+07 -.81323970E-01  .42210720E+04
 .95154060E+03  .39603430E+03  .53147080E+06  .23963200E+07 -.73835400E-01  .41972950E+04
 .96207570E+03  .38209920E+03  .47311630E+06  .24513680E+07 -.66681120E-01  .41785390E+04
 .97155740E+03  .36860190E+03  .41681920E+06  .24931410E+07 -.59774810E-01  .41639720E+04
 .98001650E+03  .35554180E+03  .36251380E+06  .25202010E+07 -.53035080E-01  .41526750E+04
 .98747240E+03  .34291450E+03  .31013500E+06  .25306220E+07 -.46386100E-01  .41437280E+04
 .99393380E+03  .33071230E+03  .25961820E+06  .25220160E+07 -.39767400E-01  .41364050E+04
 .99940220E+03  .31892550E+03  .21090050E+06  .24915360E+07 -.33138820E-01  .41301800E+04
 .10038720E+04  .30754270E+03  .16392040E+06  .24358390E+07 -.26427010E-01  .41243760E+04
 .10073150E+04  .29655080E+03  .11861820E+06  .23517330E+07 -.19410080E-01  .41183940E+04
 .10096570E+04  .28593660E+03  .74936250E+05  .22383060E+07 -.11634330E-01  .41124870E+04
 .10107300E+04  .27568900E+03  .32818860E+05  .20999680E+07 -.23255910E-02  .41077830E+04
 .10102150E+04  .26580090E+03 -.77884210E+04  .19497710E+07  .98077390E-02  .41064000E+04
 .31668360E+03  .64786250E+03  .21078540E+07  .12436350E+06 -.36979340E+00  .10891940E+07
 .29671150E+03  .64789870E+03  .21441360E+07  .12571200E+06 -.34359200E+00  .85601370E+06
 .27818540E+03  .64795480E+03  .21804190E+07  .12817640E+06 -.31822850E+00  .48956470E+06
 .26104820E+03  .64805650E+03  .22167070E+07  .13156960E+06 -.29402070E+00  .26963960E+06
 .24523070E+03  .64823560E+03  .22530030E+07  .13577950E+06 -.27111700E+00  .15792120E+06
 .23065700E+03  .64852910E+03  .22893120E+07  .14072230E+06 -.24961480E+00  .99887660E+05
 .21724630E+03  .64897590E+03  .23256410E+07  .14631850E+06 -.22958740E+00  .67737040E+05
 .20491480E+03  .64961470E+03  .23620010E+07  .15248440E+06 -.21107780E+00  .48680950E+05
 .19357720E+03  .65048220E+03  .23984020E+07  .15913080E+06 -.19408840E+00  .36675070E+05
 .18314930E+03  .65161200E+03  .24348600E+07  .16616570E+06 -.17857940E+00  .28700260E+05
 .17355010E+03  .65303490E+03  .24713880E+07  .17349890E+06 -.16447480E+00  .23158220E+05
 .16470380E+03  .65477940E+03  .25080060E+07  .18104810E+06 -.15167350E+00  .19156110E+05
 .15654050E+03  .65687170E+03  .25447300E+07  .18874780E+06 -.14006030E+00  .16170560E+05
 .14899700E+03  .65933700E+03  .25815820E+07  .19656080E+06 -.12951750E+00  .13881510E+05
 .14899700E+03  .65933700E+03  .25815820E+07  .19656080E+06 -.12951750E+00  .13881510E+05
 .13463490E+03  .66607390E+03  .26610360E+07  .21383460E+06 -.11074230E+00  .10180090E+05
 .12228950E+03  .67495560E+03  .27414770E+07  .23513690E+06 -.95630550E-01  .81090980E+04
 .11156030E+03  .68620890E+03  .28231210E+07  .25899960E+06 -.83606540E-01  .65370830E+04
 .10214170E+03  .70028910E+03  .29062800E+07  .28460510E+06 -.73650630E-01  .53793550E+04
 .93827970E+02  .71753580E+03  .29913170E+07  .31126250E+06 -.65110590E-01  .45566120E+04
 .86472570E+02  .73810330E+03  .30786220E+07  .33845290E+06 -.57642600E-01  .39827580E+04
 .79956180E+02  .76200840E+03  .31685950E+07  .36591100E+06 -.51115720E-01  .35763330E+04
 .74169810E+02  .78923540E+03  .32616370E+07  .39363210E+06 -.45461770E-01  .32791030E+04
 .69014640E+02  .81975740E+03  .33581440E+07  .42166270E+06 -.40574830E-01  .30600190E+04
 .64406240E+02  .85348460E+03  .34585070E+07  .44997730E+06 -.36329250E-01  .29032530E+04
 .60274010E+02  .89024260E+03  .35631010E+07  .47851990E+06 -.32625160E-01  .27963820E+04
 .56557190E+02  .92982040E+03  .36722780E+07  .50727730E+06 -.29396710E-01  .27266030E+04
 .53201760E+02  .97203600E+03  .37863640E+07  .53629960E+06 -.26594330E-01  .26821210E+04
 .50159430E+02  .10167720E+04  .39056670E+07  .56567970E+06 -.24170030E-01  .26539020E+04
 .47387800E+02  .10639780E+04  .40304880E+07  .59553080E+06 -.22074530E-01  .26359430E+04
 .44850300E+02  .11136530E+04  .41611210E+07  .62597560E+06 -.20260200E-01  .26245640E+04
 .10000000E+02  .28000000E+02  .00000000E+00  .14000000E+02  .17000000E+02  .70908650E+04
 .31674790E+03  .64789200E+03  .21078800E+07  .12440600E+06 -.36979980E+00  .10348730E+07
 .33819450E+03  .64785270E+03  .20715990E+07  .12451770E+06 -.39605760E+00  .75956250E+06
 .36107770E+03  .64778560E+03  .20353200E+07  .12666860E+06 -.42073380E+00  .38666060E+06
 .38523430E+03  .64764420E+03  .19990480E+07  .13175480E+06 -.44096600E+00  .17878920E+06
 .41031440E+03  .64734490E+03  .19627870E+07  .14092500E+06 -.45311250E+00  .87054080E+05
 .43576970E+03  .64676640E+03  .19265500E+07  .15330870E+06 -.45419180E+00  .47427740E+05
 .46101330E+03  .64577360E+03  .18903570E+07  .17588400E+06 -.44617310E+00  .29120350E+05
 .48564810E+03  .64424950E+03  .18542340E+07  .21062840E+06 -.43312230E+00  .19830500E+05
 .50948420E+03  .64211790E+03  .18182130E+07  .25749110E+06 -.41788290E+00  .14692320E+05
 .53240970E+03  .63935820E+03  .17823280E+07  .31236370E+06 -.40036790E+00  .11683120E+05
 .53240970E+03  .63935820E+03  .17823280E+07  .31236370E+06 -.40036790E+00  .11683120E+05
 .58762430E+03  .62940470E+03  .16871330E+07  .41701890E+06 -.32831750E+00  .84283220E+04
 .63256540E+03  .61732180E+03  .15938160E+07  .56111970E+06 -.28557560E+00  .69635280E+04
 .67295240E+03  .60324910E+03  .15022540E+07  .72031850E+06 -.25395000E+00  .61297290E+04
 .70899380E+03  .58795180E+03  .14129020E+07  .88351220E+06 -.22728610E+00  .55948880E+04
 .74132530E+03  .57184740E+03  .13259090E+07  .10504120E+07 -.20437640E+00  .52332170E+04
 .77046670E+03  .55526570E+03  .12413710E+07  .12181120E+07 -.18466540E+00  .49781100E+04
 .79685740E+03  .53845590E+03  .11593410E+07  .13823390E+07 -.16760510E+00  .47911160E+04
 .82085390E+03  .52160220E+03  .10798370E+07  .15391950E+07 -.15266140E+00  .46497300E+04
 .84273940E+03  .50484130E+03  .10028550E+07  .16860880E+07 -.13939400E+00  .45404580E+04
 .86273940E+03  .48827530E+03  .92837460E+06  .18217630E+07 -.12747560E+00  .44546860E+04
 .88103750E+03  .47198010E+03  .85635920E+06  .19458800E+07 -.11666790E+00  .43864950E+04
 .89778620E+03  .45601130E+03  .78676420E+06  .20585360E+07 -.10678910E+00  .43316280E+04
 .91311320E+03  .44040870E+03  .71953740E+06  .21599220E+07 -.97689930E-01  .42870450E+04
 .92712560E+03  .42520000E+03  .65462190E+06  .22501330E+07 -.89240100E-01  .42506520E+04
 .93991190E+03  .41040440E+03  .59195680E+06  .23290680E+07 -.81323250E-01  .42210540E+04
 .95154390E+03  .39603500E+03  .53147930E+06  .23963810E+07 -.73834830E-01  .41972790E+04
 .96207900E+03  .38209980E+03  .47312460E+06  .24514260E+07 -.66680680E-01  .41785220E+04
 .97156050E+03  .36860240E+03  .41682740E+06  .24931980E+07 -.59774510E-01  .41639570E+04
 .98001970E+03  .35554220E+03  .36252200E+06  .25202560E+07 -.53034920E-01  .41526600E+04
 .98747560E+03  .34291490E+03  .31014310E+06  .25306750E+07 -.46386090E-01  .41437130E+04
 .99393700E+03  .33071260E+03  .25962630E+06  .25220670E+07 -.39767560E-01  .41363890E+04
 .99940540E+03  .31892580E+03  .21090850E+06  .24915840E+07 -.33139190E-01  .41301630E+04
 .10038750E+04  .30754290E+03  .16392830E+06  .24358840E+07 -.26427640E-01  .41243580E+04
 .10073190E+04  .29655100E+03  .11862610E+06  .23517730E+07 -.19411030E-01  .41183740E+04
 .10096610E+04  .28593670E+03  .74944170E+05  .22383400E+07 -.11635680E-01  .41124620E+04
 .10107340E+04  .27568910E+03  .32826770E+05  .20999970E+07 -.23273730E-02  .41077500E+04
 .10102190E+04  .26580080E+03 -.77805020E+04  .19497940E+07  .98056510E-02  .41063530E+04
 .31674790E+03  .64789200E+03  .21078800E+07  .12440600E+06 -.36979980E+00  .10348730E+07
 .29677510E+03  .64792990E+03  .21441630E+07  .12574970E+06 -.34360960E+00  .82305690E+06
 .27824780E+03  .64798770E+03  .21804480E+07  .12821020E+06 -.31825410E+00  .47893360E+06
 .26110900E+03  .64809100E+03  .22167380E+07  .13160010E+06 -.29405210E+00  .26651240E+06
 .24528970E+03  .64827170E+03  .22530360E+07  .13580710E+06 -.27115250E+00  .15689920E+06
 .23071380E+03  .64856660E+03  .22893470E+07  .14074730E+06 -.24965290E+00  .99503350E+05
 .21730100E+03  .64901480E+03  .23256780E+07  .14634110E+06 -.22962680E+00  .67572410E+05
 .20496730E+03  .64965500E+03  .23620400E+07  .15250480E+06 -.21111730E+00  .48602110E+05
 .19362750E+03  .65052360E+03  .23984440E+07  .15914930E+06 -.19412710E+00  .36633660E+05
 .18319740E+03  .65165450E+03  .24349030E+07  .16618260E+06 -.17861660E+00  .28676800E+05
 .17359620E+03  .65307860E+03  .24714340E+07  .17351440E+06 -.16451020E+00  .23144110E+05
 .16474790E+03  .65482400E+03  .25080540E+07  .18106260E+06 -.15170680E+00  .19147220E+05
 .15658290E+03  .65691740E+03  .25447810E+07  .18876210E+06 -.14009140E+00  .16164790E+05
 .14903770E+03  .65938370E+03  .25816360E+07  .19657600E+06 -.12954660E+00  .13877670E+05
 .14903770E+03  .65938370E+03  .25816360E+07  .19657600E+06 -.12954660E+00  .13877670E+05
 .13467230E+03  .66612270E+03  .26610960E+07  .21385820E+06 -.11077130E+00  .10178080E+05
 .12232350E+03  .67500680E+03  .27415420E+07  .23516780E+06 -.95657930E-01  .81077240E+04
 .11159120E+03  .68626260E+03  .28231920E+07  .25903490E+06 -.83631250E-01  .65361980E+04
 .10216980E+03  .70034550E+03  .29063580E+07  .28464280E+06 -.73672220E-01  .53788450E+04
 .93853670E+02  .71759500E+03  .29914020E+07  .31130130E+06 -.65129160E-01  .45563580E+04
 .86496210E+02  .73816500E+03  .30787140E+07  .33849210E+06 -.57658500E-01  .39826620E+04
 .79978030E+02  .76207240E+03  .31686950E+07  .36595030E+06 -.51129450E-01  .35763240E+04
 .74190130E+02  .78930150E+03  .32617450E+07  .39367180E+06 -.45473760E-01  .32791400E+04
 .69033620E+02  .81982560E+03  .33582600E+07  .42170290E+06 -.40585390E-01  .30600850E+04
 .64424020E+02  .85355460E+03  .34586310E+07  .45001820E+06 -.36338620E-01  .29033400E+04
 .60290730E+02  .89031440E+03  .35632340E+07  .47856140E+06 -.32633510E-01  .27964820E+04
 .56572960E+02  .92989390E+03  .36724190E+07  .50731960E+06 -.29404200E-01  .27267080E+04
 .53216670E+02  .97211110E+03  .37865140E+07  .53634270E+06 -.26601090E-01  .26822270E+04
 .50173570E+02  .10168490E+04  .39058270E+07  .56572370E+06 -.24176190E-01  .26540030E+04
 .47401230E+02  .10640570E+04  .40306560E+07  .59557590E+06 -.22080190E-01  .26360370E+04
 .44863080E+02  .11137340E+04  .41612990E+07  .62602180E+06 -.20265440E-01  .26246500E+04
