 .10000000E+02  .28000000E+02  .00000000E+00  .14000000E+02  .17000000E+02  .70908650E+04
 .31674790E+03  .64789200E+03  .21078800E+07  .12440600E+06 -.36979980E+00  .10348730E+07
 .33819450E+03  .64785270E+03  .20715990E+07  .12451770E+06 -.39605760E+00  .75956250E+06
 .36107770E+03  .64778560E+03  .20353200E+07  .12666860E+06 -.42073380E+00  .38666060E+06
 .38523430E+03  .64764420E+03  .19990480E+07  .13175480E+06 -.44096600E+00  .17878920E+06
 .41031440E+03  .64734490E+03  .19627870E+07  .14092500E+06 -.45311250E+00  .87054080E+05
 .43576970E+03  .64676640E+03  .19265500E+07  .15330870E+06 -.45419180E+00  .47427740E+05
 .46101330E+03  .64577360E+03  .18903570E+07  .17588400E+06 -.44617310E+00  .29120350E+05
 .48564810E+03  .64424950E+03  .18542340E+07  .21062840E+06 -.43312230E+00  .19830500E+05
 .50948420E+03  .64211790E+03  .18182130E+07  .25749110E+06 -.41788290E+00  .14692320E+05
 .53240970E+03  .63935820E+03  .17823280E+07  .31236370E+06 -.40036790E+00  .11683120E+05
 .53240970E+03  .63935820E+03  .17823280E+07  .31236370E+06 -.40036790E+00  .11683120E+05
 .58762430E+03  .62940470E+03  .16871330E+07  .41701890E+06 -.32831750E+00  .84283220E+04
 .63256540E+03  .61732180E+03  .15938160E+07  .56111970E+06 -.28557560E+00  .69635280E+04
 .67295240E+03  .60324910E+03  .15022540E+07  .72031850E+06 -.25395000E+00  .61297290E+04
 .70899380E+03  .58795180E+03  .14129020E+07  .88351220E+06 -.22728610E+00  .55948880E+04
 .74132530E+03  .57184740E+03  .13259090E+07  .10504120E+07 -.20437640E+00  .52332170E+04
 .77046670E+03  .55526570E+03  .12413710E+07  .12181120E+07 -.18466540E+00  .49781100E+04
 .79685740E+03  .53845590E+03  .11593410E+07  .13823390E+07 -.16760510E+00  .47911160E+04
 .82085390E+03  .52160220E+03  .10798370E+07  .15391950E+07 -.15266140E+00  .46497300E+04
 .84273940E+03  .50484130E+03  .10028550E+07  .16860880E+07 -.13939400E+00  .45404580E+04
 .86273940E+03  .48827530E+03  .92837460E+06  .18217630E+07 -.12747560E+00  .44546860E+04
 .88103750E+03  .47198010E+03  .85635920E+06  .19458800E+07 -.11666790E+00  .43864950E+04
 .89778620E+03  .45601130E+03  .78676420E+06  .20585360E+07 -.10678910E+00  .43316280E+04
 .91311320E+03  .44040870E+03  .71953740E+06  .21599220E+07 -.97689930E-01  .42870450E+04
 .92712560E+03  .42520000E+03  .65462190E+06  .22501330E+07 -.89240100E-01  .42506520E+04
 .93991190E+03  .41040440E+03  .59195680E+06  .23290680E+07 -.81323250E-01  .42210540E+04
 .95154390E+03  .39603500E+03  .53147930E+06  .23963810E+07 -.73834830E-01  .41972790E+04
 .96207900E+03  .38209980E+03  .47312460E+06  .24514260E+07 -.66680680E-01  .41785220E+04
 .97156050E+03  .36860240E+03  .41682740E+06  .24931980E+07 -.59774510E-01  .41639570E+04
 .98001970E+03  .35554220E+03  .36252200E+06  .25202560E+07 -.53034920E-01  .41526600E+04
 .98747560E+03  .34291490E+03  .31014310E+06  .25306750E+07 -.46386090E-01  .41437130E+04
 .99393700E+03  .33071260E+03  .25962630E+06  .25220670E+07 -.39767560E-01  .41363890E+04
 .99940540E+03  .31892580E+03  .21090850E+06  .24915840E+07 -.33139190E-01  .41301630E+04
 .10038750E+04  .30754290E+03  .16392830E+06  .24358840E+07 -.26427640E-01  .41243580E+04
 .10073190E+04  .29655100E+03  .11862610E+06  .23517730E+07 -.19411030E-01  .41183740E+04
 .10096610E+04  .28593670E+03  .74944170E+05  .22383400E+07 -.11635680E-01  .41124620E+04
 .10107340E+04  .27568910E+03  .32826770E+05  .20999970E+07 -.23273730E-02  .41077500E+04
 .10102190E+04  .26580080E+03 -.77805020E+04  .19497940E+07  .98056510E-02  .41063530E+04
 .31674790E+03  .64789200E+03  .21078800E+07  .12440600E+06 -.36979980E+00  .10348730E+07
 .29677510E+03  .64792990E+03  .21441630E+07  .12574970E+06 -.34360960E+00  .82305690E+06
 .27824780E+03  .64798770E+03  .21804480E+07  .12821020E+06 -.31825410E+00  .47893360E+06
 .26110900E+03  .64809100E+03  .22167380E+07  .13160010E+06 -.29405210E+00  .26651240E+06
 .24528970E+03  .64827170E+03  .22530360E+07  .13580710E+06 -.27115250E+00  .15689920E+06
 .23071380E+03  .64856660E+03  .22893470E+07  .14074730E+06 -.24965290E+00  .99503350E+05
 .21730100E+03  .64901480E+03  .23256780E+07  .14634110E+06 -.22962680E+00  .67572410E+05
 .20496730E+03  .64965500E+03  .23620400E+07  .15250480E+06 -.21111730E+00  .48602110E+05
 .19362750E+03  .65052360E+03  .23984440E+07  .15914930E+06 -.19412710E+00  .36633660E+05
 .18319740E+03  .65165450E+03  .24349030E+07  .16618260E+06 -.17861660E+00  .28676800E+05
 .17359620E+03  .65307860E+03  .24714340E+07  .17351440E+06 -.16451020E+00  .23144110E+05
 .16474790E+03  .65482400E+03  .25080540E+07  .18106260E+06 -.15170680E+00  .19147220E+05
 .15658290E+03  .65691740E+03  .25447810E+07  .18876210E+06 -.14009140E+00  .16164790E+05
 .14903770E+03  .65938370E+03  .25816360E+07  .19657600E+06 -.12954660E+00  .13877670E+05
 .14903770E+03  .65938370E+03  .25816360E+07  .19657600E+06 -.12954660E+00  .13877670E+05
 .13467230E+03  .66612270E+03  .26610960E+07  .21385820E+06 -.11077130E+00  .10178080E+05
 .12232350E+03  .67500680E+03  .27415420E+07  .23516780E+06 -.95657930E-01  .81077240E+04
 .11159120E+03  .68626260E+03  .28231920E+07  .25903490E+06 -.83631250E-01  .65361980E+04
 .10216980E+03  .70034550E+03  .29063580E+07  .28464280E+06 -.73672220E-01  .53788450E+04
 .93853670E+02  .71759500E+03  .29914020E+07  .31130130E+06 -.65129160E-01  .45563580E+04
 .86496210E+02  .73816500E+03  .30787140E+07  .33849210E+06 -.57658500E-01  .39826620E+04
 .79978030E+02  .76207240E+03  .31686950E+07  .36595030E+06 -.51129450E-01  .35763240E+04
 .74190130E+02  .78930150E+03  .32617450E+07  .39367180E+06 -.45473760E-01  .32791400E+04
 .69033620E+02  .81982560E+03  .33582600E+07  .42170290E+06 -.40585390E-01  .30600850E+04
 .64424020E+02  .85355460E+03  .34586310E+07  .45001820E+06 -.36338620E-01  .29033400E+04
 .60290730E+02  .89031440E+03  .35632340E+07  .47856140E+06 -.32633510E-01  .27964820E+04
 .56572960E+02  .92989390E+03  .36724190E+07  .50731960E+06 -.29404200E-01  .27267080E+04
 .53216670E+02  .97211110E+03  .37865140E+07  .53634270E+06 -.26601090E-01  .26822270E+04
 .50173570E+02  .10168490E+04  .39058270E+07  .56572370E+06 -.24176190E-01  .26540030E+04
 .47401230E+02  .10640570E+04  .40306560E+07  .59557590E+06 -.22080190E-01  .26360370E+04
 .44863080E+02  .11137340E+04  .41612990E+07  .62602180E+06 -.20265440E-01  .26246500E+04
 .10000000E+02  .28000000E+02  .00000000E+00  .14000000E+02  .17000000E+02  .70908650E+04
 .31681220E+03  .64792150E+03  .21079050E+07  .12444860E+06 -.36980610E+00  .98572540E+06
 .33825880E+03  .64788040E+03  .20716220E+07  .12456630E+06 -.39604830E+00  .73162410E+06
 .36114080E+03  .64781140E+03  .20353430E+07  .12672510E+06 -.42070310E+00  .37877980E+06
 .38529500E+03  .64766800E+03  .19990690E+07  .13182090E+06 -.44090900E+00  .17692770E+06
 .41037120E+03  .64736650E+03  .19628070E+07  .14100210E+06 -.45302900E+00  .86572590E+05
 .43582190E+03  .64678560E+03  .19265690E+07  .15347430E+06 -.45408910E+00  .47280220E+05
 .46105880E+03  .64579040E+03  .18903740E+07  .17599520E+06 -.44604180E+00  .29068620E+05
 .48568600E+03  .64426420E+03  .18542500E+07  .21071640E+06 -.43299020E+00  .19809680E+05
 .50951530E+03  .64213080E+03  .18182280E+07  .25757530E+06 -.41777070E+00  .14682530E+05
 .53243530E+03  .63936950E+03  .17823430E+07  .31246330E+06 -.40028610E+00  .11677630E+05
 .53243530E+03  .63936950E+03  .17823430E+07  .31246330E+06 -.40028610E+00  .11677630E+05
 .58764340E+03  .62941230E+03  .16871470E+07  .41719380E+06 -.32830570E+00  .84258050E+04
 .63257970E+03  .61732750E+03  .15938280E+07  .56122090E+06 -.28554900E+00  .69628200E+04
 .67296350E+03  .60325360E+03  .15022660E+07  .72041260E+06 -.25393340E+00  .61293520E+04
 .70900280E+03  .58795540E+03  .14129130E+07  .88360160E+06 -.22727480E+00  .55946590E+04
 .74133280E+03  .57185030E+03  .13259200E+07  .10504980E+07 -.20436830E+00  .52330670E+04
 .77047330E+03  .55526820E+03  .12413820E+07  .12181960E+07 -.18465940E+00  .49780060E+04
 .79686320E+03  .53845800E+03  .11593510E+07  .13824210E+07 -.16760060E+00  .47910400E+04
 .82085910E+03  .52160410E+03  .10798470E+07  .15392750E+07 -.15265790E+00  .46496720E+04
 .84274410E+03  .50484290E+03  .10028650E+07  .16861650E+07 -.13939130E+00  .45404120E+04
 .86274380E+03  .48827660E+03  .92838380E+06  .18218380E+07 -.12747350E+00  .44546490E+04
 .88104160E+03  .47198130E+03  .85636830E+06  .19459520E+07 -.11666620E+00  .43864630E+04
 .89779000E+03  .45601240E+03  .78677310E+06  .20586050E+07 -.10678780E+00  .43316020E+04
 .91311690E+03  .44040960E+03  .71954630E+06  .21599890E+07 -.97688840E-01  .42870220E+04
 .92712920E+03  .42520080E+03  .65463050E+06  .22501970E+07 -.89239220E-01  .42506320E+04
 .93991530E+03  .41040510E+03  .59196530E+06  .23291300E+07 -.81322530E-01  .42210360E+04
 .95154730E+03  .39603560E+03  .53148760E+06  .23964410E+07 -.73834260E-01  .41972620E+04
 .96208230E+03  .38210030E+03  .47313290E+06  .24514840E+07 -.66680250E-01  .41785070E+04
 .97156380E+03  .36860290E+03  .41683570E+06  .24932550E+07 -.59774220E-01  .41639410E+04
 .98002290E+03  .35554270E+03  .36253020E+06  .25203110E+07 -.53034760E-01  .41526450E+04
 .98747880E+03  .34291530E+03  .31015120E+06  .25307280E+07 -.46386070E-01  .41436970E+04
 .99394020E+03  .33071300E+03  .25963430E+06  .25221180E+07 -.39767720E-01  .41363740E+04
 .99940860E+03  .31892610E+03  .21091650E+06  .24916330E+07 -.33139550E-01  .41301460E+04
 .10038780E+04  .30754320E+03  .16393630E+06  .24359280E+07 -.26428260E-01  .41243410E+04
 .10073220E+04  .29655110E+03  .11863400E+06  .23518130E+07 -.19411990E-01  .41183530E+04
 .10096640E+04  .28593680E+03  .74952090E+05  .22383740E+07 -.11637040E-01  .41124370E+04
 .10107370E+04  .27568910E+03  .32834680E+05  .21000250E+07 -.23291550E-02  .41077170E+04
 .10102230E+04  .26580080E+03 -.77725830E+04  .19498180E+07  .98035620E-02  .41063040E+04
 .31681220E+03  .64792150E+03  .21079050E+07  .12444860E+06 -.36980610E+00  .98572540E+06
 .29683870E+03  .64796110E+03  .21441890E+07  .12578740E+06 -.34362720E+00  .79255230E+06
 .27831020E+03  .64802060E+03  .21804770E+07  .12824400E+06 -.31827970E+00  .46875720E+06
 .26116980E+03  .64812550E+03  .22167690E+07  .13163060E+06 -.29408360E+00  .26345770E+06
 .24534860E+03  .64830770E+03  .22530680E+07  .13583470E+06 -.27118810E+00  .15589050E+06
 .23077070E+03  .64860410E+03  .22893810E+07  .14077220E+06 -.24969090E+00  .99122070E+05
 .21735570E+03  .64905370E+03  .23257150E+07  .14636370E+06 -.22966610E+00  .67408620E+05
 .20501970E+03  .64969510E+03  .23620790E+07  .15252530E+06 -.21115670E+00  .48523560E+05
 .19367770E+03  .65056510E+03  .23984850E+07  .15916780E+06 -.19416570E+00  .36592360E+05
 .18324550E+03  .65169710E+03  .24349470E+07  .16619930E+06 -.17865380E+00  .28653390E+05
 .17364230E+03  .65312230E+03  .24714800E+07  .17352980E+06 -.16454560E+00  .23130020E+05
 .16479210E+03  .65486880E+03  .25081030E+07  .18107710E+06 -.15174000E+00  .19138350E+05
 .15662520E+03  .65696310E+03  .25448320E+07  .18877640E+06 -.14012250E+00  .16159010E+05
 .14907840E+03  .65943040E+03  .25816900E+07  .19659120E+06 -.12957570E+00  .13873840E+05
 .14907840E+03  .65943040E+03  .25816900E+07  .19659120E+06 -.12957570E+00  .13873840E+05
 .13470970E+03  .66617160E+03  .26611550E+07  .21388180E+06 -.11080020E+00  .10176080E+05
 .12235750E+03  .67505790E+03  .27416080E+07  .23519880E+06 -.95685320E-01  .81063510E+04
 .11162210E+03  .68631640E+03  .28232640E+07  .25907030E+06 -.83655950E-01  .65353140E+04
 .10219790E+03  .70040200E+03  .29064370E+07  .28468040E+06 -.73693800E-01  .53783340E+04
 .93879360E+02  .71765410E+03  .29914870E+07  .31134000E+06 -.65147740E-01  .45561040E+04
 .86519840E+02  .73822660E+03  .30788070E+07  .33853120E+06 -.57674420E-01  .39825670E+04
 .79999890E+02  .76213630E+03  .31687950E+07  .36598960E+06 -.51143180E-01  .35763150E+04
 .74210450E+02  .78936760E+03  .32618520E+07  .39371140E+06 -.45485750E-01  .32791780E+04
 .69052580E+02  .81989370E+03  .33583750E+07  .42174300E+06 -.40595960E-01  .30601510E+04
 .64441800E+02  .85362460E+03  .34587550E+07  .45005900E+06 -.36347980E-01  .29034260E+04
 .60307440E+02  .89038620E+03  .35633670E+07  .47860290E+06 -.32641840E-01  .27965820E+04
 .56588730E+02  .92996740E+03  .36725610E+07  .50736190E+06 -.29411680E-01  .27268140E+04
 .53231590E+02  .97218630E+03  .37866640E+07  .53638580E+06 -.26607850E-01  .26823320E+04
 .50187710E+02  .10169260E+04  .39059860E+07  .56576780E+06 -.24182360E-01  .26541040E+04
 .47414670E+02  .10641350E+04  .40308250E+07  .59562090E+06 -.22085850E-01  .26361300E+04
 .44875860E+02  .11138140E+04  .41614770E+07  .62606780E+06 -.20270670E-01  .26247360E+04
 .10000000E+02  .28000000E+02  .00000000E+00  .14000000E+02  .17000000E+02  .70908650E+04
 .31687650E+03  .64795100E+03  .21079300E+07  .12449110E+06 -.36981240E+00  .94104590E+06
 .33832300E+03  .64790800E+03  .20716460E+07  .12461490E+06 -.39603890E+00  .70567390E+06
 .36120390E+03  .64783720E+03  .20353650E+07  .12678160E+06 -.42067240E+00  .37121530E+06
 .38535570E+03  .64769170E+03  .19990890E+07  .13188700E+06 -.44085200E+00  .17510500E+06
 .41042790E+03  .64738800E+03  .19628260E+07  .14107930E+06 -.45294550E+00  .86096610E+05
 .43587400E+03  .64680470E+03  .19265870E+07  .15363960E+06 -.45398720E+00  .47133630E+05
 .46110420E+03  .64580720E+03  .18903920E+07  .17610590E+06 -.44591080E+00  .29017110E+05
 .48572400E+03  .64427890E+03  .18542670E+07  .21080420E+06 -.43285830E+00  .19788910E+05
 .50954630E+03  .64214370E+03  .18182440E+07  .25765930E+06 -.41765870E+00  .14672780E+05
 .53246090E+03  .63938080E+03  .17823580E+07  .31256270E+06 -.40020420E+00  .11672150E+05
 .53246090E+03  .63938080E+03  .17823580E+07  .31256270E+06 -.40020420E+00  .11672150E+05
 .58766270E+03  .62941990E+03  .16871600E+07  .41736870E+06 -.32829390E+00  .84232900E+04
 .63259390E+03  .61733320E+03  .15938410E+07  .56132200E+06 -.28552230E+00  .69621130E+04
 .67297460E+03  .60325810E+03  .15022780E+07  .72050680E+06 -.25391690E+00  .61289750E+04
 .70901190E+03  .58795900E+03  .14129240E+07  .88369090E+06 -.22726350E+00  .55944310E+04
 .74134050E+03  .57185330E+03  .13259310E+07  .10505840E+07 -.20436020E+00  .52329170E+04
 .77047990E+03  .55527070E+03  .12413920E+07  .12182800E+07 -.18465340E+00  .49779020E+04
 .79686900E+03  .53846010E+03  .11593610E+07  .13825030E+07 -.16759610E+00  .47909640E+04
 .82086430E+03  .52160580E+03  .10798560E+07  .15393550E+07 -.15265450E+00  .46496150E+04
 .84274890E+03  .50484450E+03  .10028740E+07  .16862420E+07 -.13938870E+00  .45403660E+04
 .86274820E+03  .48827800E+03  .92839310E+06  .18219120E+07 -.12747140E+00  .44546120E+04
 .88104570E+03  .47198250E+03  .85637740E+06  .19460240E+07 -.11666460E+00  .43864330E+04
 .89779390E+03  .45601340E+03  .78678200E+06  .20586740E+07 -.10678640E+00  .43315760E+04
 .91312060E+03  .44041050E+03  .71955500E+06  .21600550E+07 -.97687740E-01  .42870000E+04
 .92713270E+03  .42520160E+03  .65463910E+06  .22502610E+07 -.89238320E-01  .42506120E+04
 .93991870E+03  .41040590E+03  .59197380E+06  .23291920E+07 -.81321810E-01  .42210180E+04
 .95155070E+03  .39603630E+03  .53149610E+06  .23965010E+07 -.73833690E-01  .41972460E+04
 .96208550E+03  .38210090E+03  .47314120E+06  .24515430E+07 -.66679820E-01  .41784910E+04
 .97156700E+03  .36860340E+03  .41684390E+06  .24933120E+07 -.59773920E-01  .41639260E+04
 .98002610E+03  .35554310E+03  .36253830E+06  .25203660E+07 -.53034600E-01  .41526300E+04
 .98748190E+03  .34291560E+03  .31015930E+06  .25307820E+07 -.46386060E-01  .41436820E+04
 .99394340E+03  .33071330E+03  .25964240E+06  .25221690E+07 -.39767880E-01  .41363580E+04
 .99941180E+03  .31892630E+03  .21092450E+06  .24916810E+07 -.33139920E-01  .41301300E+04
 .10038810E+04  .30754330E+03  .16394430E+06  .24359730E+07 -.26428890E-01  .41243230E+04
 .10073260E+04  .29655130E+03  .11864200E+06  .23518530E+07 -.19412940E-01  .41183330E+04
 .10096680E+04  .28593690E+03  .74960020E+05  .22384080E+07 -.11638390E-01  .41124120E+04
 .10107410E+04  .27568910E+03  .32842600E+05  .21000530E+07 -.23309370E-02  .41076840E+04
 .10102270E+04  .26580070E+03 -.77646640E+04  .19498420E+07  .98014740E-02  .41062560E+04
 .31687650E+03  .64795100E+03  .21079300E+07  .12449110E+06 -.36981240E+00  .94104590E+06
 .29690230E+03  .64799230E+03  .21442160E+07  .12582510E+06 -.34364460E+00  .76423580E+06
 .27837260E+03  .64805350E+03  .21805060E+07  .12827780E+06 -.31830520E+00  .45900690E+06
 .26123060E+03  .64816000E+03  .22167990E+07  .13166100E+06 -.29411490E+00  .26047300E+06
 .24540740E+03  .64834380E+03  .22531010E+07  .13586220E+06 -.27122350E+00  .15489500E+06
 .23082750E+03  .64864160E+03  .22894160E+07  .14079710E+06 -.24972900E+00  .98743790E+05
 .21741030E+03  .64909260E+03  .23257520E+07  .14638630E+06 -.22970530E+00  .67245660E+05
 .20507220E+03  .64973540E+03  .23621180E+07  .15254570E+06 -.21119610E+00  .48445270E+05
 .19372800E+03  .65060640E+03  .23985260E+07  .15918630E+06 -.19420440E+00  .36551160E+05
 .18329370E+03  .65173970E+03  .24349910E+07  .16621610E+06 -.17869100E+00  .28630020E+05
 .17368840E+03  .65316590E+03  .24715270E+07  .17354520E+06 -.16458090E+00  .23115960E+05
 .16483630E+03  .65491350E+03  .25081510E+07  .18109160E+06 -.15177330E+00  .19129490E+05
 .15666760E+03  .65700890E+03  .25448830E+07  .18879080E+06 -.14015360E+00  .16153250E+05
 .14911910E+03  .65947700E+03  .25817430E+07  .19660630E+06 -.12960480E+00  .13870010E+05
 .14911910E+03  .65947700E+03  .25817430E+07  .19660630E+06 -.12960480E+00  .13870010E+05
 .13474720E+03  .66622050E+03  .26612150E+07  .21390540E+06 -.11082910E+00  .10174080E+05
 .12239150E+03  .67510900E+03  .27416730E+07  .23522970E+06 -.95712700E-01  .81049790E+04
 .11165300E+03  .68637010E+03  .28233360E+07  .25910570E+06 -.83680660E-01  .65344310E+04
 .10222600E+03  .70045840E+03  .29065150E+07  .28471800E+06 -.73715380E-01  .53778240E+04
 .93905060E+02  .71771330E+03  .29915730E+07  .31137880E+06 -.65166290E-01  .45558500E+04
 .86543470E+02  .73828820E+03  .30788990E+07  .33857040E+06 -.57690320E-01  .39824720E+04
 .80021750E+02  .76220030E+03  .31688950E+07  .36602890E+06 -.51156900E-01  .35763070E+04
 .74230770E+02  .78943370E+03  .32619600E+07  .39375100E+06 -.45497740E-01  .32792150E+04
 .69071550E+02  .81996190E+03  .33584910E+07  .42178320E+06 -.40606520E-01  .30602170E+04
 .64459560E+02  .85369460E+03  .34588790E+07  .45009980E+06 -.36357340E-01  .29035120E+04
 .60324160E+02  .89045800E+03  .35634990E+07  .47864450E+06 -.32650180E-01  .27966820E+04
 .56604500E+02  .93004090E+03  .36727020E+07  .50740420E+06 -.29419150E-01  .27269200E+04
 .53246500E+02  .97226140E+03  .37868140E+07  .53642890E+06 -.26614620E-01  .26824380E+04
 .50201850E+02  .10170030E+04  .39061450E+07  .56581180E+06 -.24188520E-01  .26542050E+04
 .47428100E+02  .10642140E+04  .40309940E+07  .59566590E+06 -.22091510E-01  .26362240E+04
 .44888640E+02  .11138950E+04  .41616560E+07  .62611390E+06 -.20275910E-01  .26248220E+04
 .10000000E+02  .28000000E+02  .00000000E+00  .14000000E+02  .17000000E+02  .70908650E+04
 .31694080E+03  .64798050E+03  .21079550E+07  .12453360E+06 -.36981860E+00  .90025160E+06
 .33838710E+03  .64793570E+03  .20716690E+07  .12466360E+06 -.39602950E+00  .68150700E+06
 .36126700E+03  .64786300E+03  .20353870E+07  .12683800E+06 -.42064160E+00  .36394870E+06
 .38541640E+03  .64771550E+03  .19991100E+07  .13195320E+06 -.44079490E+00  .17332000E+06
 .41048460E+03  .64740950E+03  .19628460E+07  .14115640E+06 -.45286200E+00  .85626030E+05
 .43592600E+03  .64682380E+03  .19266060E+07  .15380440E+06 -.45388590E+00  .46987950E+05
 .46114960E+03  .64582400E+03  .18904090E+07  .17621630E+06 -.44578000E+00  .28965810E+05
 .48576200E+03  .64429350E+03  .18542830E+07  .21089170E+06 -.43272650E+00  .19768210E+05
 .50957740E+03  .64215660E+03  .18182600E+07  .25774310E+06 -.41754670E+00  .14663040E+05
 .53248650E+03  .63939210E+03  .17823730E+07  .31266200E+06 -.40012240E+00  .11666690E+05
 .53248650E+03  .63939210E+03  .17823730E+07  .31266200E+06 -.40012240E+00  .11666690E+05
 .58768180E+03  .62942750E+03  .16871740E+07  .41754340E+06 -.32828210E+00  .84207770E+04
 .63260820E+03  .61733890E+03  .15938540E+07  .56142310E+06 -.28549560E+00  .69614060E+04
 .67298570E+03  .60326260E+03  .15022900E+07  .72060090E+06 -.25390030E+00  .61285990E+04
 .70902090E+03  .58796260E+03  .14129360E+07  .88378030E+06 -.22725220E+00  .55942030E+04
 .74134810E+03  .57185630E+03  .13259420E+07  .10506710E+07 -.20435210E+00  .52327680E+04
 .77048650E+03  .55527310E+03  .12414030E+07  .12183650E+07 -.18464750E+00  .49777980E+04
 .79687480E+03  .53846220E+03  .11593710E+07  .13825860E+07 -.16759160E+00  .47908880E+04
 .82086950E+03  .52160770E+03  .10798660E+07  .15394350E+07 -.15265110E+00  .46495570E+04
 .84275360E+03  .50484600E+03  .10028840E+07  .16863190E+07 -.13938600E+00  .45403210E+04
 .86275260E+03  .48827940E+03  .92840240E+06  .18219860E+07 -.12746930E+00  .44545750E+04
 .88104990E+03  .47198370E+03  .85638640E+06  .19460950E+07 -.11666290E+00  .43864020E+04
 .89779790E+03  .45601450E+03  .78679090E+06  .20587430E+07 -.10678510E+00  .43315500E+04
 .91312430E+03  .44041150E+03  .71956380E+06  .21601210E+07 -.97686650E-01  .42869770E+04
 .92713620E+03  .42520240E+03  .65464780E+06  .22503250E+07 -.89237430E-01  .42505920E+04
 .93992220E+03  .41040660E+03  .59198240E+06  .23292540E+07 -.81321090E-01  .42210000E+04
 .95155400E+03  .39603700E+03  .53150450E+06  .23965610E+07 -.73833120E-01  .41972290E+04
 .96208880E+03  .38210150E+03  .47314950E+06  .24516010E+07 -.66679390E-01  .41784750E+04
 .97157020E+03  .36860390E+03  .41685210E+06  .24933690E+07 -.59773620E-01  .41639110E+04
 .98002920E+03  .35554360E+03  .36254650E+06  .25204210E+07 -.53034440E-01  .41526150E+04
 .98748500E+03  .34291600E+03  .31016740E+06  .25308350E+07 -.46386050E-01  .41436670E+04
 .99394650E+03  .33071360E+03  .25965040E+06  .25222200E+07 -.39768030E-01  .41363420E+04
 .99941500E+03  .31892660E+03  .21093250E+06  .24917290E+07 -.33140280E-01  .41301130E+04
 .10038850E+04  .30754350E+03  .16395230E+06  .24360170E+07 -.26429510E-01  .41243050E+04
 .10073290E+04  .29655150E+03  .11864990E+06  .23518920E+07 -.19413900E-01  .41183130E+04
 .10096710E+04  .28593700E+03  .74967950E+05  .22384430E+07 -.11639750E-01  .41123880E+04
 .10107450E+04  .27568910E+03  .32850520E+05  .21000810E+07 -.23327190E-02  .41076500E+04
 .10102310E+04  .26580060E+03 -.77567450E+04  .19498650E+07  .97993860E-02  .41062080E+04
 .31694080E+03  .64798050E+03  .21079550E+07  .12453360E+06 -.36981860E+00  .90025160E+06
 .29696590E+03  .64802350E+03  .21442430E+07  .12586290E+06 -.34366210E+00  .73788030E+06
 .27843490E+03  .64808630E+03  .21805340E+07  .12831160E+06 -.31833070E+00  .44965660E+06
 .26129140E+03  .64819450E+03  .22168300E+07  .13169150E+06 -.29414630E+00  .25755590E+06
 .24546630E+03  .64837980E+03  .22531340E+07  .13588970E+06 -.27125900E+00  .15391240E+06
 .23088430E+03  .64867910E+03  .22894510E+07  .14082200E+06 -.24976700E+00  .98368470E+05
 .21746500E+03  .64913150E+03  .23257880E+07  .14640880E+06 -.22974460E+00  .67083520E+05
 .20512460E+03  .64977550E+03  .23621570E+07  .15256610E+06 -.21123550E+00  .48367270E+05
 .19377820E+03  .65064780E+03  .23985680E+07  .15920470E+06 -.19424300E+00  .36510070E+05
 .18334180E+03  .65178220E+03  .24350340E+07  .16623290E+06 -.17872820E+00  .28606700E+05
 .17373450E+03  .65320950E+03  .24715730E+07  .17356050E+06 -.16461630E+00  .23101920E+05
 .16488050E+03  .65495810E+03  .25082000E+07  .18110610E+06 -.15180650E+00  .19120650E+05
 .15671000E+03  .65705450E+03  .25449340E+07  .18880510E+06 -.14018470E+00  .16147500E+05
 .14915980E+03  .65952360E+03  .25817970E+07  .19662150E+06 -.12963390E+00  .13866180E+05
 .14915980E+03  .65952360E+03  .25817970E+07  .19662150E+06 -.12963390E+00  .13866180E+05
 .13478450E+03  .66626920E+03  .26612740E+07  .21392900E+06 -.11085800E+00  .10172070E+05
 .12242550E+03  .67516020E+03  .27417380E+07  .23526070E+06 -.95740090E-01  .81036050E+04
 .11168390E+03  .68642380E+03  .28234070E+07  .25914100E+06 -.83705360E-01  .65335470E+04
 .10225410E+03  .70051480E+03  .29065930E+07  .28475560E+06 -.73736950E-01  .53773140E+04
 .93930760E+02  .71777240E+03  .29916580E+07  .31141750E+06 -.65184860E-01  .45555970E+04
 .86567100E+02  .73834990E+03  .30789920E+07  .33860950E+06 -.57706220E-01  .39823760E+04
 .80043610E+02  .76226420E+03  .31689950E+07  .36606820E+06 -.51170630E-01  .35762980E+04
 .74251090E+02  .78949970E+03  .32620680E+07  .39379060E+06 -.45509720E-01  .32792520E+04
 .69090520E+02  .82002990E+03  .33586070E+07  .42182330E+06 -.40617080E-01  .30602830E+04
 .64477340E+02  .85376460E+03  .34590030E+07  .45014050E+06 -.36366690E-01  .29035990E+04
 .60340870E+02  .89052980E+03  .35636320E+07  .47868590E+06 -.32658520E-01  .27967810E+04
 .56620270E+02  .93011430E+03  .36728430E+07  .50744640E+06 -.29426630E-01  .27270250E+04
 .53261410E+02  .97233650E+03  .37869650E+07  .53647200E+06 -.26621380E-01  .26825430E+04
 .50215990E+02  .10170800E+04  .39063050E+07  .56585580E+06 -.24194690E-01  .26543050E+04
 .47441520E+02  .10642930E+04  .40311620E+07  .59571090E+06 -.22097170E-01  .26363180E+04
 .44901420E+02  .11139750E+04  .41618340E+07  .62616010E+06 -.20281150E-01  .26249070E+04
 .10000000E+02  .28000000E+02  .00000000E+00  .14000000E+02  .17000000E+02  .70908650E+04
 .31700500E+03  .64800990E+03  .21079810E+07  .12457620E+06 -.36982480E+00  .86285680E+06
 .33845130E+03  .64796340E+03  .20716930E+07  .12471220E+06 -.39602000E+00  .65894560E+06
 .36133010E+03  .64788880E+03  .20354090E+07  .12689450E+06 -.42061080E+00  .35696260E+06
 .38547700E+03  .64773920E+03  .19991310E+07  .13201930E+06 -.44073780E+00  .17157150E+06
 .41054130E+03  .64743100E+03  .19628650E+07  .14123360E+06 -.45277850E+00  .85160770E+05
 .43597800E+03  .64684290E+03  .19266240E+07  .15396870E+06 -.45378540E+00  .46843180E+05
 .46119500E+03  .64584070E+03  .18904270E+07  .17632640E+06 -.44564970E+00  .28914710E+05
 .48579990E+03  .64430820E+03  .18543000E+07  .21097900E+06 -.43259480E+00  .19747570E+05
 .50960840E+03  .64216940E+03  .18182750E+07  .25782670E+06 -.41743480E+00  .14653330E+05
 .53251200E+03  .63940340E+03  .17823880E+07  .31276110E+06 -.40004050E+00  .11661230E+05
 .53251200E+03  .63940340E+03  .17823880E+07  .31276110E+06 -.40004050E+00  .11661230E+05
 .58770090E+03  .62943510E+03  .16871880E+07  .41771820E+06 -.32827030E+00  .84182670E+04
 .63262240E+03  .61734460E+03  .15938660E+07  .56152430E+06 -.28546900E+00  .69607000E+04
 .67299680E+03  .60326710E+03  .15023020E+07  .72069510E+06 -.25388380E+00  .61282230E+04
 .70903000E+03  .58796620E+03  .14129470E+07  .88386960E+06 -.22724090E+00  .55939740E+04
 .74135570E+03  .57185930E+03  .13259520E+07  .10507570E+07 -.20434400E+00  .52326180E+04
 .77049300E+03  .55527560E+03  .12414130E+07  .12184490E+07 -.18464150E+00  .49776930E+04
 .79688060E+03  .53846440E+03  .11593810E+07  .13826680E+07 -.16758710E+00  .47908120E+04
 .82087470E+03  .52160950E+03  .10798760E+07  .15395140E+07 -.15264770E+00  .46494990E+04
 .84275840E+03  .50484760E+03  .10028930E+07  .16863960E+07 -.13938340E+00  .45402750E+04
 .86275700E+03  .48828080E+03  .92841160E+06  .18220610E+07 -.12746720E+00  .44545380E+04
 .88105400E+03  .47198490E+03  .85639550E+06  .19461670E+07 -.11666120E+00  .43863720E+04
 .89780170E+03  .45601560E+03  .78679980E+06  .20588120E+07 -.10678370E+00  .43315240E+04
 .91312800E+03  .44041240E+03  .71957250E+06  .21601880E+07 -.97685550E-01  .42869550E+04
 .92713980E+03  .42520320E+03  .65465640E+06  .22503890E+07 -.89236540E-01  .42505720E+04
 .93992560E+03  .41040730E+03  .59199090E+06  .23293160E+07 -.81320370E-01  .42209810E+04
 .95155730E+03  .39603760E+03  .53151290E+06  .23966210E+07 -.73832550E-01  .41972120E+04
 .96209200E+03  .38210210E+03  .47315790E+06  .24516600E+07 -.66678960E-01  .41784590E+04
 .97157340E+03  .36860440E+03  .41686030E+06  .24934250E+07 -.59773320E-01  .41638950E+04
 .98003240E+03  .35554400E+03  .36255470E+06  .25204760E+07 -.53034280E-01  .41526000E+04
 .98748820E+03  .34291640E+03  .31017550E+06  .25308880E+07 -.46386040E-01  .41436510E+04
 .99394960E+03  .33071390E+03  .25965850E+06  .25222710E+07 -.39768190E-01  .41363260E+04
 .99941820E+03  .31892680E+03  .21094050E+06  .24917770E+07 -.33140650E-01  .41300970E+04
 .10038880E+04  .30754380E+03  .16396020E+06  .24360620E+07 -.26430140E-01  .41242880E+04
 .10073320E+04  .29655160E+03  .11865790E+06  .23519320E+07 -.19414850E-01  .41182920E+04
 .10096750E+04  .28593710E+03  .74975870E+05  .22384770E+07 -.11641100E-01  .41123630E+04
 .10107490E+04  .27568910E+03  .32858430E+05  .21001100E+07 -.23345010E-02  .41076170E+04
 .10102350E+04  .26580050E+03 -.77488260E+04  .19498890E+07  .97972970E-02  .41061600E+04
 .31700500E+03  .64800990E+03  .21079810E+07  .12457620E+06 -.36982480E+00  .86285680E+06
 .29702940E+03  .64805460E+03  .21442700E+07  .12590060E+06 -.34367940E+00  .71328870E+06
 .27849730E+03  .64811910E+03  .21805630E+07  .12834540E+06 -.31835620E+00  .44068220E+06
 .26135210E+03  .64822890E+03  .22168600E+07  .13172190E+06 -.29417770E+00  .25470420E+06
 .24552520E+03  .64841580E+03  .22531660E+07  .13591720E+06 -.27129440E+00  .15294230E+06
 .23094110E+03  .64871660E+03  .22894850E+07  .14084690E+06 -.24980490E+00  .97996060E+05
 .21751960E+03  .64917030E+03  .23258250E+07  .14643130E+06 -.22978380E+00  .66922200E+05
 .20517710E+03  .64981570E+03  .23621960E+07  .15258650E+06 -.21127480E+00  .48289520E+05
 .19382850E+03  .65068920E+03  .23986090E+07  .15922310E+06 -.19428160E+00  .36469080E+05
 .18338990E+03  .65182480E+03  .24350780E+07  .16624960E+06 -.17876540E+00  .28583430E+05
 .17378060E+03  .65325310E+03  .24716190E+07  .17357590E+06 -.16465160E+00  .23087900E+05
 .16492460E+03  .65500280E+03  .25082480E+07  .18112060E+06 -.15183970E+00  .19111810E+05
 .15675230E+03  .65710020E+03  .25449850E+07  .18881940E+06 -.14021580E+00  .16141750E+05
 .14920050E+03  .65957030E+03  .25818500E+07  .19663670E+06 -.12966300E+00  .13862370E+05
 .14920050E+03  .65957030E+03  .25818500E+07  .19663670E+06 -.12966300E+00  .13862370E+05
 .13482190E+03  .66631810E+03  .26613330E+07  .21395270E+06 -.11088690E+00  .10170070E+05
 .12245950E+03  .67521120E+03  .27418040E+07  .23529160E+06 -.95767470E-01  .81022330E+04
 .11171470E+03  .68647750E+03  .28234790E+07  .25917640E+06 -.83730060E-01  .65326650E+04
 .10228220E+03  .70057120E+03  .29066720E+07  .28479330E+06 -.73758520E-01  .53768050E+04
 .93956440E+02  .71783150E+03  .29917430E+07  .31145630E+06 -.65203410E-01  .45553430E+04
 .86590730E+02  .73841140E+03  .30790840E+07  .33864870E+06 -.57722110E-01  .39822810E+04
 .80065460E+02  .76232800E+03  .31690950E+07  .36610750E+06 -.51184350E-01  .35762890E+04
 .74271400E+02  .78956570E+03  .32621760E+07  .39383020E+06 -.45521710E-01  .32792900E+04
 .69109480E+02  .82009800E+03  .33587230E+07  .42186340E+06 -.40627640E-01  .30603490E+04
 .64495110E+02  .85383460E+03  .34591270E+07  .45018130E+06 -.36376050E-01  .29036850E+04
 .60357580E+02  .89060150E+03  .35637640E+07  .47872740E+06 -.32666850E-01  .27968810E+04
 .56636030E+02  .93018770E+03  .36729850E+07  .50748870E+06 -.29434110E-01  .27271310E+04
 .53276330E+02  .97241160E+03  .37871150E+07  .53651510E+06 -.26628140E-01  .26826480E+04
 .50230130E+02  .10171560E+04  .39064640E+07  .56589980E+06 -.24200850E-01  .26544060E+04
 .47454950E+02  .10643710E+04  .40313310E+07  .59575590E+06 -.22102830E-01  .26364120E+04
 .44914190E+02  .11140560E+04  .41620120E+07  .62620610E+06 -.20286380E-01  .26249930E+04
 .10000000E+02  .28000000E+02  .00000000E+00  .14000000E+02  .17000000E+02  .70908650E+04
 .31706920E+03  .64803930E+03  .21080060E+07  .12461870E+06 -.36983090E+00  .82845360E+06
 .33851540E+03  .64799100E+03  .20717170E+07  .12476090E+06 -.39601040E+00  .63783490E+06
 .36139310E+03  .64791460E+03  .20354310E+07  .12695100E+06 -.42057990E+00  .35024110E+06
 .38553760E+03  .64776290E+03  .19991520E+07  .13208550E+06 -.44068070E+00  .16985850E+06
 .41059790E+03  .64745250E+03  .19628850E+07  .14131070E+06 -.45269500E+00  .84700740E+05
 .43602990E+03  .64686200E+03  .19266420E+07  .15413270E+06 -.45368550E+00  .46699300E+05
 .46124040E+03  .64585750E+03  .18904440E+07  .17643610E+06 -.44551960E+00  .28863830E+05
 .48583780E+03  .64432290E+03  .18543160E+07  .21106610E+06 -.43246330E+00  .19726990E+05
 .50963940E+03  .64218230E+03  .18182910E+07  .25791020E+06 -.41732290E+00  .14643640E+05
 .53253770E+03  .63941470E+03  .17824030E+07  .31286000E+06 -.39995870E+00  .11655790E+05
 .53253770E+03  .63941470E+03  .17824030E+07  .31286000E+06 -.39995870E+00  .11655790E+05
 .58772010E+03  .62944270E+03  .16872010E+07  .41789290E+06 -.32825850E+00  .84157600E+04
 .63263670E+03  .61735030E+03  .15938790E+07  .56162540E+06 -.28544230E+00  .69599930E+04
 .67300790E+03  .60327150E+03  .15023140E+07  .72078930E+06 -.25386730E+00  .61278470E+04
 .70903910E+03  .58796990E+03  .14129580E+07  .88395900E+06 -.22722970E+00  .55937460E+04
 .74136330E+03  .57186220E+03  .13259630E+07  .10508440E+07 -.20433590E+00  .52324680E+04
 .77049960E+03  .55527810E+03  .12414230E+07  .12185330E+07 -.18463550E+00  .49775890E+04
 .79688630E+03  .53846640E+03  .11593910E+07  .13827500E+07 -.16758260E+00  .47907360E+04
 .82087990E+03  .52161130E+03  .10798860E+07  .15395940E+07 -.15264420E+00  .46494410E+04
 .84276310E+03  .50484920E+03  .10029030E+07  .16864740E+07 -.13938070E+00  .45402290E+04
 .86276140E+03  .48828210E+03  .92842090E+06  .18221350E+07 -.12746510E+00  .44545010E+04
 .88105800E+03  .47198610E+03  .85640460E+06  .19462380E+07 -.11665960E+00  .43863410E+04
 .89780560E+03  .45601660E+03  .78680880E+06  .20588800E+07 -.10678240E+00  .43314980E+04
 .91313170E+03  .44041330E+03  .71958130E+06  .21602540E+07 -.97684460E-01  .42869320E+04
 .92714340E+03  .42520410E+03  .65466500E+06  .22504530E+07 -.89235650E-01  .42505520E+04
 .93992900E+03  .41040810E+03  .59199940E+06  .23293780E+07 -.81319650E-01  .42209630E+04
 .95156070E+03  .39603820E+03  .53152130E+06  .23966810E+07 -.73831980E-01  .41971950E+04
 .96209530E+03  .38210270E+03  .47316620E+06  .24517180E+07 -.66678530E-01  .41784430E+04
 .97157660E+03  .36860490E+03  .41686860E+06  .24934820E+07 -.59773020E-01  .41638800E+04
 .98003560E+03  .35554450E+03  .36256280E+06  .25205310E+07 -.53034120E-01  .41525840E+04
 .98749140E+03  .34291680E+03  .31018360E+06  .25309410E+07 -.46386030E-01  .41436360E+04
 .99395280E+03  .33071430E+03  .25966650E+06  .25223220E+07 -.39768350E-01  .41363110E+04
 .99942140E+03  .31892710E+03  .21094850E+06  .24918250E+07 -.33141010E-01  .41300810E+04
 .10038910E+04  .30754400E+03  .16396820E+06  .24361060E+07 -.26430760E-01  .41242700E+04
 .10073360E+04  .29655180E+03  .11866580E+06  .23519720E+07 -.19415800E-01  .41182720E+04
 .10096790E+04  .28593720E+03  .74983790E+05  .22385110E+07 -.11642460E-01  .41123380E+04
 .10107530E+04  .27568910E+03  .32866340E+05  .21001380E+07 -.23362830E-02  .41075840E+04
 .10102400E+04  .26580040E+03 -.77409070E+04  .19499130E+07  .97952090E-02  .41061110E+04
 .31706920E+03  .64803930E+03  .21080060E+07  .12461870E+06 -.36983090E+00  .82845360E+06
 .29709300E+03  .64808580E+03  .21442970E+07  .12593830E+06 -.34369680E+00  .69028980E+06
 .27855960E+03  .64815200E+03  .21805920E+07  .12837920E+06 -.31838160E+00  .43206130E+06
 .26141280E+03  .64826340E+03  .22168910E+07  .13175230E+06 -.29420890E+00  .25191560E+06
 .24558400E+03  .64845180E+03  .22531990E+07  .13594470E+06 -.27132970E+00  .15198470E+06
 .23099790E+03  .64875410E+03  .22895200E+07  .14087180E+06 -.24984290E+00  .97626550E+05
 .21757420E+03  .64920920E+03  .23258620E+07  .14645380E+06 -.22982300E+00  .66761680E+05
 .20522950E+03  .64985580E+03  .23622350E+07  .15260680E+06 -.21131410E+00  .48212050E+05
 .19387870E+03  .65073060E+03  .23986500E+07  .15924150E+06 -.19432010E+00  .36428200E+05
 .18343800E+03  .65186720E+03  .24351220E+07  .16626630E+06 -.17880260E+00  .28560210E+05
 .17382670E+03  .65329680E+03  .24716650E+07  .17359120E+06 -.16468690E+00  .23073910E+05
 .16496880E+03  .65504740E+03  .25082970E+07  .18113510E+06 -.15187300E+00  .19102990E+05
 .15679470E+03  .65714580E+03  .25450360E+07  .18883370E+06 -.14024690E+00  .16136010E+05
 .14924120E+03  .65961680E+03  .25819040E+07  .19665180E+06 -.12969210E+00  .13858550E+05
 .14924120E+03  .65961680E+03  .25819040E+07  .19665180E+06 -.12969210E+00  .13858550E+05
 .13485930E+03  .66636690E+03  .26613930E+07  .21397640E+06 -.11091590E+00  .10168070E+05
 .12249350E+03  .67526230E+03  .27418690E+07  .23532260E+06 -.95794850E-01  .81008610E+04
 .11174560E+03  .68653110E+03  .28235500E+07  .25921180E+06 -.83754750E-01  .65317830E+04
 .10231030E+03  .70062760E+03  .29067500E+07  .28483090E+06 -.73780090E-01  .53762960E+04
 .93982120E+02  .71789060E+03  .29918280E+07  .31149500E+06 -.65221970E-01  .45550900E+04
 .86614350E+02  .73847300E+03  .30791760E+07  .33868780E+06 -.57738010E-01  .39821870E+04
 .80087310E+02  .76239190E+03  .31691950E+07  .36614680E+06 -.51198060E-01  .35762810E+04
 .74291710E+02  .78963180E+03  .32622830E+07  .39386980E+06 -.45533680E-01  .32793270E+04
 .69128440E+02  .82016600E+03  .33588390E+07  .42190360E+06 -.40638200E-01  .30604150E+04
 .64512880E+02  .85390450E+03  .34592510E+07  .45022210E+06 -.36385410E-01  .29037720E+04
 .60374290E+02  .89067320E+03  .35638970E+07  .47876890E+06 -.32675180E-01  .27969810E+04
 .56651790E+02  .93026120E+03  .36731260E+07  .50753090E+06 -.29441580E-01  .27272370E+04
 .53291240E+02  .97248660E+03  .37872650E+07  .53655810E+06 -.26634900E-01  .26827530E+04
 .50244260E+02  .10172330E+04  .39066230E+07  .56594380E+06 -.24207010E-01  .26545070E+04
 .47468380E+02  .10644500E+04  .40315000E+07  .59580090E+06 -.22108500E-01  .26365050E+04
 .44926970E+02  .11141360E+04  .41621900E+07  .62625230E+06 -.20291610E-01  .26250790E+04
 .10000000E+02  .28000000E+02  .00000000E+00  .14000000E+02  .17000000E+02  .70908650E+04
 .31713340E+03  .64806880E+03  .21080310E+07  .12466120E+06 -.36983700E+00  .79669670E+06
 .33857960E+03  .64801870E+03  .20717400E+07  .12480960E+06 -.39600080E+00  .61803930E+06
 .36145610E+03  .64794030E+03  .20354530E+07  .12700750E+06 -.42054890E+00  .34376950E+06
 .38559810E+03  .64778660E+03  .19991720E+07  .13215160E+06 -.44062360E+00  .16817970E+06
 .41065450E+03  .64747390E+03  .19629040E+07  .14138790E+06 -.45261160E+00  .84245850E+05
 .43608180E+03  .64688110E+03  .19266610E+07  .15429610E+06 -.45358630E+00  .46556320E+05
 .46128570E+03  .64587420E+03  .18904610E+07  .17654550E+06 -.44538990E+00  .28813150E+05
 .48587570E+03  .64433750E+03  .18543330E+07  .21115290E+06 -.43233200E+00  .19706480E+05
 .50967040E+03  .64219510E+03  .18183070E+07  .25799340E+06 -.41721110E+00  .14633980E+05
 .53256320E+03  .63942590E+03  .17824180E+07  .31295880E+06 -.39987690E+00  .11650360E+05
 .53256320E+03  .63942590E+03  .17824180E+07  .31295880E+06 -.39987690E+00  .11650360E+05
 .58773930E+03  .62945030E+03  .16872150E+07  .41806760E+06 -.32824670E+00  .84132550E+04
 .63265090E+03  .61735600E+03  .15938910E+07  .56172660E+06 -.28541570E+00  .69592880E+04
 .67301900E+03  .60327610E+03  .15023260E+07  .72088340E+06 -.25385070E+00  .61274710E+04
 .70904810E+03  .58797350E+03  .14129700E+07  .88404840E+06 -.22721840E+00  .55935180E+04
 .74137090E+03  .57186520E+03  .13259740E+07  .10509300E+07 -.20432770E+00  .52323180E+04
 .77050610E+03  .55528060E+03  .12414340E+07  .12186170E+07 -.18462950E+00  .49774850E+04
 .79689210E+03  .53846860E+03  .11594010E+07  .13828320E+07 -.16757810E+00  .47906600E+04
 .82088510E+03  .52161310E+03  .10798950E+07  .15396740E+07 -.15264080E+00  .46493830E+04
 .84276790E+03  .50485070E+03  .10029120E+07  .16865510E+07 -.13937810E+00  .45401840E+04
 .86276570E+03  .48828350E+03  .92843020E+06  .18222090E+07 -.12746310E+00  .44544640E+04
 .88106220E+03  .47198730E+03  .85641370E+06  .19463100E+07 -.11665790E+00  .43863100E+04
 .89780950E+03  .45601770E+03  .78681760E+06  .20589490E+07 -.10678110E+00  .43314720E+04
 .91313540E+03  .44041430E+03  .71959000E+06  .21603200E+07 -.97683370E-01  .42869090E+04
 .92714690E+03  .42520490E+03  .65467360E+06  .22505170E+07 -.89234760E-01  .42505320E+04
 .93993250E+03  .41040880E+03  .59200790E+06  .23294400E+07 -.81318930E-01  .42209450E+04
 .95156400E+03  .39603890E+03  .53152970E+06  .23967410E+07 -.73831420E-01  .41971790E+04
 .96209860E+03  .38210320E+03  .47317450E+06  .24517770E+07 -.66678100E-01  .41784280E+04
 .97157980E+03  .36860540E+03  .41687680E+06  .24935390E+07 -.59772730E-01  .41638650E+04
 .98003880E+03  .35554490E+03  .36257100E+06  .25205870E+07 -.53033960E-01  .41525690E+04
 .98749460E+03  .34291720E+03  .31019170E+06  .25309950E+07 -.46386020E-01  .41436210E+04
 .99395600E+03  .33071460E+03  .25967460E+06  .25223730E+07 -.39768510E-01  .41362950E+04
 .99942460E+03  .31892740E+03  .21095660E+06  .24918730E+07 -.33141380E-01  .41300640E+04
 .10038950E+04  .30754420E+03  .16397620E+06  .24361510E+07 -.26431380E-01  .41242520E+04
 .10073390E+04  .29655190E+03  .11867380E+06  .23520120E+07 -.19416760E-01  .41182520E+04
 .10096820E+04  .28593730E+03  .74991710E+05  .22385450E+07 -.11643810E-01  .41123130E+04
 .10107570E+04  .27568910E+03  .32874260E+05  .21001660E+07 -.23380650E-02  .41075510E+04
 .10102440E+04  .26580040E+03 -.77329880E+04  .19499360E+07  .97931200E-02  .41060630E+04
 .31713340E+03  .64806880E+03  .21080310E+07  .12466120E+06 -.36983700E+00  .79669670E+06
 .29715650E+03  .64811690E+03  .21443240E+07  .12597600E+06 -.34371400E+00  .66873380E+06
 .27862190E+03  .64818480E+03  .21806200E+07  .12841290E+06 -.31840700E+00  .42377350E+06
 .26147350E+03  .64829780E+03  .22169220E+07  .13178280E+06 -.29424010E+00  .24918820E+06
 .24564290E+03  .64848780E+03  .22532310E+07  .13597220E+06 -.27136500E+00  .15103920E+06
 .23105470E+03  .64879150E+03  .22895540E+07  .14089660E+06 -.24988080E+00  .97259910E+05
 .21762880E+03  .64924800E+03  .23258990E+07  .14647630E+06 -.22986220E+00  .66601980E+05
 .20528190E+03  .64989590E+03  .23622740E+07  .15262710E+06 -.21135350E+00  .48134840E+05
 .19392900E+03  .65077190E+03  .23986910E+07  .15925990E+06 -.19435870E+00  .36387410E+05
 .18348620E+03  .65190980E+03  .24351650E+07  .16628290E+06 -.17883970E+00  .28537030E+05
 .17387280E+03  .65334030E+03  .24717110E+07  .17360650E+06 -.16472220E+00  .23059940E+05
 .16501300E+03  .65509210E+03  .25083450E+07  .18114950E+06 -.15190620E+00  .19094190E+05
 .15683710E+03  .65719150E+03  .25450880E+07  .18884810E+06 -.14027800E+00  .16130270E+05
 .14928180E+03  .65966340E+03  .25819580E+07  .19666700E+06 -.12972120E+00  .13854740E+05
 .14928180E+03  .65966340E+03  .25819580E+07  .19666700E+06 -.12972120E+00  .13854740E+05
 .13489670E+03  .66641560E+03  .26614520E+07  .21400010E+06 -.11094480E+00  .10166060E+05
 .12252750E+03  .67531340E+03  .27419340E+07  .23535360E+06 -.95822230E-01  .80994900E+04
 .11177650E+03  .68658480E+03  .28236220E+07  .25924720E+06 -.83779440E-01  .65309010E+04
 .10233840E+03  .70068400E+03  .29068280E+07  .28486850E+06 -.73801650E-01  .53757880E+04
 .94007800E+02  .71794960E+03  .29919130E+07  .31153380E+06 -.65240520E-01  .45548370E+04
 .86637960E+02  .73853450E+03  .30792690E+07  .33872690E+06 -.57753890E-01  .39820920E+04
 .80109160E+02  .76245570E+03  .31692950E+07  .36618610E+06 -.51211770E-01  .35762720E+04
 .74312030E+02  .78969780E+03  .32623910E+07  .39390940E+06 -.45545660E-01  .32793640E+04
 .69147410E+02  .82023400E+03  .33589540E+07  .42194370E+06 -.40648750E-01  .30604810E+04
 .64530650E+02  .85397450E+03  .34593750E+07  .45026280E+06 -.36394760E-01  .29038580E+04
 .60391000E+02  .89074490E+03  .35640290E+07  .47881040E+06 -.32683520E-01  .27970810E+04
 .56667560E+02  .93033450E+03  .36732670E+07  .50757310E+06 -.29449060E-01  .27273420E+04
 .53306140E+02  .97256160E+03  .37874150E+07  .53660120E+06 -.26641660E-01  .26828580E+04
 .50258400E+02  .10173100E+04  .39067830E+07  .56598770E+06 -.24213170E-01  .26546070E+04
 .47481810E+02  .10645280E+04  .40316680E+07  .59584590E+06 -.22114150E-01  .26365990E+04
 .44939740E+02  .11142160E+04  .41623680E+07  .62629830E+06 -.20296850E-01  .26251640E+04
 .10000000E+02  .28000000E+02  .00000000E+00  .14000000E+02  .17000000E+02  .70908650E+04
 .31719750E+03  .64809810E+03  .21080560E+07  .12470380E+06 -.36984300E+00  .76729230E+06
 .33864360E+03  .64804630E+03  .20717640E+07  .12485820E+06 -.39599110E+00  .59943960E+06
 .36151910E+03  .64796610E+03  .20354750E+07  .12706400E+06 -.42051800E+00  .33753410E+06
 .38565860E+03  .64781040E+03  .19991930E+07  .13221780E+06 -.44056640E+00  .16653430E+06
 .41071100E+03  .64749540E+03  .19629240E+07  .14146510E+06 -.45252810E+00  .83796010E+05
 .43613360E+03  .64690010E+03  .19266790E+07  .15445920E+06 -.45348790E+00  .46414200E+05
 .46133100E+03  .64589090E+03  .18904790E+07  .17665450E+06 -.44526050E+00  .28762680E+05
 .48591360E+03  .64435220E+03  .18543490E+07  .21123950E+06 -.43220080E+00  .19686020E+05
 .50970140E+03  .64220790E+03  .18183220E+07  .25807650E+06 -.41709930E+00  .14624340E+05
 .53258870E+03  .63943720E+03  .17824340E+07  .31305750E+06 -.39979510E+00  .11644940E+05
 .53258870E+03  .63943720E+03  .17824340E+07  .31305750E+06 -.39979510E+00  .11644940E+05
 .58775840E+03  .62945790E+03  .16872280E+07  .41824230E+06 -.32823500E+00  .84107520E+04
 .63266520E+03  .61736180E+03  .15939040E+07  .56182770E+06 -.28538910E+00  .69585830E+04
 .67303010E+03  .60328050E+03  .15023380E+07  .72097760E+06 -.25383420E+00  .61270950E+04
 .70905710E+03  .58797710E+03  .14129810E+07  .88413770E+06 -.22720710E+00  .55932900E+04
 .74137850E+03  .57186820E+03  .13259850E+07  .10510160E+07 -.20431960E+00  .52321680E+04
 .77051270E+03  .55528310E+03  .12414440E+07  .12187020E+07 -.18462350E+00  .49773810E+04
 .79689790E+03  .53847070E+03  .11594110E+07  .13829140E+07 -.16757360E+00  .47905830E+04
 .82089030E+03  .52161490E+03  .10799050E+07  .15397540E+07 -.15263740E+00  .46493260E+04
 .84277260E+03  .50485230E+03  .10029220E+07  .16866280E+07 -.13937540E+00  .45401380E+04
 .86277010E+03  .48828490E+03  .92843950E+06  .18222840E+07 -.12746100E+00  .44544270E+04
 .88106630E+03  .47198850E+03  .85642280E+06  .19463810E+07 -.11665620E+00  .43862790E+04
 .89781340E+03  .45601870E+03  .78682660E+06  .20590180E+07 -.10677970E+00  .43314450E+04
 .91313920E+03  .44041520E+03  .71959880E+06  .21603870E+07 -.97682270E-01  .42868870E+04
 .92715050E+03  .42520570E+03  .65468230E+06  .22505810E+07 -.89233870E-01  .42505120E+04
 .93993590E+03  .41040950E+03  .59201640E+06  .23295020E+07 -.81318210E-01  .42209270E+04
 .95156730E+03  .39603960E+03  .53153810E+06  .23968020E+07 -.73830840E-01  .41971620E+04
 .96210190E+03  .38210380E+03  .47318280E+06  .24518350E+07 -.66677670E-01  .41784120E+04
 .97158310E+03  .36860590E+03  .41688510E+06  .24935960E+07 -.59772430E-01  .41638490E+04
 .98004190E+03  .35554530E+03  .36257920E+06  .25206420E+07 -.53033800E-01  .41525540E+04
 .98749770E+03  .34291760E+03  .31019980E+06  .25310480E+07 -.46386010E-01  .41436050E+04
 .99395920E+03  .33071490E+03  .25968260E+06  .25224240E+07 -.39768670E-01  .41362790E+04
 .99942790E+03  .31892760E+03  .21096460E+06  .24919210E+07 -.33141740E-01  .41300470E+04
 .10038980E+04  .30754440E+03  .16398410E+06  .24361950E+07 -.26432010E-01  .41242340E+04
 .10073430E+04  .29655210E+03  .11868170E+06  .23520510E+07 -.19417710E-01  .41182320E+04
 .10096860E+04  .28593730E+03  .74999640E+05  .22385790E+07 -.11645170E-01  .41122890E+04
 .10107600E+04  .27568920E+03  .32882180E+05  .21001950E+07 -.23398470E-02  .41075180E+04
 .10102480E+04  .26580030E+03 -.77250690E+04  .19499600E+07  .97910320E-02  .41060150E+04
 .31719750E+03  .64809810E+03  .21080560E+07  .12470380E+06 -.36984300E+00  .76729230E+06
 .29722000E+03  .64814810E+03  .21443510E+07  .12601370E+06 -.34373130E+00  .64848890E+06
 .27868420E+03  .64821760E+03  .21806490E+07  .12844670E+06 -.31843230E+00  .41579990E+06
 .26153420E+03  .64833220E+03  .22169520E+07  .13181310E+06 -.29427130E+00  .24651980E+06
 .24570170E+03  .64852370E+03  .22532640E+07  .13599960E+06 -.27140040E+00  .15010560E+06
 .23111150E+03  .64882900E+03  .22895890E+07  .14092150E+06 -.24991870E+00  .96896080E+05
 .21768350E+03  .64928680E+03  .23259350E+07  .14649870E+06 -.22990130E+00  .66443060E+05
 .20533430E+03  .64993600E+03  .23623130E+07  .15264740E+06 -.21139270E+00  .48057910E+05
 .19397920E+03  .65081330E+03  .23987330E+07  .15927820E+06 -.19439720E+00  .36346730E+05
 .18353430E+03  .65195230E+03  .24352090E+07  .16629960E+06 -.17887680E+00  .28513890E+05
 .17391880E+03  .65338390E+03  .24717570E+07  .17362180E+06 -.16475750E+00  .23045990E+05
 .16505710E+03  .65513670E+03  .25083940E+07  .18116400E+06 -.15193940E+00  .19085390E+05
 .15687950E+03  .65723710E+03  .25451390E+07  .18886240E+06 -.14030910E+00  .16124550E+05
 .14932250E+03  .65971000E+03  .25820110E+07  .19668220E+06 -.12975030E+00  .13850930E+05
 .14932250E+03  .65971000E+03  .25820110E+07  .19668220E+06 -.12975030E+00  .13850930E+05
 .13493410E+03  .66646440E+03  .26615110E+07  .21402390E+06 -.11097380E+00  .10164060E+05
 .12256150E+03  .67536440E+03  .27420000E+07  .23538470E+06 -.95849620E-01  .80981180E+04
 .11180730E+03  .68663840E+03  .28236940E+07  .25928260E+06 -.83804120E-01  .65300200E+04
 .10236640E+03  .70074040E+03  .29069060E+07  .28490620E+06 -.73823210E-01  .53752800E+04
 .94033490E+02  .71800870E+03  .29919980E+07  .31157250E+06 -.65259060E-01  .45545850E+04
 .86661580E+02  .73859610E+03  .30793610E+07  .33876610E+06 -.57769780E-01  .39819980E+04
 .80131000E+02  .76251960E+03  .31693950E+07  .36622540E+06 -.51225490E-01  .35762640E+04
 .74332330E+02  .78976370E+03  .32624990E+07  .39394900E+06 -.45557640E-01  .32794020E+04
 .69166370E+02  .82030200E+03  .33590700E+07  .42198380E+06 -.40659310E-01  .30605470E+04
 .64548420E+02  .85404440E+03  .34594990E+07  .45030360E+06 -.36404110E-01  .29039450E+04
 .60407710E+02  .89081670E+03  .35641620E+07  .47885180E+06 -.32691850E-01  .27971800E+04
 .56683320E+02  .93040790E+03  .36734080E+07  .50761530E+06 -.29456530E-01  .27274480E+04
 .53321050E+02  .97263660E+03  .37875650E+07  .53664430E+06 -.26648410E-01  .26829630E+04
 .50272530E+02  .10173860E+04  .39069420E+07  .56603170E+06 -.24219330E-01  .26547080E+04
 .47495240E+02  .10646060E+04  .40318370E+07  .59589090E+06 -.22119810E-01  .26366930E+04
 .44952510E+02  .11142970E+04  .41625460E+07  .62634440E+06 -.20302080E-01  .26252500E+04
 .10000000E+02  .28000000E+02  .00000000E+00  .14000000E+02  .17000000E+02  .70908650E+04
 .31726170E+03  .64812760E+03  .21080810E+07  .12474630E+06 -.36984890E+00  .73998810E+06
 .33870770E+03  .64807390E+03  .20717880E+07  .12490690E+06 -.39598140E+00  .58193070E+06
 .36158200E+03  .64799180E+03  .20354980E+07  .12712050E+06 -.42048690E+00  .33152210E+06
 .38571910E+03  .64783400E+03  .19992140E+07  .13228400E+06 -.44050920E+00  .16492130E+06
 .41076760E+03  .64751680E+03  .19629430E+07  .14154230E+06 -.45244470E+00  .83351140E+05
 .43618540E+03  .64691930E+03  .19266970E+07  .15462180E+06 -.45339010E+00  .46272950E+05
 .46137630E+03  .64590770E+03  .18904960E+07  .17676320E+06 -.44513140E+00  .28712400E+05
 .48595140E+03  .64436680E+03  .18543660E+07  .21132580E+06 -.43206970E+00  .19665630E+05
 .50973250E+03  .64222080E+03  .18183380E+07  .25815940E+06 -.41698760E+00  .14614720E+05
 .53261430E+03  .63944850E+03  .17824490E+07  .31315590E+06 -.39971330E+00  .11639530E+05
 .53261430E+03  .63944850E+03  .17824490E+07  .31315590E+06 -.39971330E+00  .11639530E+05
 .58777750E+03  .62946550E+03  .16872420E+07  .41841690E+06 -.32822320E+00  .84082520E+04
 .63267940E+03  .61736740E+03  .15939170E+07  .56192890E+06 -.28536250E+00  .69578780E+04
 .67304120E+03  .60328500E+03  .15023500E+07  .72107180E+06 -.25381770E+00  .61267200E+04
 .70906620E+03  .58798070E+03  .14129920E+07  .88422710E+06 -.22719580E+00  .55930620E+04
 .74138620E+03  .57187120E+03  .13259950E+07  .10511030E+07 -.20431150E+00  .52320190E+04
 .77051930E+03  .55528560E+03  .12414550E+07  .12187860E+07 -.18461750E+00  .49772770E+04
 .79690370E+03  .53847280E+03  .11594210E+07  .13829970E+07 -.16756910E+00  .47905080E+04
 .82089550E+03  .52161670E+03  .10799150E+07  .15398340E+07 -.15263400E+00  .46492680E+04
 .84277730E+03  .50485390E+03  .10029310E+07  .16867050E+07 -.13937280E+00  .45400930E+04
 .86277450E+03  .48828620E+03  .92844880E+06  .18223580E+07 -.12745890E+00  .44543900E+04
 .88107040E+03  .47198970E+03  .85643180E+06  .19464530E+07 -.11665460E+00  .43862490E+04
 .89781730E+03  .45601980E+03  .78683550E+06  .20590870E+07 -.10677840E+00  .43314190E+04
 .91314280E+03  .44041610E+03  .71960760E+06  .21604530E+07 -.97681180E-01  .42868640E+04
 .92715410E+03  .42520660E+03  .65469090E+06  .22506450E+07 -.89232980E-01  .42504920E+04
 .93993930E+03  .41041030E+03  .59202490E+06  .23295640E+07 -.81317490E-01  .42209090E+04
 .95157070E+03  .39604020E+03  .53154650E+06  .23968620E+07 -.73830280E-01  .41971450E+04
 .96210510E+03  .38210440E+03  .47319110E+06  .24518930E+07 -.66677240E-01  .41783960E+04
 .97158620E+03  .36860640E+03  .41689330E+06  .24936530E+07 -.59772130E-01  .41638340E+04
 .98004510E+03  .35554580E+03  .36258730E+06  .25206970E+07 -.53033640E-01  .41525390E+04
 .98750090E+03  .34291790E+03  .31020790E+06  .25311010E+07 -.46386000E-01  .41435900E+04
 .99396230E+03  .33071520E+03  .25969070E+06  .25224750E+07 -.39768830E-01  .41362630E+04
 .99943100E+03  .31892790E+03  .21097260E+06  .24919700E+07 -.33142110E-01  .41300310E+04
 .10039010E+04  .30754460E+03  .16399210E+06  .24362390E+07 -.26432630E-01  .41242170E+04
 .10073460E+04  .29655220E+03  .11868960E+06  .23520910E+07 -.19418670E-01  .41182120E+04
 .10096890E+04  .28593740E+03  .75007560E+05  .22386140E+07 -.11646520E-01  .41122640E+04
 .10107640E+04  .27568920E+03  .32890090E+05  .21002230E+07 -.23416290E-02  .41074850E+04
 .10102520E+04  .26580020E+03 -.77171500E+04  .19499840E+07  .97889440E-02  .41059670E+04
 .31726170E+03  .64812760E+03  .21080810E+07  .12474630E+06 -.36984890E+00  .73998810E+06
 .29728350E+03  .64817920E+03  .21443780E+07  .12605140E+06 -.34374850E+00  .62943910E+06
 .27874650E+03  .64825040E+03  .21806780E+07  .12848040E+06 -.31845760E+00  .40812290E+06
 .26159490E+03  .64836660E+03  .22169830E+07  .13184350E+06 -.29430250E+00  .24390870E+06
 .24576050E+03  .64855970E+03  .22532960E+07  .13602710E+06 -.27143560E+00  .14918370E+06
 .23116820E+03  .64886640E+03  .22896240E+07  .14094630E+06 -.24995650E+00  .96535040E+05
 .21773810E+03  .64932560E+03  .23259720E+07  .14652110E+06 -.22994040E+00  .66284950E+05
 .20538670E+03  .64997610E+03  .23623520E+07  .15266760E+06 -.21143200E+00  .47981230E+05
 .19402940E+03  .65085460E+03  .23987740E+07  .15929650E+06 -.19443570E+00  .36306160E+05
 .18358240E+03  .65199480E+03  .24352520E+07  .16631620E+06 -.17891400E+00  .28490810E+05
 .17396490E+03  .65342750E+03  .24718030E+07  .17363710E+06 -.16479270E+00  .23032070E+05
 .16510130E+03  .65518130E+03  .25084420E+07  .18117840E+06 -.15197260E+00  .19076610E+05
 .15692180E+03  .65728270E+03  .25451890E+07  .18887670E+06 -.14034010E+00  .16118830E+05
 .14936320E+03  .65975650E+03  .25820650E+07  .19669740E+06 -.12977940E+00  .13847130E+05
 .14936320E+03  .65975650E+03  .25820650E+07  .19669740E+06 -.12977940E+00  .13847130E+05
 .13497150E+03  .66651320E+03  .26615700E+07  .21404770E+06 -.11100270E+00  .10162060E+05
 .12259550E+03  .67541550E+03  .27420650E+07  .23541570E+06 -.95877000E-01  .80967470E+04
 .11183820E+03  .68669200E+03  .28237650E+07  .25931800E+06 -.83828810E-01  .65291390E+04
 .10239450E+03  .70079680E+03  .29069840E+07  .28494380E+06 -.73844760E-01  .53747720E+04
 .94059160E+02  .71806770E+03  .29920830E+07  .31161130E+06 -.65277600E-01  .45543330E+04
 .86685200E+02  .73865770E+03  .30794530E+07  .33880520E+06 -.57785660E-01  .39819030E+04
 .80152850E+02  .76258340E+03  .31694950E+07  .36626470E+06 -.51239190E-01  .35762560E+04
 .74352640E+02  .78982970E+03  .32626060E+07  .39398860E+06 -.45569610E-01  .32794390E+04
 .69185320E+02  .82037000E+03  .33591860E+07  .42202390E+06 -.40669860E-01  .30606130E+04
 .64566180E+02  .85411430E+03  .34596230E+07  .45034430E+06 -.36413460E-01  .29040310E+04
 .60424420E+02  .89088830E+03  .35642940E+07  .47889330E+06 -.32700180E-01  .27972800E+04
 .56699070E+02  .93048120E+03  .36735490E+07  .50765760E+06 -.29464000E-01  .27275530E+04
 .53335960E+02  .97271150E+03  .37877150E+07  .53668730E+06 -.26655170E-01  .26830690E+04
 .50286670E+02  .10174630E+04  .39071010E+07  .56607560E+06 -.24225490E-01  .26548090E+04
 .47508660E+02  .10646850E+04  .40320050E+07  .59593580E+06 -.22125470E-01  .26367860E+04
 .44965290E+02  .11143770E+04  .41627240E+07  .62639040E+06 -.20307310E-01  .26253350E+04
 .10000000E+02  .28000000E+02  .00000000E+00  .14000000E+02  .17000000E+02  .70908650E+04
 .31732580E+03  .64815700E+03  .21081070E+07  .12478890E+06 -.36985490E+00  .71456690E+06
 .33877170E+03  .64810160E+03  .20718110E+07  .12495560E+06 -.39597170E+00  .56541930E+06
 .36164500E+03  .64801750E+03  .20355200E+07  .12717700E+06 -.42045590E+00  .32572180E+06
 .38577960E+03  .64785770E+03  .19992350E+07  .13235020E+06 -.44045190E+00  .16333960E+06
 .41082410E+03  .64753830E+03  .19629630E+07  .14161950E+06 -.45236120E+00  .82911160E+05
 .43623710E+03  .64693830E+03  .19267160E+07  .15478390E+06 -.45329290E+00  .46132550E+05
 .46142150E+03  .64592440E+03  .18905130E+07  .17687150E+06 -.44500260E+00  .28662340E+05
 .48598930E+03  .64438140E+03  .18543820E+07  .21141190E+06 -.43193890E+00  .19645300E+05
 .50976340E+03  .64223360E+03  .18183540E+07  .25824220E+06 -.41687600E+00  .14605120E+05
 .53263980E+03  .63945980E+03  .17824640E+07  .31325430E+06 -.39963160E+00  .11634130E+05
 .53263980E+03  .63945980E+03  .17824640E+07  .31325430E+06 -.39963160E+00  .11634130E+05
 .58779660E+03  .62947310E+03  .16872560E+07  .41859150E+06 -.32821140E+00  .84057550E+04
 .63269370E+03  .61737320E+03  .15939290E+07  .56203000E+06 -.28533580E+00  .69571730E+04
 .67305230E+03  .60328950E+03  .15023610E+07  .72116590E+06 -.25380120E+00  .61263450E+04
 .70907530E+03  .58798430E+03  .14130030E+07  .88431640E+06 -.22718450E+00  .55928340E+04
 .74139370E+03  .57187410E+03  .13260060E+07  .10511890E+07 -.20430340E+00  .52318690E+04
 .77052580E+03  .55528810E+03  .12414650E+07  .12188700E+07 -.18461150E+00  .49771730E+04
 .79690940E+03  .53847490E+03  .11594310E+07  .13830790E+07 -.16756460E+00  .47904320E+04
 .82090070E+03  .52161850E+03  .10799250E+07  .15399140E+07 -.15263050E+00  .46492100E+04
 .84278210E+03  .50485540E+03  .10029410E+07  .16867820E+07 -.13937010E+00  .45400470E+04
 .86277890E+03  .48828760E+03  .92845800E+06  .18224320E+07 -.12745680E+00  .44543530E+04
 .88107450E+03  .47199090E+03  .85644090E+06  .19465240E+07 -.11665290E+00  .43862180E+04
 .89782120E+03  .45602080E+03  .78684440E+06  .20591560E+07 -.10677700E+00  .43313940E+04
 .91314650E+03  .44041710E+03  .71961630E+06  .21605190E+07 -.97680080E-01  .42868410E+04
 .92715760E+03  .42520740E+03  .65469960E+06  .22507090E+07 -.89232090E-01  .42504720E+04
 .93994270E+03  .41041100E+03  .59203340E+06  .23296260E+07 -.81316780E-01  .42208910E+04
 .95157400E+03  .39604090E+03  .53155490E+06  .23969220E+07 -.73829700E-01  .41971280E+04
 .96210840E+03  .38210490E+03  .47319940E+06  .24519520E+07 -.66676800E-01  .41783800E+04
 .97158950E+03  .36860690E+03  .41690150E+06  .24937090E+07 -.59771840E-01  .41638190E+04
 .98004830E+03  .35554620E+03  .36259550E+06  .25207520E+07 -.53033480E-01  .41525240E+04
 .98750400E+03  .34291830E+03  .31021600E+06  .25311540E+07 -.46385980E-01  .41435750E+04
 .99396550E+03  .33071550E+03  .25969870E+06  .25225260E+07 -.39768990E-01  .41362480E+04
 .99943430E+03  .31892820E+03  .21098060E+06  .24920180E+07 -.33142470E-01  .41300150E+04
 .10039040E+04  .30754480E+03  .16400010E+06  .24362840E+07 -.26433260E-01  .41241990E+04
 .10073490E+04  .29655240E+03  .11869760E+06  .23521310E+07 -.19419620E-01  .41181920E+04
 .10096930E+04  .28593750E+03  .75015480E+05  .22386480E+07 -.11647870E-01  .41122390E+04
 .10107680E+04  .27568920E+03  .32898000E+05  .21002510E+07 -.23434120E-02  .41074520E+04
 .10102560E+04  .26580010E+03 -.77092320E+04  .19500070E+07  .97868550E-02  .41059180E+04
 .31732580E+03  .64815700E+03  .21081070E+07  .12478890E+06 -.36985490E+00  .71456690E+06
 .29734690E+03  .64821030E+03  .21444050E+07  .12608910E+06 -.34376560E+00  .61148150E+06
 .27880870E+03  .64828320E+03  .21807070E+07  .12851410E+06 -.31848290E+00  .40072640E+06
 .26165560E+03  .64840110E+03  .22170130E+07  .13187390E+06 -.29433360E+00  .24135300E+06
 .24581930E+03  .64859560E+03  .22533290E+07  .13605450E+06 -.27147080E+00  .14827320E+06
 .23122500E+03  .64890380E+03  .22896580E+07  .14097100E+06 -.24999430E+00  .96176770E+05
 .21779270E+03  .64936440E+03  .23260090E+07  .14654350E+06 -.22997950E+00  .66127610E+05
 .20543910E+03  .65001620E+03  .23623910E+07  .15268780E+06 -.21147120E+00  .47904820E+05
 .19407970E+03  .65089590E+03  .23988150E+07  .15931480E+06 -.19447420E+00  .36265690E+05
 .18363050E+03  .65203720E+03  .24352960E+07  .16633280E+06 -.17895110E+00  .28467770E+05
 .17401100E+03  .65347110E+03  .24718490E+07  .17365230E+06 -.16482800E+00  .23018170E+05
 .16514540E+03  .65522590E+03  .25084910E+07  .18119280E+06 -.15200580E+00  .19067840E+05
 .15696420E+03  .65732820E+03  .25452400E+07  .18889100E+06 -.14037120E+00  .16113120E+05
 .14940390E+03  .65980300E+03  .25821180E+07  .19671260E+06 -.12980850E+00  .13843330E+05
 .14940390E+03  .65980300E+03  .25821180E+07  .19671260E+06 -.12980850E+00  .13843330E+05
 .13500890E+03  .66656190E+03  .26616300E+07  .21407160E+06 -.11103170E+00  .10160050E+05
 .12262940E+03  .67546650E+03  .27421300E+07  .23544680E+06 -.95904390E-01  .80953760E+04
 .11186900E+03  .68674570E+03  .28238370E+07  .25935350E+06 -.83853490E-01  .65282580E+04
 .10242260E+03  .70085310E+03  .29070620E+07  .28498140E+06 -.73866310E-01  .53742650E+04
 .94084830E+02  .71812670E+03  .29921680E+07  .31165000E+06 -.65296140E-01  .45540810E+04
 .86708810E+02  .73871920E+03  .30795460E+07  .33884430E+06 -.57801540E-01  .39818090E+04
 .80174690E+02  .76264720E+03  .31695940E+07  .36630390E+06 -.51252900E-01  .35762470E+04
 .74372940E+02  .78989560E+03  .32627140E+07  .39402810E+06 -.45581590E-01  .32794770E+04
 .69204280E+02  .82043800E+03  .33593010E+07  .42206400E+06 -.40680410E-01  .30606790E+04
 .64583950E+02  .85418410E+03  .34597470E+07  .45038510E+06 -.36422810E-01  .29041180E+04
 .60441120E+02  .89095990E+03  .35644270E+07  .47893470E+06 -.32708510E-01  .27973800E+04
 .56714830E+02  .93055450E+03  .36736900E+07  .50769980E+06 -.29471480E-01  .27276580E+04
 .53350860E+02  .97278660E+03  .37878650E+07  .53673030E+06 -.26661930E-01  .26831740E+04
 .50300800E+02  .10175400E+04  .39072600E+07  .56611960E+06 -.24231650E-01  .26549090E+04
 .47522080E+02  .10647630E+04  .40321730E+07  .59598080E+06 -.22131130E-01  .26368800E+04
 .44978060E+02  .11144580E+04  .41629020E+07  .62643640E+06 -.20312550E-01  .26254200E+04
 .10000000E+02  .28000000E+02  .00000000E+00  .14000000E+02  .17000000E+02  .70908650E+04
 .31738990E+03  .64818630E+03  .21081320E+07  .12483140E+06 -.36986070E+00  .69084050E+06
 .33883580E+03  .64812920E+03  .20718350E+07  .12500430E+06 -.39596190E+00  .54982260E+06
 .36170790E+03  .64804320E+03  .20355420E+07  .12723350E+06 -.42042470E+00  .32012230E+06
 .38584000E+03  .64788140E+03  .19992550E+07  .13241640E+06 -.44039470E+00  .16178850E+06
 .41088060E+03  .64755980E+03  .19629820E+07  .14169660E+06 -.45227780E+00  .82475990E+05
 .43628880E+03  .64695730E+03  .19267340E+07  .15494560E+06 -.45319650E+00  .45993010E+05
 .46146670E+03  .64594120E+03  .18905310E+07  .17697940E+06 -.44487410E+00  .28612470E+05
 .48602710E+03  .64439610E+03  .18543980E+07  .21149780E+06 -.43180810E+00  .19625020E+05
 .50979440E+03  .64224650E+03  .18183700E+07  .25832470E+06 -.41676440E+00  .14595550E+05
 .53266540E+03  .63947100E+03  .17824790E+07  .31335240E+06 -.39954980E+00  .11628740E+05
 .53266540E+03  .63947100E+03  .17824790E+07  .31335240E+06 -.39954980E+00  .11628740E+05
 .58781570E+03  .62948070E+03  .16872690E+07  .41876600E+06 -.32819970E+00  .84032600E+04
 .63270790E+03  .61737880E+03  .15939420E+07  .56213110E+06 -.28530930E+00  .69564690E+04
 .67306340E+03  .60329390E+03  .15023730E+07  .72126010E+06 -.25378470E+00  .61259690E+04
 .70908430E+03  .58798800E+03  .14130150E+07  .88440580E+06 -.22717330E+00  .55926060E+04
 .74140140E+03  .57187710E+03  .13260170E+07  .10512750E+07 -.20429530E+00  .52317190E+04
 .77053240E+03  .55529060E+03  .12414750E+07  .12189540E+07 -.18460560E+00  .49770680E+04
 .79691520E+03  .53847700E+03  .11594410E+07  .13831610E+07 -.16756020E+00  .47903550E+04
 .82090590E+03  .52162040E+03  .10799340E+07  .15399930E+07 -.15262710E+00  .46491520E+04
 .84278690E+03  .50485700E+03  .10029500E+07  .16868600E+07 -.13936750E+00  .45400010E+04
 .86278330E+03  .48828900E+03  .92846730E+06  .18225070E+07 -.12745470E+00  .44543160E+04
 .88107860E+03  .47199210E+03  .85645000E+06  .19465960E+07 -.11665120E+00  .43861880E+04
 .89782500E+03  .45602190E+03  .78685330E+06  .20592250E+07 -.10677570E+00  .43313670E+04
 .91315030E+03  .44041800E+03  .71962510E+06  .21605860E+07 -.97678990E-01  .42868190E+04
 .92716110E+03  .42520830E+03  .65470820E+06  .22507730E+07 -.89231200E-01  .42504520E+04
 .93994620E+03  .41041180E+03  .59204190E+06  .23296880E+07 -.81316050E-01  .42208730E+04
 .95157730E+03  .39604150E+03  .53156330E+06  .23969820E+07 -.73829140E-01  .41971120E+04
 .96211160E+03  .38210550E+03  .47320780E+06  .24520100E+07 -.66676370E-01  .41783640E+04
 .97159270E+03  .36860750E+03  .41690980E+06  .24937660E+07 -.59771540E-01  .41638030E+04
 .98005150E+03  .35554670E+03  .36260360E+06  .25208070E+07 -.53033320E-01  .41525090E+04
 .98750710E+03  .34291870E+03  .31022410E+06  .25312080E+07 -.46385970E-01  .41435600E+04
 .99396870E+03  .33071590E+03  .25970680E+06  .25225770E+07 -.39769150E-01  .41362310E+04
 .99943750E+03  .31892840E+03  .21098860E+06  .24920660E+07 -.33142840E-01  .41299980E+04
 .10039080E+04  .30754500E+03  .16400800E+06  .24363280E+07 -.26433880E-01  .41241810E+04
 .10073530E+04  .29655250E+03  .11870550E+06  .23521710E+07 -.19420580E-01  .41181720E+04
 .10096960E+04  .28593760E+03  .75023410E+05  .22386820E+07 -.11649230E-01  .41122150E+04
 .10107720E+04  .27568920E+03  .32905920E+05  .21002800E+07 -.23451940E-02  .41074180E+04
 .10102600E+04  .26580010E+03 -.77013130E+04  .19500310E+07  .97847670E-02  .41058710E+04
 .31738990E+03  .64818630E+03  .21081320E+07  .12483140E+06 -.36986070E+00  .69084050E+06
 .29741040E+03  .64824140E+03  .21444320E+07  .12612680E+06 -.34378270E+00  .59452490E+06
 .27887100E+03  .64831600E+03  .21807350E+07  .12854790E+06 -.31850810E+00  .39359510E+06
 .26171620E+03  .64843540E+03  .22170440E+07  .13190430E+06 -.29436470E+00  .23885090E+06
 .24587810E+03  .64863160E+03  .22533610E+07  .13608190E+06 -.27150600E+00  .14737400E+06
 .23128170E+03  .64894120E+03  .22896930E+07  .14099580E+06 -.25003210E+00  .95821220E+05
 .21784720E+03  .64940320E+03  .23260460E+07  .14656590E+06 -.23001850E+00  .65971050E+05
 .20549150E+03  .65005630E+03  .23624300E+07  .15270800E+06 -.21151040E+00  .47828670E+05
 .19412990E+03  .65093720E+03  .23988560E+07  .15933310E+06 -.19451270E+00  .36225320E+05
 .18367860E+03  .65207970E+03  .24353390E+07  .16634940E+06 -.17898810E+00  .28444770E+05
 .17405700E+03  .65351460E+03  .24718950E+07  .17366760E+06 -.16486330E+00  .23004290E+05
 .16518960E+03  .65527050E+03  .25085390E+07  .18120720E+06 -.15203900E+00  .19059090E+05
 .15700650E+03  .65737380E+03  .25452910E+07  .18890530E+06 -.14040230E+00  .16107410E+05
 .14944450E+03  .65984950E+03  .25821720E+07  .19672780E+06 -.12983760E+00  .13839540E+05
 .14944450E+03  .65984950E+03  .25821720E+07  .19672780E+06 -.12983760E+00  .13839540E+05
 .13504620E+03  .66661070E+03  .26616890E+07  .21409540E+06 -.11106070E+00  .10158050E+05
 .12266340E+03  .67551750E+03  .27421950E+07  .23547790E+06 -.95931770E-01  .80940050E+04
 .11189990E+03  .68679930E+03  .28239080E+07  .25938890E+06 -.83878160E-01  .65273780E+04
 .10245070E+03  .70090940E+03  .29071400E+07  .28501910E+06 -.73887850E-01  .53737570E+04
 .94110500E+02  .71818570E+03  .29922530E+07  .31168870E+06 -.65314670E-01  .45538290E+04
 .86732410E+02  .73878060E+03  .30796380E+07  .33888340E+06 -.57817410E-01  .39817150E+04
 .80196530E+02  .76271090E+03  .31696940E+07  .36634320E+06 -.51266600E-01  .35762390E+04
 .74393240E+02  .78996150E+03  .32628210E+07  .39406770E+06 -.45593560E-01  .32795140E+04
 .69223230E+02  .82050590E+03  .33594170E+07  .42210410E+06 -.40690960E-01  .30607450E+04
 .64601710E+02  .85425400E+03  .34598710E+07  .45042580E+06 -.36432150E-01  .29042040E+04
 .60457820E+02  .89103160E+03  .35645590E+07  .47897610E+06 -.32716840E-01  .27974790E+04
 .56730590E+02  .93062780E+03  .36738310E+07  .50774190E+06 -.29478940E-01  .27277640E+04
 .53365770E+02  .97286150E+03  .37880150E+07  .53677340E+06 -.26668680E-01  .26832790E+04
 .50314930E+02  .10176160E+04  .39074190E+07  .56616350E+06 -.24237810E-01  .26550100E+04
 .47535500E+02  .10648420E+04  .40323420E+07  .59602570E+06 -.22136780E-01  .26369740E+04
 .44990830E+02  .11145380E+04  .41630800E+07  .62648240E+06 -.20317780E-01  .26255060E+04
