 .10000000E+02  .28000000E+02  .00000000E+00  .14000000E+02  .17000000E+02  .70908650E+04
 .31738990E+03  .64818630E+03  .21081320E+07  .12483140E+06 -.36986070E+00  .69084050E+06
 .33883580E+03  .64812920E+03  .20718350E+07  .12500430E+06 -.39596190E+00  .54982260E+06
 .36170790E+03  .64804320E+03  .20355420E+07  .12723350E+06 -.42042470E+00  .32012230E+06
 .38584000E+03  .64788140E+03  .19992550E+07  .13241640E+06 -.44039470E+00  .16178850E+06
 .41088060E+03  .64755980E+03  .19629820E+07  .14169660E+06 -.45227780E+00  .82475990E+05
 .43628880E+03  .64695730E+03  .19267340E+07  .15494560E+06 -.45319650E+00  .45993010E+05
 .46146670E+03  .64594120E+03  .18905310E+07  .17697940E+06 -.44487410E+00  .28612470E+05
 .48602710E+03  .64439610E+03  .18543980E+07  .21149780E+06 -.43180810E+00  .19625020E+05
 .50979440E+03  .64224650E+03  .18183700E+07  .25832470E+06 -.41676440E+00  .14595550E+05
 .53266540E+03  .63947100E+03  .17824790E+07  .31335240E+06 -.39954980E+00  .11628740E+05
 .53266540E+03  .63947100E+03  .17824790E+07  .31335240E+06 -.39954980E+00  .11628740E+05
 .58781570E+03  .62948070E+03  .16872690E+07  .41876600E+06 -.32819970E+00  .84032600E+04
 .63270790E+03  .61737880E+03  .15939420E+07  .56213110E+06 -.28530930E+00  .69564690E+04
 .67306340E+03  .60329390E+03  .15023730E+07  .72126010E+06 -.25378470E+00  .61259690E+04
 .70908430E+03  .58798800E+03  .14130150E+07  .88440580E+06 -.22717330E+00  .55926060E+04
 .74140140E+03  .57187710E+03  .13260170E+07  .10512750E+07 -.20429530E+00  .52317190E+04
 .77053240E+03  .55529060E+03  .12414750E+07  .12189540E+07 -.18460560E+00  .49770680E+04
 .79691520E+03  .53847700E+03  .11594410E+07  .13831610E+07 -.16756020E+00  .47903550E+04
 .82090590E+03  .52162040E+03  .10799340E+07  .15399930E+07 -.15262710E+00  .46491520E+04
 .84278690E+03  .50485700E+03  .10029500E+07  .16868600E+07 -.13936750E+00  .45400010E+04
 .86278330E+03  .48828900E+03  .92846730E+06  .18225070E+07 -.12745470E+00  .44543160E+04
 .88107860E+03  .47199210E+03  .85645000E+06  .19465960E+07 -.11665120E+00  .43861880E+04
 .89782500E+03  .45602190E+03  .78685330E+06  .20592250E+07 -.10677570E+00  .43313670E+04
 .91315030E+03  .44041800E+03  .71962510E+06  .21605860E+07 -.97678990E-01  .42868190E+04
 .92716110E+03  .42520830E+03  .65470820E+06  .22507730E+07 -.89231200E-01  .42504520E+04
 .93994620E+03  .41041180E+03  .59204190E+06  .23296880E+07 -.81316050E-01  .42208730E+04
 .95157730E+03  .39604150E+03  .53156330E+06  .23969820E+07 -.73829140E-01  .41971120E+04
 .96211160E+03  .38210550E+03  .47320780E+06  .24520100E+07 -.66676370E-01  .41783640E+04
 .97159270E+03  .36860750E+03  .41690980E+06  .24937660E+07 -.59771540E-01  .41638030E+04
 .98005150E+03  .35554670E+03  .36260360E+06  .25208070E+07 -.53033320E-01  .41525090E+04
 .98750710E+03  .34291870E+03  .31022410E+06  .25312080E+07 -.46385970E-01  .41435600E+04
 .99396870E+03  .33071590E+03  .25970680E+06  .25225770E+07 -.39769150E-01  .41362310E+04
 .99943750E+03  .31892840E+03  .21098860E+06  .24920660E+07 -.33142840E-01  .41299980E+04
 .10039080E+04  .30754500E+03  .16400800E+06  .24363280E+07 -.26433880E-01  .41241810E+04
 .10073530E+04  .29655250E+03  .11870550E+06  .23521710E+07 -.19420580E-01  .41181720E+04
 .10096960E+04  .28593760E+03  .75023410E+05  .22386820E+07 -.11649230E-01  .41122150E+04
 .10107720E+04  .27568920E+03  .32905920E+05  .21002800E+07 -.23451940E-02  .41074180E+04
 .10102600E+04  .26580010E+03 -.77013130E+04  .19500310E+07  .97847670E-02  .41058710E+04
 .31738990E+03  .64818630E+03  .21081320E+07  .12483140E+06 -.36986070E+00  .69084050E+06
 .29741040E+03  .64824140E+03  .21444320E+07  .12612680E+06 -.34378270E+00  .59452490E+06
 .27887100E+03  .64831600E+03  .21807350E+07  .12854790E+06 -.31850810E+00  .39359510E+06
 .26171620E+03  .64843540E+03  .22170440E+07  .13190430E+06 -.29436470E+00  .23885090E+06
 .24587810E+03  .64863160E+03  .22533610E+07  .13608190E+06 -.27150600E+00  .14737400E+06
 .23128170E+03  .64894120E+03  .22896930E+07  .14099580E+06 -.25003210E+00  .95821220E+05
 .21784720E+03  .64940320E+03  .23260460E+07  .14656590E+06 -.23001850E+00  .65971050E+05
 .20549150E+03  .65005630E+03  .23624300E+07  .15270800E+06 -.21151040E+00  .47828670E+05
 .19412990E+03  .65093720E+03  .23988560E+07  .15933310E+06 -.19451270E+00  .36225320E+05
 .18367860E+03  .65207970E+03  .24353390E+07  .16634940E+06 -.17898810E+00  .28444770E+05
 .17405700E+03  .65351460E+03  .24718950E+07  .17366760E+06 -.16486330E+00  .23004290E+05
 .16518960E+03  .65527050E+03  .25085390E+07  .18120720E+06 -.15203900E+00  .19059090E+05
 .15700650E+03  .65737380E+03  .25452910E+07  .18890530E+06 -.14040230E+00  .16107410E+05
 .14944450E+03  .65984950E+03  .25821720E+07  .19672780E+06 -.12983760E+00  .13839540E+05
 .14944450E+03  .65984950E+03  .25821720E+07  .19672780E+06 -.12983760E+00  .13839540E+05
 .13504620E+03  .66661070E+03  .26616890E+07  .21409540E+06 -.11106070E+00  .10158050E+05
 .12266340E+03  .67551750E+03  .27421950E+07  .23547790E+06 -.95931770E-01  .80940050E+04
 .11189990E+03  .68679930E+03  .28239080E+07  .25938890E+06 -.83878160E-01  .65273780E+04
 .10245070E+03  .70090940E+03  .29071400E+07  .28501910E+06 -.73887850E-01  .53737570E+04
 .94110500E+02  .71818570E+03  .29922530E+07  .31168870E+06 -.65314670E-01  .45538290E+04
 .86732410E+02  .73878060E+03  .30796380E+07  .33888340E+06 -.57817410E-01  .39817150E+04
 .80196530E+02  .76271090E+03  .31696940E+07  .36634320E+06 -.51266600E-01  .35762390E+04
 .74393240E+02  .78996150E+03  .32628210E+07  .39406770E+06 -.45593560E-01  .32795140E+04
 .69223230E+02  .82050590E+03  .33594170E+07  .42210410E+06 -.40690960E-01  .30607450E+04
 .64601710E+02  .85425400E+03  .34598710E+07  .45042580E+06 -.36432150E-01  .29042040E+04
 .60457820E+02  .89103160E+03  .35645590E+07  .47897610E+06 -.32716840E-01  .27974790E+04
 .56730590E+02  .93062780E+03  .36738310E+07  .50774190E+06 -.29478940E-01  .27277640E+04
 .53365770E+02  .97286150E+03  .37880150E+07  .53677340E+06 -.26668680E-01  .26832790E+04
 .50314930E+02  .10176160E+04  .39074190E+07  .56616350E+06 -.24237810E-01  .26550100E+04
 .47535500E+02  .10648420E+04  .40323420E+07  .59602570E+06 -.22136780E-01  .26369740E+04
 .44990830E+02  .11145380E+04  .41630800E+07  .62648240E+06 -.20317780E-01  .26255060E+04
 .10000000E+02  .28000000E+02  .00000000E+00  .14000000E+02  .17000000E+02  .70908650E+04
 .31746200E+03  .64821940E+03  .21081600E+07  .12487930E+06 -.36986720E+00  .66597070E+06
 .33890770E+03  .64816020E+03  .20718610E+07  .12505910E+06 -.39595070E+00  .53327780E+06
 .36177860E+03  .64807210E+03  .20355670E+07  .12729720E+06 -.42038970E+00  .31404990E+06
 .38590800E+03  .64790800E+03  .19992790E+07  .13249090E+06 -.44033020E+00  .16007880E+06
 .41094410E+03  .64758390E+03  .19630040E+07  .14178350E+06 -.45218400E+00  .81992080E+05
 .43634680E+03  .64697880E+03  .19267550E+07  .15512700E+06 -.45308880E+00  .45837020E+05
 .46151760E+03  .64595990E+03  .18905500E+07  .17710050E+06 -.44473000E+00  .28556600E+05
 .48606960E+03  .64441250E+03  .18544170E+07  .21159410E+06 -.43166120E+00  .19602290E+05
 .50982930E+03  .64226090E+03  .18183870E+07  .25841740E+06 -.41663900E+00  .14584810E+05
 .53269410E+03  .63948370E+03  .17824950E+07  .31346270E+06 -.39945790E+00  .11622690E+05
 .53269410E+03  .63948370E+03  .17824950E+07  .31346270E+06 -.39945790E+00  .11622690E+05
 .58783720E+03  .62948930E+03  .16872840E+07  .41896230E+06 -.32818650E+00  .84004550E+04
 .63272390E+03  .61738530E+03  .15939560E+07  .56224490E+06 -.28527940E+00  .69556780E+04
 .67307590E+03  .60329900E+03  .15023870E+07  .72136600E+06 -.25376610E+00  .61255470E+04
 .70909440E+03  .58799200E+03  .14130270E+07  .88450630E+06 -.22716060E+00  .55923500E+04
 .74140990E+03  .57188040E+03  .13260290E+07  .10513730E+07 -.20428620E+00  .52315510E+04
 .77053980E+03  .55529340E+03  .12414870E+07  .12190490E+07 -.18459880E+00  .49769520E+04
 .79692180E+03  .53847940E+03  .11594520E+07  .13832530E+07 -.16755510E+00  .47902700E+04
 .82091170E+03  .52162240E+03  .10799450E+07  .15400830E+07 -.15262330E+00  .46490870E+04
 .84279220E+03  .50485880E+03  .10029610E+07  .16869460E+07 -.13936450E+00  .45399510E+04
 .86278830E+03  .48829050E+03  .92847780E+06  .18225900E+07 -.12745240E+00  .44542750E+04
 .88108330E+03  .47199350E+03  .85646020E+06  .19466760E+07 -.11664930E+00  .43861530E+04
 .89782940E+03  .45602310E+03  .78686330E+06  .20593020E+07 -.10677420E+00  .43313380E+04
 .91315440E+03  .44041910E+03  .71963490E+06  .21606600E+07 -.97677760E-01  .42867930E+04
 .92716520E+03  .42520920E+03  .65471790E+06  .22508460E+07 -.89230190E-01  .42504300E+04
 .93995010E+03  .41041260E+03  .59205150E+06  .23297580E+07 -.81315250E-01  .42208530E+04
 .95158110E+03  .39604220E+03  .53157280E+06  .23970500E+07 -.73828500E-01  .41970930E+04
 .96211530E+03  .38210620E+03  .47321710E+06  .24520760E+07 -.66675890E-01  .41783470E+04
 .97159630E+03  .36860800E+03  .41691900E+06  .24938300E+07 -.59771200E-01  .41637860E+04
 .98005500E+03  .35554710E+03  .36261280E+06  .25208690E+07 -.53033140E-01  .41524920E+04
 .98751070E+03  .34291910E+03  .31023320E+06  .25312680E+07 -.46385960E-01  .41435420E+04
 .99397230E+03  .33071620E+03  .25971580E+06  .25226350E+07 -.39769330E-01  .41362140E+04
 .99944110E+03  .31892870E+03  .21099760E+06  .24921200E+07 -.33143250E-01  .41299790E+04
 .10039110E+04  .30754530E+03  .16401700E+06  .24363780E+07 -.26434590E-01  .41241610E+04
 .10073570E+04  .29655270E+03  .11871450E+06  .23522160E+07 -.19421650E-01  .41181490E+04
 .10097010E+04  .28593770E+03  .75032320E+05  .22387210E+07 -.11650750E-01  .41121870E+04
 .10107760E+04  .27568920E+03  .32914820E+05  .21003120E+07 -.23471990E-02  .41073810E+04
 .10102650E+04  .26580000E+03 -.76924040E+04  .19500570E+07  .97824180E-02  .41058160E+04
 .31746200E+03  .64821940E+03  .21081600E+07  .12487930E+06 -.36986720E+00  .66597070E+06
 .29748170E+03  .64827640E+03  .21444620E+07  .12616920E+06 -.34380180E+00  .57654410E+06
 .27894100E+03  .64835280E+03  .21807680E+07  .12858580E+06 -.31853640E+00  .38587220E+06
 .26178450E+03  .64847410E+03  .22170780E+07  .13193840E+06 -.29439960E+00  .23609810E+06
 .24594420E+03  .64867200E+03  .22533980E+07  .13611270E+06 -.27154560E+00  .14637560E+06
 .23134550E+03  .64898330E+03  .22897320E+07  .14102360E+06 -.25007460E+00  .95424450E+05
 .21790860E+03  .64944680E+03  .23260870E+07  .14659100E+06 -.23006240E+00  .65795860E+05
 .20555040E+03  .65010140E+03  .23624730E+07  .15273080E+06 -.21155450E+00  .47743320E+05
 .19418630E+03  .65098360E+03  .23989030E+07  .15935360E+06 -.19455600E+00  .36180020E+05
 .18373270E+03  .65212740E+03  .24353880E+07  .16636800E+06 -.17902980E+00  .28418960E+05
 .17410890E+03  .65356350E+03  .24719460E+07  .17368470E+06 -.16490290E+00  .22988700E+05
 .16523930E+03  .65532060E+03  .25085940E+07  .18122340E+06 -.15207630E+00  .19049250E+05
 .15705420E+03  .65742500E+03  .25453490E+07  .18892130E+06 -.14043730E+00  .16101010E+05
 .14949030E+03  .65990190E+03  .25822320E+07  .19674490E+06 -.12987030E+00  .13835270E+05
 .14949030E+03  .65990190E+03  .25822320E+07  .19674490E+06 -.12987030E+00  .13835270E+05
 .13508830E+03  .66666540E+03  .26617560E+07  .21412230E+06 -.11109330E+00  .10155800E+05
 .12270170E+03  .67557490E+03  .27422690E+07  .23551290E+06 -.95962570E-01  .80924640E+04
 .11193460E+03  .68685950E+03  .28239890E+07  .25942870E+06 -.83905910E-01  .65263890E+04
 .10248220E+03  .70097280E+03  .29072280E+07  .28506140E+06 -.73912080E-01  .53731880E+04
 .94139370E+02  .71825210E+03  .29923490E+07  .31173230E+06 -.65335510E-01  .45535460E+04
 .86758970E+02  .73884990E+03  .30797420E+07  .33892740E+06 -.57835270E-01  .39816090E+04
 .80221090E+02  .76278270E+03  .31698060E+07  .36638730E+06 -.51282010E-01  .35762300E+04
 .74416080E+02  .79003560E+03  .32629420E+07  .39411220E+06 -.45607020E-01  .32795560E+04
 .69244550E+02  .82058230E+03  .33595470E+07  .42214910E+06 -.40702820E-01  .30608190E+04
 .64621690E+02  .85433250E+03  .34600100E+07  .45047160E+06 -.36442670E-01  .29043010E+04
 .60476610E+02  .89111210E+03  .35647080E+07  .47902280E+06 -.32726200E-01  .27975910E+04
 .56748310E+02  .93071020E+03  .36739900E+07  .50778940E+06 -.29487350E-01  .27278830E+04
 .53382540E+02  .97294570E+03  .37881840E+07  .53682180E+06 -.26676280E-01  .26833970E+04
 .50330820E+02  .10177020E+04  .39075980E+07  .56621290E+06 -.24244730E-01  .26551230E+04
 .47550610E+02  .10649300E+04  .40325310E+07  .59607620E+06 -.22143140E-01  .26370790E+04
 .45005190E+02  .11146280E+04  .41632800E+07  .62653420E+06 -.20323660E-01  .26256020E+04
 .10000000E+02  .28000000E+02  .00000000E+00  .14000000E+02  .17000000E+02  .70908650E+04
 .31753400E+03  .64825240E+03  .21081890E+07  .12492710E+06 -.36987370E+00  .64283590E+06
 .33897970E+03  .64819120E+03  .20718880E+07  .12511390E+06 -.39593950E+00  .51770360E+06
 .36184920E+03  .64810100E+03  .20355920E+07  .12736080E+06 -.42035450E+00  .30820510E+06
 .38597590E+03  .64793460E+03  .19993020E+07  .13256540E+06 -.44026570E+00  .15840540E+06
 .41100750E+03  .64760790E+03  .19630260E+07  .14187030E+06 -.45209010E+00  .81514040E+05
 .43640480E+03  .64700020E+03  .19267750E+07  .15530780E+06 -.45298190E+00  .45682070E+05
 .46156840E+03  .64597870E+03  .18905700E+07  .17722100E+06 -.44458620E+00  .28500980E+05
 .48611220E+03  .64442900E+03  .18544350E+07  .21169020E+06 -.43151440E+00  .19579630E+05
 .50986410E+03  .64227530E+03  .18184050E+07  .25850980E+06 -.41651360E+00  .14574100E+05
 .53272280E+03  .63949630E+03  .17825120E+07  .31357270E+06 -.39936590E+00  .11616650E+05
 .53272280E+03  .63949630E+03  .17825120E+07  .31357270E+06 -.39936590E+00  .11616650E+05
 .58785870E+03  .62949780E+03  .16873000E+07  .41915860E+06 -.32817320E+00  .83976550E+04
 .63273990E+03  .61739170E+03  .15939700E+07  .56235880E+06 -.28524950E+00  .69548870E+04
 .67308840E+03  .60330410E+03  .15024000E+07  .72147190E+06 -.25374760E+00  .61251250E+04
 .70910460E+03  .58799610E+03  .14130400E+07  .88460680E+06 -.22714790E+00  .55920930E+04
 .74141850E+03  .57188380E+03  .13260410E+07  .10514700E+07 -.20427710E+00  .52313820E+04
 .77054720E+03  .55529610E+03  .12414990E+07  .12191440E+07 -.18459210E+00  .49768340E+04
 .79692820E+03  .53848180E+03  .11594640E+07  .13833460E+07 -.16755010E+00  .47901850E+04
 .82091750E+03  .52162440E+03  .10799560E+07  .15401730E+07 -.15261940E+00  .46490220E+04
 .84279750E+03  .50486050E+03  .10029720E+07  .16870330E+07 -.13936150E+00  .45398990E+04
 .86279320E+03  .48829210E+03  .92848810E+06  .18226740E+07 -.12745000E+00  .44542330E+04
 .88108790E+03  .47199480E+03  .85647040E+06  .19467570E+07 -.11664750E+00  .43861180E+04
 .89783370E+03  .45602430E+03  .78687340E+06  .20593790E+07 -.10677260E+00  .43313090E+04
 .91315860E+03  .44042010E+03  .71964480E+06  .21607350E+07 -.97676530E-01  .42867680E+04
 .92716910E+03  .42521010E+03  .65472760E+06  .22509180E+07 -.89229190E-01  .42504070E+04
 .93995390E+03  .41041340E+03  .59206110E+06  .23298280E+07 -.81314440E-01  .42208320E+04
 .95158490E+03  .39604300E+03  .53158230E+06  .23971170E+07 -.73827860E-01  .41970740E+04
 .96211900E+03  .38210680E+03  .47322650E+06  .24521420E+07 -.66675400E-01  .41783290E+04
 .97159990E+03  .36860860E+03  .41692830E+06  .24938940E+07 -.59770870E-01  .41637690E+04
 .98005860E+03  .35554770E+03  .36262200E+06  .25209310E+07 -.53032960E-01  .41524750E+04
 .98751430E+03  .34291960E+03  .31024230E+06  .25313270E+07 -.46385950E-01  .41435250E+04
 .99397580E+03  .33071660E+03  .25972490E+06  .25226920E+07 -.39769510E-01  .41361960E+04
 .99944470E+03  .31892900E+03  .21100660E+06  .24921740E+07 -.33143660E-01  .41299610E+04
 .10039150E+04  .30754550E+03  .16402600E+06  .24364280E+07 -.26435290E-01  .41241420E+04
 .10073600E+04  .29655290E+03  .11872340E+06  .23522600E+07 -.19422720E-01  .41181260E+04
 .10097050E+04  .28593780E+03  .75041230E+05  .22387590E+07 -.11652280E-01  .41121590E+04
 .10107800E+04  .27568930E+03  .32923730E+05  .21003430E+07 -.23492040E-02  .41073440E+04
 .10102690E+04  .26579990E+03 -.76834960E+04  .19500840E+07  .97800680E-02  .41057620E+04
 .31753400E+03  .64825240E+03  .21081890E+07  .12492710E+06 -.36987370E+00  .64283590E+06
 .29755300E+03  .64831130E+03  .21444920E+07  .12621160E+06 -.34382090E+00  .55962430E+06
 .27901100E+03  .64838960E+03  .21808000E+07  .12862380E+06 -.31856460E+00  .37844880E+06
 .26185270E+03  .64851280E+03  .22171130E+07  .13197250E+06 -.29443450E+00  .23340880E+06
 .24601040E+03  .64871240E+03  .22534350E+07  .13614350E+06 -.27158510E+00  .14539090E+06
 .23140930E+03  .64902530E+03  .22897710E+07  .14105140E+06 -.25011700E+00  .95031050E+05
 .21797000E+03  .64949040E+03  .23261280E+07  .14661610E+06 -.23010630E+00  .65621630E+05
 .20560940E+03  .65014640E+03  .23625170E+07  .15275340E+06 -.21159860E+00  .47658290E+05
 .19424280E+03  .65103010E+03  .23989490E+07  .15937410E+06 -.19459920E+00  .36134860E+05
 .18378680E+03  .65217510E+03  .24354370E+07  .16638660E+06 -.17907150E+00  .28393200E+05
 .17416070E+03  .65361250E+03  .24719980E+07  .17370180E+06 -.16494250E+00  .22973150E+05
 .16528890E+03  .65537070E+03  .25086480E+07  .18123960E+06 -.15211360E+00  .19039430E+05
 .15710180E+03  .65747630E+03  .25454060E+07  .18893740E+06 -.14047220E+00  .16094610E+05
 .14953600E+03  .65995420E+03  .25822920E+07  .19676200E+06 -.12990300E+00  .13831010E+05
 .14953600E+03  .65995420E+03  .25822920E+07  .19676200E+06 -.12990300E+00  .13831010E+05
 .13513030E+03  .66672020E+03  .26618220E+07  .21414930E+06 -.11112580E+00  .10153540E+05
 .12273990E+03  .67563230E+03  .27423420E+07  .23554790E+06 -.95993380E-01  .80909220E+04
 .11196930E+03  .68691980E+03  .28240690E+07  .25946860E+06 -.83933670E-01  .65254000E+04
 .10251380E+03  .70103610E+03  .29073160E+07  .28510380E+06 -.73936310E-01  .53726180E+04
 .94168240E+02  .71831840E+03  .29924450E+07  .31177580E+06 -.65356340E-01  .45532630E+04
 .86785520E+02  .73891890E+03  .30798450E+07  .33897140E+06 -.57853120E-01  .39815030E+04
 .80245660E+02  .76285440E+03  .31699190E+07  .36643150E+06 -.51297420E-01  .35762210E+04
 .74438920E+02  .79010970E+03  .32630630E+07  .39415670E+06 -.45620480E-01  .32795980E+04
 .69265870E+02  .82065870E+03  .33596770E+07  .42219420E+06 -.40714680E-01  .30608940E+04
 .64641660E+02  .85441110E+03  .34601500E+07  .45051740E+06 -.36453180E-01  .29043980E+04
 .60495400E+02  .89119260E+03  .35648570E+07  .47906930E+06 -.32735570E-01  .27977030E+04
 .56766040E+02  .93079260E+03  .36741490E+07  .50783680E+06 -.29495750E-01  .27280010E+04
 .53399300E+02  .97303000E+03  .37883520E+07  .53687010E+06 -.26683880E-01  .26835150E+04
 .50346720E+02  .10177890E+04  .39077760E+07  .56626230E+06 -.24251660E-01  .26552360E+04
 .47565700E+02  .10650180E+04  .40327200E+07  .59612670E+06 -.22149510E-01  .26371840E+04
 .45019550E+02  .11147180E+04  .41634800E+07  .62658590E+06 -.20329540E-01  .26256980E+04
 .10000000E+02  .28000000E+02  .00000000E+00  .14000000E+02  .17000000E+02  .70908650E+04
 .31760610E+03  .64828540E+03  .21082170E+07  .12497500E+06 -.36988010E+00  .62126080E+06
 .33905160E+03  .64822220E+03  .20719150E+07  .12516870E+06 -.39592830E+00  .50301700E+06
 .36191990E+03  .64812990E+03  .20356160E+07  .12742440E+06 -.42031930E+00  .30257520E+06
 .38604380E+03  .64796120E+03  .19993250E+07  .13263990E+06 -.44020120E+00  .15676710E+06
 .41107090E+03  .64763200E+03  .19630480E+07  .14195720E+06 -.45199630E+00  .81041770E+05
 .43646270E+03  .64702160E+03  .19267960E+07  .15548810E+06 -.45287590E+00  .45528160E+05
 .46161910E+03  .64599750E+03  .18905890E+07  .17734120E+06 -.44444280E+00  .28445620E+05
 .48615470E+03  .64444540E+03  .18544540E+07  .21178590E+06 -.43136780E+00  .19557040E+05
 .50989890E+03  .64228970E+03  .18184220E+07  .25860200E+06 -.41638830E+00  .14563410E+05
 .53275150E+03  .63950900E+03  .17825290E+07  .31368250E+06 -.39927400E+00  .11610630E+05
 .53275150E+03  .63950900E+03  .17825290E+07  .31368250E+06 -.39927400E+00  .11610630E+05
 .58788010E+03  .62950630E+03  .16873150E+07  .41935480E+06 -.32816000E+00  .83948570E+04
 .63275590E+03  .61739810E+03  .15939850E+07  .56247250E+06 -.28521960E+00  .69540960E+04
 .67310080E+03  .60330910E+03  .15024130E+07  .72157780E+06 -.25372900E+00  .61247040E+04
 .70911480E+03  .58800020E+03  .14130530E+07  .88470730E+06 -.22713520E+00  .55918370E+04
 .74142710E+03  .57188710E+03  .13260530E+07  .10515670E+07 -.20426800E+00  .52312140E+04
 .77055450E+03  .55529900E+03  .12415100E+07  .12192390E+07 -.18458540E+00  .49767170E+04
 .79693480E+03  .53848410E+03  .11594750E+07  .13834380E+07 -.16754500E+00  .47900990E+04
 .82092340E+03  .52162650E+03  .10799670E+07  .15402630E+07 -.15261560E+00  .46489570E+04
 .84280290E+03  .50486230E+03  .10029820E+07  .16871200E+07 -.13935850E+00  .45398480E+04
 .86279820E+03  .48829360E+03  .92849860E+06  .18227580E+07 -.12744770E+00  .44541920E+04
 .88109250E+03  .47199620E+03  .85648060E+06  .19468370E+07 -.11664560E+00  .43860840E+04
 .89783810E+03  .45602550E+03  .78688340E+06  .20594570E+07 -.10677110E+00  .43312790E+04
 .91316270E+03  .44042120E+03  .71965460E+06  .21608100E+07 -.97675290E-01  .42867430E+04
 .92717320E+03  .42521100E+03  .65473730E+06  .22509900E+07 -.89228190E-01  .42503840E+04
 .93995780E+03  .41041420E+03  .59207060E+06  .23298970E+07 -.81313620E-01  .42208120E+04
 .95158860E+03  .39604370E+03  .53159170E+06  .23971850E+07 -.73827210E-01  .41970550E+04
 .96212260E+03  .38210750E+03  .47323580E+06  .24522070E+07 -.66674920E-01  .41783110E+04
 .97160350E+03  .36860920E+03  .41693750E+06  .24939580E+07 -.59770540E-01  .41637510E+04
 .98006210E+03  .35554820E+03  .36263120E+06  .25209930E+07 -.53032780E-01  .41524580E+04
 .98751780E+03  .34292000E+03  .31025140E+06  .25313870E+07 -.46385940E-01  .41435080E+04
 .99397940E+03  .33071690E+03  .25973390E+06  .25227500E+07 -.39769690E-01  .41361780E+04
 .99944830E+03  .31892940E+03  .21101560E+06  .24922280E+07 -.33144070E-01  .41299420E+04
 .10039190E+04  .30754570E+03  .16403490E+06  .24364780E+07 -.26435990E-01  .41241220E+04
 .10073640E+04  .29655300E+03  .11873230E+06  .23523050E+07 -.19423800E-01  .41181040E+04
 .10097080E+04  .28593790E+03  .75050150E+05  .22387980E+07 -.11653800E-01  .41121310E+04
 .10107850E+04  .27568930E+03  .32932630E+05  .21003750E+07 -.23512090E-02  .41073070E+04
 .10102740E+04  .26579980E+03 -.76745870E+04  .19501110E+07  .97777190E-02  .41057080E+04
 .31760610E+03  .64828540E+03  .21082170E+07  .12497500E+06 -.36988010E+00  .62126080E+06
 .29762430E+03  .64834630E+03  .21445230E+07  .12625400E+06 -.34384000E+00  .54367430E+06
 .27908090E+03  .64842650E+03  .21808320E+07  .12866170E+06 -.31859280E+00  .37130780E+06
 .26192090E+03  .64855140E+03  .22171470E+07  .13200660E+06 -.29446930E+00  .23078080E+06
 .24607650E+03  .64875280E+03  .22534710E+07  .13617430E+06 -.27162450E+00  .14441960E+06
 .23147310E+03  .64906730E+03  .22898100E+07  .14107920E+06 -.25015940E+00  .94640980E+05
 .21803140E+03  .64953400E+03  .23261700E+07  .14664120E+06 -.23015010E+00  .65448370E+05
 .20566830E+03  .65019150E+03  .23625610E+07  .15277600E+06 -.21164260E+00  .47573590E+05
 .19429930E+03  .65107650E+03  .23989950E+07  .15939450E+06 -.19464240E+00  .36089820E+05
 .18384090E+03  .65222280E+03  .24354860E+07  .16640510E+06 -.17911320E+00  .28367500E+05
 .17421250E+03  .65366140E+03  .24720500E+07  .17371890E+06 -.16498220E+00  .22957620E+05
 .16533860E+03  .65542080E+03  .25087020E+07  .18125570E+06 -.15215090E+00  .19029630E+05
 .15714940E+03  .65752750E+03  .25454630E+07  .18895350E+06 -.14050720E+00  .16088220E+05
 .14958180E+03  .66000650E+03  .25823520E+07  .19677910E+06 -.12993580E+00  .13826760E+05
 .14958180E+03  .66000650E+03  .25823520E+07  .19677910E+06 -.12993580E+00  .13826760E+05
 .13517230E+03  .66677500E+03  .26618890E+07  .21417620E+06 -.11115850E+00  .10151290E+05
 .12277810E+03  .67568960E+03  .27424150E+07  .23558300E+06 -.96024180E-01  .80893820E+04
 .11200390E+03  .68698000E+03  .28241490E+07  .25950850E+06 -.83961410E-01  .65244120E+04
 .10254540E+03  .70109940E+03  .29074040E+07  .28514610E+06 -.73960520E-01  .53720490E+04
 .94197110E+02  .71838480E+03  .29925400E+07  .31181940E+06 -.65377180E-01  .45529810E+04
 .86812070E+02  .73898810E+03  .30799490E+07  .33901540E+06 -.57870970E-01  .39813980E+04
 .80270220E+02  .76292610E+03  .31700310E+07  .36647560E+06 -.51312820E-01  .35762120E+04
 .74461750E+02  .79018380E+03  .32631840E+07  .39420110E+06 -.45633930E-01  .32796400E+04
 .69287190E+02  .82073510E+03  .33598070E+07  .42223930E+06 -.40726550E-01  .30609680E+04
 .64661640E+02  .85448960E+03  .34602890E+07  .45056320E+06 -.36463690E-01  .29044960E+04
 .60514190E+02  .89127310E+03  .35650050E+07  .47911590E+06 -.32744930E-01  .27978150E+04
 .56783760E+02  .93087500E+03  .36743070E+07  .50788430E+06 -.29504150E-01  .27281200E+04
 .53416070E+02  .97311410E+03  .37885210E+07  .53691840E+06 -.26691470E-01  .26836330E+04
 .50362610E+02  .10178750E+04  .39079550E+07  .56631170E+06 -.24258580E-01  .26553490E+04
 .47580800E+02  .10651060E+04  .40329090E+07  .59617720E+06 -.22155870E-01  .26372890E+04
 .45033920E+02  .11148090E+04  .41636790E+07  .62663770E+06 -.20335430E-01  .26257940E+04
 .10000000E+02  .28000000E+02  .00000000E+00  .14000000E+02  .17000000E+02  .70908650E+04
 .31767810E+03  .64831840E+03  .21082450E+07  .12502290E+06 -.36988640E+00  .60109280E+06
 .33912350E+03  .64825320E+03  .20719410E+07  .12522350E+06 -.39591690E+00  .48914420E+06
 .36199050E+03  .64815880E+03  .20356410E+07  .12748810E+06 -.42028400E+00  .29714870E+06
 .38611160E+03  .64798780E+03  .19993490E+07  .13271440E+06 -.44013660E+00  .15516300E+06
 .41113430E+03  .64765610E+03  .19630700E+07  .14204410E+06 -.45190250E+00  .80575180E+05
 .43652050E+03  .64704300E+03  .19268160E+07  .15566780E+06 -.45277070E+00  .45375270E+05
 .46166990E+03  .64601620E+03  .18906090E+07  .17746090E+06 -.44429990E+00  .28390490E+05
 .48619720E+03  .64446180E+03  .18544730E+07  .21188130E+06 -.43122150E+00  .19534530E+05
 .50993370E+03  .64230410E+03  .18184400E+07  .25869400E+06 -.41626300E+00  .14552760E+05
 .53278020E+03  .63952170E+03  .17825460E+07  .31379220E+06 -.39918210E+00  .11604620E+05
 .53278020E+03  .63952170E+03  .17825460E+07  .31379220E+06 -.39918210E+00  .11604620E+05
 .58790160E+03  .62951490E+03  .16873300E+07  .41955100E+06 -.32814680E+00  .83920630E+04
 .63277190E+03  .61740450E+03  .15939990E+07  .56258630E+06 -.28518970E+00  .69533070E+04
 .67311330E+03  .60331410E+03  .15024270E+07  .72168380E+06 -.25371040E+00  .61242820E+04
 .70912500E+03  .58800420E+03  .14130660E+07  .88480780E+06 -.22712260E+00  .55915820E+04
 .74143560E+03  .57189050E+03  .13260660E+07  .10516640E+07 -.20425890E+00  .52310460E+04
 .77056190E+03  .55530180E+03  .12415220E+07  .12193340E+07 -.18457870E+00  .49766000E+04
 .79694130E+03  .53848650E+03  .11594860E+07  .13835310E+07 -.16754000E+00  .47900140E+04
 .82092930E+03  .52162850E+03  .10799780E+07  .15403530E+07 -.15261170E+00  .46488920E+04
 .84280820E+03  .50486410E+03  .10029930E+07  .16872070E+07 -.13935550E+00  .45397970E+04
 .86280300E+03  .48829510E+03  .92850900E+06  .18228410E+07 -.12744530E+00  .44541500E+04
 .88109710E+03  .47199750E+03  .85649080E+06  .19469180E+07 -.11664370E+00  .43860490E+04
 .89784250E+03  .45602670E+03  .78689340E+06  .20595340E+07 -.10676960E+00  .43312500E+04
 .91316690E+03  .44042220E+03  .71966450E+06  .21608840E+07 -.97674060E-01  .42867170E+04
 .92717710E+03  .42521200E+03  .65474700E+06  .22510620E+07 -.89227190E-01  .42503620E+04
 .93996170E+03  .41041510E+03  .59208030E+06  .23299670E+07 -.81312820E-01  .42207920E+04
 .95159230E+03  .39604450E+03  .53160110E+06  .23972530E+07 -.73826570E-01  .41970360E+04
 .96212630E+03  .38210810E+03  .47324520E+06  .24522730E+07 -.66674430E-01  .41782930E+04
 .97160710E+03  .36860970E+03  .41694680E+06  .24940220E+07 -.59770200E-01  .41637340E+04
 .98006570E+03  .35554860E+03  .36264040E+06  .25210550E+07 -.53032600E-01  .41524400E+04
 .98752140E+03  .34292040E+03  .31026060E+06  .25314470E+07 -.46385930E-01  .41434900E+04
 .99398300E+03  .33071730E+03  .25974300E+06  .25228070E+07 -.39769870E-01  .41361610E+04
 .99945190E+03  .31892960E+03  .21102460E+06  .24922820E+07 -.33144490E-01  .41299240E+04
 .10039220E+04  .30754600E+03  .16404390E+06  .24365280E+07 -.26436690E-01  .41241020E+04
 .10073680E+04  .29655320E+03  .11874130E+06  .23523500E+07 -.19424870E-01  .41180820E+04
 .10097130E+04  .28593800E+03  .75059060E+05  .22388360E+07 -.11655320E-01  .41121040E+04
 .10107890E+04  .27568930E+03  .32941540E+05  .21004070E+07 -.23532140E-02  .41072700E+04
 .10102780E+04  .26579970E+03 -.76656790E+04  .19501370E+07  .97753690E-02  .41056540E+04
 .31767810E+03  .64831840E+03  .21082450E+07  .12502290E+06 -.36988640E+00  .60109280E+06
 .29769560E+03  .64838120E+03  .21445530E+07  .12629640E+06 -.34385890E+00  .52861300E+06
 .27915080E+03  .64846330E+03  .21808640E+07  .12869960E+06 -.31862090E+00  .36443340E+06
 .26198900E+03  .64859000E+03  .22171810E+07  .13204070E+06 -.29450400E+00  .22821220E+06
 .24614250E+03  .64879320E+03  .22535080E+07  .13620500E+06 -.27166390E+00  .14346150E+06
 .23153690E+03  .64910930E+03  .22898480E+07  .14110690E+06 -.25020170E+00  .94254200E+05
 .21809280E+03  .64957760E+03  .23262110E+07  .14666620E+06 -.23019390E+00  .65276070E+05
 .20572720E+03  .65023650E+03  .23626050E+07  .15279870E+06 -.21168660E+00  .47489210E+05
 .19435570E+03  .65112290E+03  .23990420E+07  .15941500E+06 -.19468560E+00  .36044910E+05
 .18389490E+03  .65227050E+03  .24355350E+07  .16642370E+06 -.17915480E+00  .28341850E+05
 .17426430E+03  .65371040E+03  .24721010E+07  .17373590E+06 -.16502170E+00  .22942120E+05
 .16538820E+03  .65547090E+03  .25087570E+07  .18127190E+06 -.15218820E+00  .19019840E+05
 .15719710E+03  .65757870E+03  .25455210E+07  .18896960E+06 -.14054210E+00  .16081840E+05
 .14962750E+03  .66005870E+03  .25824130E+07  .19679620E+06 -.12996850E+00  .13822510E+05
 .14962750E+03  .66005870E+03  .25824130E+07  .19679620E+06 -.12996850E+00  .13822510E+05
 .13521430E+03  .66682970E+03  .26619550E+07  .21420330E+06 -.11119110E+00  .10149030E+05
 .12281630E+03  .67574690E+03  .27424890E+07  .23561810E+06 -.96054990E-01  .80878410E+04
 .11203860E+03  .68704030E+03  .28242300E+07  .25954840E+06 -.83989150E-01  .65234250E+04
 .10257690E+03  .70116270E+03  .29074920E+07  .28518850E+06 -.73984740E-01  .53714800E+04
 .94225960E+02  .71845100E+03  .29926360E+07  .31186300E+06 -.65398010E-01  .45526990E+04
 .86838620E+02  .73905720E+03  .30800530E+07  .33905930E+06 -.57888810E-01  .39812930E+04
 .80294770E+02  .76299770E+03  .31701430E+07  .36651970E+06 -.51328220E-01  .35762030E+04
 .74484580E+02  .79025790E+03  .32633050E+07  .39424560E+06 -.45647390E-01  .32796830E+04
 .69308500E+02  .82081140E+03  .33599370E+07  .42228430E+06 -.40738400E-01  .30610420E+04
 .64681620E+02  .85456810E+03  .34604280E+07  .45060890E+06 -.36474200E-01  .29045930E+04
 .60532970E+02  .89135360E+03  .35651540E+07  .47916240E+06 -.32754290E-01  .27979270E+04
 .56801480E+02  .93095730E+03  .36744660E+07  .50793170E+06 -.29512550E-01  .27282380E+04
 .53432830E+02  .97319840E+03  .37886890E+07  .53696680E+06 -.26699070E-01  .26837510E+04
 .50378500E+02  .10179610E+04  .39081340E+07  .56636110E+06 -.24265510E-01  .26554620E+04
 .47595890E+02  .10651940E+04  .40330990E+07  .59622770E+06 -.22162230E-01  .26373940E+04
 .45048280E+02  .11148990E+04  .41638790E+07  .62668940E+06 -.20341310E-01  .26258900E+04
 .10000000E+02  .28000000E+02  .00000000E+00  .14000000E+02  .17000000E+02  .70908650E+04
 .31775000E+03  .64835140E+03  .21082740E+07  .12507080E+06 -.36989260E+00  .58219850E+06
 .33919530E+03  .64828420E+03  .20719680E+07  .12527830E+06 -.39590550E+00  .47601940E+06
 .36206110E+03  .64818770E+03  .20356660E+07  .12755170E+06 -.42024870E+00  .29191470E+06
 .38617940E+03  .64801430E+03  .19993720E+07  .13278900E+06 -.44007210E+00  .15359180E+06
 .41119770E+03  .64768010E+03  .19630920E+07  .14213100E+06 -.45180880E+00  .80114160E+05
 .43657830E+03  .64706430E+03  .19268370E+07  .15584690E+06 -.45266630E+00  .45223390E+05
 .46172060E+03  .64603500E+03  .18906280E+07  .17758010E+06 -.44415730E+00  .28335610E+05
 .48623970E+03  .64447820E+03  .18544910E+07  .21197640E+06 -.43107520E+00  .19512100E+05
 .50996840E+03  .64231850E+03  .18184580E+07  .25878580E+06 -.41613790E+00  .14542130E+05
 .53280880E+03  .63953440E+03  .17825630E+07  .31390160E+06 -.39909020E+00  .11598620E+05
 .53280880E+03  .63953440E+03  .17825630E+07  .31390160E+06 -.39909020E+00  .11598620E+05
 .58792300E+03  .62952340E+03  .16873460E+07  .41974710E+06 -.32813360E+00  .83892710E+04
 .63278790E+03  .61741090E+03  .15940130E+07  .56270010E+06 -.28515990E+00  .69525170E+04
 .67312570E+03  .60331920E+03  .15024400E+07  .72178970E+06 -.25369190E+00  .61238610E+04
 .70913510E+03  .58800830E+03  .14130780E+07  .88490830E+06 -.22710990E+00  .55913250E+04
 .74144420E+03  .57189380E+03  .13260780E+07  .10517610E+07 -.20424980E+00  .52308780E+04
 .77056930E+03  .55530460E+03  .12415340E+07  .12194280E+07 -.18457190E+00  .49764830E+04
 .79694780E+03  .53848890E+03  .11594980E+07  .13836230E+07 -.16753490E+00  .47899280E+04
 .82093510E+03  .52163060E+03  .10799890E+07  .15404430E+07 -.15260790E+00  .46488270E+04
 .84281350E+03  .50486580E+03  .10030040E+07  .16872940E+07 -.13935260E+00  .45397460E+04
 .86280800E+03  .48829670E+03  .92851940E+06  .18229250E+07 -.12744300E+00  .44541090E+04
 .88110170E+03  .47199890E+03  .85650110E+06  .19469980E+07 -.11664180E+00  .43860150E+04
 .89784690E+03  .45602790E+03  .78690340E+06  .20596120E+07 -.10676810E+00  .43312210E+04
 .91317100E+03  .44042330E+03  .71967440E+06  .21609590E+07 -.97672830E-01  .42866920E+04
 .92718120E+03  .42521290E+03  .65475670E+06  .22511340E+07 -.89226190E-01  .42503390E+04
 .93996550E+03  .41041590E+03  .59208980E+06  .23300370E+07 -.81312010E-01  .42207710E+04
 .95159610E+03  .39604520E+03  .53161060E+06  .23973200E+07 -.73825940E-01  .41970180E+04
 .96213000E+03  .38210880E+03  .47325450E+06  .24523390E+07 -.66673950E-01  .41782750E+04
 .97161070E+03  .36861030E+03  .41695610E+06  .24940860E+07 -.59769870E-01  .41637170E+04
 .98006930E+03  .35554920E+03  .36264960E+06  .25211170E+07 -.53032420E-01  .41524240E+04
 .98752500E+03  .34292080E+03  .31026970E+06  .25315070E+07 -.46385910E-01  .41434730E+04
 .99398650E+03  .33071770E+03  .25975200E+06  .25228640E+07 -.39770050E-01  .41361430E+04
 .99945550E+03  .31892990E+03  .21103360E+06  .24923370E+07 -.33144890E-01  .41299050E+04
 .10039260E+04  .30754620E+03  .16405290E+06  .24365780E+07 -.26437400E-01  .41240820E+04
 .10073720E+04  .29655340E+03  .11875020E+06  .23523940E+07 -.19425940E-01  .41180590E+04
 .10097170E+04  .28593810E+03  .75067980E+05  .22388750E+07 -.11656850E-01  .41120760E+04
 .10107930E+04  .27568930E+03  .32950440E+05  .21004390E+07 -.23552190E-02  .41072320E+04
 .10102830E+04  .26579970E+03 -.76567710E+04  .19501640E+07  .97730200E-02  .41056000E+04
 .31775000E+03  .64835140E+03  .21082740E+07  .12507080E+06 -.36989260E+00  .58219850E+06
 .29776680E+03  .64841610E+03  .21445830E+07  .12633880E+06 -.34387790E+00  .51436820E+06
 .27922080E+03  .64850010E+03  .21808970E+07  .12873750E+06 -.31864900E+00  .35781110E+06
 .26205720E+03  .64862860E+03  .22172160E+07  .13207480E+06 -.29453880E+00  .22570080E+06
 .24620860E+03  .64883350E+03  .22535440E+07  .13623570E+06 -.27170330E+00  .14251630E+06
 .23160070E+03  .64915130E+03  .22898870E+07  .14113470E+06 -.25024410E+00  .93870650E+05
 .21815410E+03  .64962110E+03  .23262520E+07  .14669130E+06 -.23023770E+00  .65104710E+05
 .20578610E+03  .65028150E+03  .23626480E+07  .15282120E+06 -.21173060E+00  .47405150E+05
 .19441220E+03  .65116930E+03  .23990880E+07  .15943530E+06 -.19472880E+00  .36000120E+05
 .18394900E+03  .65231820E+03  .24355840E+07  .16644220E+06 -.17919640E+00  .28316270E+05
 .17431610E+03  .65375930E+03  .24721530E+07  .17375290E+06 -.16506130E+00  .22926650E+05
 .16543790E+03  .65552100E+03  .25088110E+07  .18128800E+06 -.15222550E+00  .19010070E+05
 .15724470E+03  .65762990E+03  .25455780E+07  .18898560E+06 -.14057710E+00  .16075460E+05
 .14967320E+03  .66011090E+03  .25824730E+07  .19681340E+06 -.13000130E+00  .13818270E+05
 .14967320E+03  .66011090E+03  .25824730E+07  .19681340E+06 -.13000130E+00  .13818270E+05
 .13525630E+03  .66688450E+03  .26620220E+07  .21423030E+06 -.11122370E+00  .10146780E+05
 .12285450E+03  .67580420E+03  .27425620E+07  .23565320E+06 -.96085790E-01  .80863010E+04
 .11207330E+03  .68710050E+03  .28243100E+07  .25958830E+06 -.84016890E-01  .65224380E+04
 .10260850E+03  .70122600E+03  .29075790E+07  .28523080E+06 -.74008950E-01  .53709120E+04
 .94254820E+02  .71851730E+03  .29927310E+07  .31190650E+06 -.65418830E-01  .45524170E+04
 .86865170E+02  .73912630E+03  .30801560E+07  .33910330E+06 -.57906650E-01  .39811880E+04
 .80319330E+02  .76306940E+03  .31702550E+07  .36656390E+06 -.51343620E-01  .35761940E+04
 .74507410E+02  .79033200E+03  .32634260E+07  .39429010E+06 -.45660840E-01  .32797250E+04
 .69329810E+02  .82088780E+03  .33600660E+07  .42232930E+06 -.40750260E-01  .30611160E+04
 .64701580E+02  .85464650E+03  .34605670E+07  .45065470E+06 -.36484710E-01  .29046900E+04
 .60551750E+02  .89143400E+03  .35653030E+07  .47920900E+06 -.32763650E-01  .27980390E+04
 .56819200E+02  .93103960E+03  .36746240E+07  .50797910E+06 -.29520950E-01  .27283570E+04
 .53449580E+02  .97328250E+03  .37888580E+07  .53701510E+06 -.26706660E-01  .26838690E+04
 .50394390E+02  .10180470E+04  .39083130E+07  .56641040E+06 -.24272430E-01  .26555740E+04
 .47610990E+02  .10652820E+04  .40332880E+07  .59627820E+06 -.22168590E-01  .26375000E+04
 .45062640E+02  .11149890E+04  .41640790E+07  .62674110E+06 -.20347190E-01  .26259860E+04
 .10000000E+02  .28000000E+02  .00000000E+00  .14000000E+02  .17000000E+02  .70908650E+04
 .31782200E+03  .64838430E+03  .21083020E+07  .12511860E+06 -.36989880E+00  .56446100E+06
 .33926720E+03  .64831510E+03  .20719940E+07  .12533310E+06 -.39589410E+00  .46358370E+06
 .36213160E+03  .64821650E+03  .20356910E+07  .12761540E+06 -.42021330E+00  .28686310E+06
 .38624710E+03  .64804090E+03  .19993950E+07  .13286350E+06 -.44000740E+00  .15205260E+06
 .41126100E+03  .64770420E+03  .19631130E+07  .14221780E+06 -.45171500E+00  .79658590E+05
 .43663600E+03  .64708570E+03  .19268580E+07  .15602550E+06 -.45256280E+00  .45072510E+05
 .46177120E+03  .64605380E+03  .18906480E+07  .17769890E+06 -.44401510E+00  .28280970E+05
 .48628210E+03  .64449460E+03  .18545100E+07  .21207120E+06 -.43092920E+00  .19489740E+05
 .51000320E+03  .64233290E+03  .18184750E+07  .25887730E+06 -.41601280E+00  .14531540E+05
 .53283750E+03  .63954700E+03  .17825800E+07  .31401090E+06 -.39899840E+00  .11592640E+05
 .53283750E+03  .63954700E+03  .17825800E+07  .31401090E+06 -.39899840E+00  .11592640E+05
 .58794450E+03  .62953200E+03  .16873610E+07  .41994320E+06 -.32812040E+00  .83864830E+04
 .63280390E+03  .61741730E+03  .15940270E+07  .56281390E+06 -.28513010E+00  .69517280E+04
 .67313820E+03  .60332420E+03  .15024540E+07  .72189560E+06 -.25367340E+00  .61234400E+04
 .70914530E+03  .58801230E+03  .14130910E+07  .88500880E+06 -.22709720E+00  .55910690E+04
 .74145270E+03  .57189720E+03  .13260900E+07  .10518580E+07 -.20424060E+00  .52307090E+04
 .77057670E+03  .55530740E+03  .12415450E+07  .12195230E+07 -.18456520E+00  .49763660E+04
 .79695430E+03  .53849130E+03  .11595090E+07  .13837160E+07 -.16752990E+00  .47898430E+04
 .82094090E+03  .52163260E+03  .10800000E+07  .15405320E+07 -.15260400E+00  .46487620E+04
 .84281880E+03  .50486760E+03  .10030140E+07  .16873810E+07 -.13934960E+00  .45396950E+04
 .86281290E+03  .48829820E+03  .92852990E+06  .18230090E+07 -.12744060E+00  .44540670E+04
 .88110640E+03  .47200020E+03  .85651130E+06  .19470790E+07 -.11664000E+00  .43859800E+04
 .89785130E+03  .45602910E+03  .78691340E+06  .20596890E+07 -.10676660E+00  .43311910E+04
 .91317520E+03  .44042430E+03  .71968420E+06  .21610330E+07 -.97671610E-01  .42866670E+04
 .92718510E+03  .42521380E+03  .65476640E+06  .22512060E+07 -.89225190E-01  .42503170E+04
 .93996940E+03  .41041670E+03  .59209940E+06  .23301060E+07 -.81311200E-01  .42207500E+04
 .95159990E+03  .39604590E+03  .53162010E+06  .23973880E+07 -.73825300E-01  .41969990E+04
 .96213370E+03  .38210940E+03  .47326390E+06  .24524050E+07 -.66673470E-01  .41782580E+04
 .97161430E+03  .36861090E+03  .41696530E+06  .24941490E+07 -.59769530E-01  .41637000E+04
 .98007290E+03  .35554970E+03  .36265880E+06  .25211790E+07 -.53032240E-01  .41524070E+04
 .98752850E+03  .34292130E+03  .31027880E+06  .25315670E+07 -.46385900E-01  .41434560E+04
 .99399010E+03  .33071800E+03  .25976110E+06  .25229220E+07 -.39770230E-01  .41361250E+04
 .99945910E+03  .31893020E+03  .21104260E+06  .24923910E+07 -.33145300E-01  .41298870E+04
 .10039300E+04  .30754640E+03  .16406180E+06  .24366280E+07 -.26438100E-01  .41240620E+04
 .10073760E+04  .29655360E+03  .11875910E+06  .23524390E+07 -.19427020E-01  .41180360E+04
 .10097210E+04  .28593820E+03  .75076890E+05  .22389130E+07 -.11658370E-01  .41120480E+04
 .10107970E+04  .27568940E+03  .32959340E+05  .21004710E+07 -.23572240E-02  .41071950E+04
 .10102880E+04  .26579960E+03 -.76478620E+04  .19501910E+07  .97706710E-02  .41055450E+04
 .31782200E+03  .64838430E+03  .21083020E+07  .12511860E+06 -.36989880E+00  .56446100E+06
 .29783810E+03  .64845100E+03  .21446130E+07  .12638120E+06 -.34389670E+00  .50087520E+06
 .27929070E+03  .64853690E+03  .21809290E+07  .12877540E+06 -.31867700E+00  .35142710E+06
 .26212530E+03  .64866720E+03  .22172500E+07  .13210890E+06 -.29457340E+00  .22324470E+06
 .24627470E+03  .64887380E+03  .22535810E+07  .13626640E+06 -.27174260E+00  .14158360E+06
 .23166450E+03  .64919330E+03  .22899260E+07  .14116240E+06 -.25028630E+00  .93490310E+05
 .21821550E+03  .64966460E+03  .23262930E+07  .14671630E+06 -.23028140E+00  .64934290E+05
 .20584500E+03  .65032650E+03  .23626920E+07  .15284380E+06 -.21177450E+00  .47321420E+05
 .19446860E+03  .65121560E+03  .23991340E+07  .15945570E+06 -.19477190E+00  .35955460E+05
 .18400310E+03  .65236580E+03  .24356330E+07  .16646060E+06 -.17923800E+00  .28290730E+05
 .17436790E+03  .65380820E+03  .24722050E+07  .17376990E+06 -.16510090E+00  .22911210E+05
 .16548750E+03  .65557100E+03  .25088660E+07  .18130410E+06 -.15226280E+00  .19000310E+05
 .15729230E+03  .65768100E+03  .25456350E+07  .18900170E+06 -.14061200E+00  .16069100E+05
 .14971890E+03  .66016310E+03  .25825330E+07  .19683050E+06 -.13003400E+00  .13814030E+05
 .14971890E+03  .66016310E+03  .25825330E+07  .19683050E+06 -.13003400E+00  .13814030E+05
 .13529840E+03  .66693910E+03  .26620880E+07  .21425740E+06 -.11125630E+00  .10144530E+05
 .12289260E+03  .67586150E+03  .27426350E+07  .23568830E+06 -.96116590E-01  .80847610E+04
 .11210790E+03  .68716060E+03  .28243900E+07  .25962820E+06 -.84044620E-01  .65214510E+04
 .10264010E+03  .70128920E+03  .29076670E+07  .28527320E+06 -.74033150E-01  .53703440E+04
 .94283680E+02  .71858360E+03  .29928270E+07  .31195010E+06 -.65439650E-01  .45521360E+04
 .86891700E+02  .73919530E+03  .30802600E+07  .33914730E+06 -.57924480E-01  .39810830E+04
 .80343880E+02  .76314100E+03  .31703670E+07  .36660800E+06 -.51359010E-01  .35761850E+04
 .74530230E+02  .79040590E+03  .32635470E+07  .39433450E+06 -.45674290E-01  .32797670E+04
 .69351120E+02  .82096410E+03  .33601960E+07  .42237440E+06 -.40762110E-01  .30611910E+04
 .64721560E+02  .85472490E+03  .34607060E+07  .45070040E+06 -.36495210E-01  .29047870E+04
 .60570530E+02  .89151440E+03  .35654510E+07  .47925550E+06 -.32773010E-01  .27981510E+04
 .56836910E+02  .93112190E+03  .36747820E+07  .50802650E+06 -.29529340E-01  .27284750E+04
 .53466340E+02  .97336660E+03  .37890260E+07  .53706340E+06 -.26714260E-01  .26839880E+04
 .50410280E+02  .10181330E+04  .39084910E+07  .56645980E+06 -.24279350E-01  .26556870E+04
 .47626080E+02  .10653700E+04  .40334770E+07  .59632860E+06 -.22174950E-01  .26376040E+04
 .45077000E+02  .11150790E+04  .41642790E+07  .62679280E+06 -.20353070E-01  .26260820E+04
 .10000000E+02  .28000000E+02  .00000000E+00  .14000000E+02  .17000000E+02  .70908650E+04
 .31789390E+03  .64841730E+03  .21083300E+07  .12516650E+06 -.36990490E+00  .54777730E+06
 .33933900E+03  .64834610E+03  .20720210E+07  .12538800E+06 -.39588250E+00  .45178430E+06
 .36220210E+03  .64824540E+03  .20357160E+07  .12767910E+06 -.42017780E+00  .28198460E+06
 .38631480E+03  .64806740E+03  .19994190E+07  .13293810E+06 -.43994270E+00  .15054440E+06
 .41132420E+03  .64772820E+03  .19631350E+07  .14230470E+06 -.45162120E+00  .79208410E+05
 .43669370E+03  .64710710E+03  .19268780E+07  .15620350E+06 -.45246010E+00  .44922610E+05
 .46182190E+03  .64607250E+03  .18906670E+07  .17781730E+06 -.44387320E+00  .28226570E+05
 .48632450E+03  .64451100E+03  .18545280E+07  .21216580E+06 -.43078340E+00  .19467450E+05
 .51003800E+03  .64234740E+03  .18184930E+07  .25896870E+06 -.41588780E+00  .14520960E+05
 .53286610E+03  .63955960E+03  .17825970E+07  .31411990E+06 -.39890650E+00  .11586670E+05
 .53286610E+03  .63955960E+03  .17825970E+07  .31411990E+06 -.39890650E+00  .11586670E+05
 .58796590E+03  .62954050E+03  .16873760E+07  .42013920E+06 -.32810720E+00  .83836980E+04
 .63281990E+03  .61742370E+03  .15940420E+07  .56292770E+06 -.28510030E+00  .69509400E+04
 .67315070E+03  .60332920E+03  .15024670E+07  .72200150E+06 -.25365490E+00  .61230190E+04
 .70915550E+03  .58801640E+03  .14131040E+07  .88510930E+06 -.22708460E+00  .55908130E+04
 .74146130E+03  .57190050E+03  .13261020E+07  .10519560E+07 -.20423150E+00  .52305420E+04
 .77058400E+03  .55531010E+03  .12415570E+07  .12196180E+07 -.18455850E+00  .49762500E+04
 .79696080E+03  .53849370E+03  .11595200E+07  .13838080E+07 -.16752480E+00  .47897580E+04
 .82094680E+03  .52163460E+03  .10800110E+07  .15406220E+07 -.15260020E+00  .46486970E+04
 .84282420E+03  .50486940E+03  .10030250E+07  .16874670E+07 -.13934660E+00  .45396440E+04
 .86281790E+03  .48829970E+03  .92854030E+06  .18230920E+07 -.12743830E+00  .44540260E+04
 .88111100E+03  .47200160E+03  .85652150E+06  .19471590E+07 -.11663810E+00  .43859460E+04
 .89785560E+03  .45603030E+03  .78692340E+06  .20597670E+07 -.10676510E+00  .43311620E+04
 .91317940E+03  .44042540E+03  .71969410E+06  .21611080E+07 -.97670380E-01  .42866410E+04
 .92718910E+03  .42521480E+03  .65477610E+06  .22512780E+07 -.89224190E-01  .42502940E+04
 .93997330E+03  .41041750E+03  .59210890E+06  .23301760E+07 -.81310390E-01  .42207300E+04
 .95160360E+03  .39604670E+03  .53162950E+06  .23974550E+07 -.73824660E-01  .41969800E+04
 .96213730E+03  .38211010E+03  .47327320E+06  .24524700E+07 -.66672980E-01  .41782400E+04
 .97161790E+03  .36861140E+03  .41697460E+06  .24942130E+07 -.59769200E-01  .41636830E+04
 .98007640E+03  .35555010E+03  .36266790E+06  .25212410E+07 -.53032060E-01  .41523900E+04
 .98753200E+03  .34292170E+03  .31028790E+06  .25316270E+07 -.46385890E-01  .41434380E+04
 .99399370E+03  .33071840E+03  .25977020E+06  .25229790E+07 -.39770410E-01  .41361070E+04
 .99946280E+03  .31893050E+03  .21105160E+06  .24924450E+07 -.33145720E-01  .41298680E+04
 .10039330E+04  .30754670E+03  .16407080E+06  .24366780E+07 -.26438800E-01  .41240420E+04
 .10073800E+04  .29655370E+03  .11876810E+06  .23524840E+07 -.19428090E-01  .41180130E+04
 .10097250E+04  .28593840E+03  .75085800E+05  .22389510E+07 -.11659900E-01  .41120200E+04
 .10108020E+04  .27568940E+03  .32968250E+05  .21005030E+07 -.23592290E-02  .41071580E+04
 .10102920E+04  .26579950E+03 -.76389540E+04  .19502170E+07  .97683210E-02  .41054910E+04
 .31789390E+03  .64841730E+03  .21083300E+07  .12516650E+06 -.36990490E+00  .54777730E+06
 .29790930E+03  .64848590E+03  .21446430E+07  .12642360E+06 -.34391550E+00  .48807600E+06
 .27936060E+03  .64857360E+03  .21809610E+07  .12881330E+06 -.31870490E+00  .34526880E+06
 .26219350E+03  .64870580E+03  .22172850E+07  .13214290E+06 -.29460800E+00  .22084230E+06
 .24634070E+03  .64891410E+03  .22536170E+07  .13629710E+06 -.27178190E+00  .14066340E+06
 .23172820E+03  .64923530E+03  .22899650E+07  .14119000E+06 -.25032850E+00  .93113130E+05
 .21827680E+03  .64970810E+03  .23263350E+07  .14674120E+06 -.23032510E+00  .64764810E+05
 .20590390E+03  .65037150E+03  .23627360E+07  .15286630E+06 -.21181840E+00  .47238000E+05
 .19452510E+03  .65126200E+03  .23991800E+07  .15947600E+06 -.19481510E+00  .35910930E+05
 .18405710E+03  .65241350E+03  .24356820E+07  .16647910E+06 -.17927960E+00  .28265260E+05
 .17441970E+03  .65385700E+03  .24722560E+07  .17378690E+06 -.16514050E+00  .22895790E+05
 .16553720E+03  .65562110E+03  .25089200E+07  .18132020E+06 -.15230010E+00  .18990570E+05
 .15733990E+03  .65773220E+03  .25456920E+07  .18901780E+06 -.14064690E+00  .16062750E+05
 .14976470E+03  .66021530E+03  .25825930E+07  .19684760E+06 -.13006680E+00  .13809800E+05
 .14976470E+03  .66021530E+03  .25825930E+07  .19684760E+06 -.13006680E+00  .13809800E+05
 .13534030E+03  .66699380E+03  .26621550E+07  .21428450E+06 -.11128900E+00  .10142270E+05
 .12293080E+03  .67591880E+03  .27427080E+07  .23572350E+06 -.96147400E-01  .80832220E+04
 .11214260E+03  .68722080E+03  .28244710E+07  .25966810E+06 -.84072340E-01  .65204650E+04
 .10267160E+03  .70135250E+03  .29077550E+07  .28531550E+06 -.74057350E-01  .53697770E+04
 .94312520E+02  .71864980E+03  .29929220E+07  .31199370E+06 -.65460460E-01  .45518540E+04
 .86918240E+02  .73926430E+03  .30803640E+07  .33919120E+06 -.57942300E-01  .39809780E+04
 .80368420E+02  .76321260E+03  .31704790E+07  .36665210E+06 -.51374410E-01  .35761770E+04
 .74553050E+02  .79048000E+03  .32636670E+07  .39437890E+06 -.45687740E-01  .32798100E+04
 .69372430E+02  .82104030E+03  .33603260E+07  .42241940E+06 -.40773970E-01  .30612650E+04
 .64741520E+02  .85480330E+03  .34608450E+07  .45074620E+06 -.36505710E-01  .29048850E+04
 .60589310E+02  .89159480E+03  .35656000E+07  .47930210E+06 -.32782370E-01  .27982630E+04
 .56854630E+02  .93120420E+03  .36749410E+07  .50807380E+06 -.29537740E-01  .27285940E+04
 .53483100E+02  .97345070E+03  .37891940E+07  .53711180E+06 -.26721850E-01  .26841050E+04
 .50426170E+02  .10182190E+04  .39086700E+07  .56650910E+06 -.24286270E-01  .26558000E+04
 .47641170E+02  .10654580E+04  .40336660E+07  .59637910E+06 -.22181300E-01  .26377090E+04
 .45091360E+02  .11151690E+04  .41644780E+07  .62684440E+06 -.20358950E-01  .26261780E+04
 .10000000E+02  .28000000E+02  .00000000E+00  .14000000E+02  .17000000E+02  .70908650E+04
 .31796580E+03  .64845030E+03  .21083580E+07  .12521440E+06 -.36991100E+00  .53205600E+06
 .33941070E+03  .64837700E+03  .20720470E+07  .12544280E+06 -.39587090E+00  .44057340E+06
 .36227260E+03  .64827420E+03  .20357410E+07  .12774280E+06 -.42014230E+00  .27727040E+06
 .38638250E+03  .64809390E+03  .19994420E+07  .13301270E+06 -.43987800E+00  .14906640E+06
 .41138750E+03  .64775230E+03  .19631570E+07  .14239160E+06 -.45152750E+00  .78763490E+05
 .43675130E+03  .64712840E+03  .19268990E+07  .15638090E+06 -.45235820E+00  .44773680E+05
 .46187250E+03  .64609120E+03  .18906870E+07  .17793520E+06 -.44373180E+00  .28172410E+05
 .48636690E+03  .64452740E+03  .18545470E+07  .21226000E+06 -.43063770E+00  .19445230E+05
 .51007270E+03  .64236170E+03  .18185110E+07  .25905980E+06 -.41576290E+00  .14510420E+05
 .53289480E+03  .63957230E+03  .17826140E+07  .31422880E+06 -.39881470E+00  .11580710E+05
 .53289480E+03  .63957230E+03  .17826140E+07  .31422880E+06 -.39881470E+00  .11580710E+05
 .58798730E+03  .62954910E+03  .16873920E+07  .42033520E+06 -.32809400E+00  .83809160E+04
 .63283590E+03  .61743010E+03  .15940560E+07  .56304150E+06 -.28507040E+00  .69501520E+04
 .67316310E+03  .60333430E+03  .15024800E+07  .72210740E+06 -.25363640E+00  .61225990E+04
 .70916560E+03  .58802040E+03  .14131160E+07  .88520980E+06 -.22707190E+00  .55905580E+04
 .74146980E+03  .57190390E+03  .13261140E+07  .10520530E+07 -.20422240E+00  .52303740E+04
 .77059140E+03  .55531290E+03  .12415690E+07  .12197130E+07 -.18455170E+00  .49761320E+04
 .79696730E+03  .53849600E+03  .11595310E+07  .13839010E+07 -.16751980E+00  .47896720E+04
 .82095260E+03  .52163670E+03  .10800220E+07  .15407120E+07 -.15259630E+00  .46486320E+04
 .84282950E+03  .50487110E+03  .10030360E+07  .16875540E+07 -.13934360E+00  .45395920E+04
 .86282280E+03  .48830130E+03  .92855080E+06  .18231760E+07 -.12743600E+00  .44539840E+04
 .88111560E+03  .47200290E+03  .85653170E+06  .19472400E+07 -.11663620E+00  .43859110E+04
 .89786000E+03  .45603150E+03  .78693350E+06  .20598440E+07 -.10676360E+00  .43311330E+04
 .91318350E+03  .44042650E+03  .71970390E+06  .21611830E+07 -.97669150E-01  .42866160E+04
 .92719310E+03  .42521570E+03  .65478580E+06  .22513500E+07 -.89223180E-01  .42502720E+04
 .93997710E+03  .41041840E+03  .59211850E+06  .23302460E+07 -.81309590E-01  .42207100E+04
 .95160740E+03  .39604740E+03  .53163900E+06  .23975230E+07 -.73824020E-01  .41969610E+04
 .96214100E+03  .38211070E+03  .47328260E+06  .24525360E+07 -.66672500E-01  .41782220E+04
 .97162150E+03  .36861200E+03  .41698390E+06  .24942770E+07 -.59768860E-01  .41636660E+04
 .98008000E+03  .35555060E+03  .36267710E+06  .25213030E+07 -.53031880E-01  .41523730E+04
 .98753560E+03  .34292210E+03  .31029700E+06  .25316870E+07 -.46385880E-01  .41434210E+04
 .99399730E+03  .33071880E+03  .25977920E+06  .25230360E+07 -.39770590E-01  .41360900E+04
 .99946640E+03  .31893080E+03  .21106060E+06  .24924990E+07 -.33146130E-01  .41298500E+04
 .10039370E+04  .30754690E+03  .16407980E+06  .24367280E+07 -.26439500E-01  .41240220E+04
 .10073830E+04  .29655390E+03  .11877700E+06  .23525290E+07 -.19429170E-01  .41179910E+04
 .10097290E+04  .28593840E+03  .75094720E+05  .22389900E+07 -.11661420E-01  .41119920E+04
 .10108060E+04  .27568940E+03  .32977150E+05  .21005350E+07 -.23612340E-02  .41071210E+04
 .10102970E+04  .26579940E+03 -.76300450E+04  .19502440E+07  .97659720E-02  .41054370E+04
 .31796580E+03  .64845030E+03  .21083580E+07  .12521440E+06 -.36991100E+00  .53205600E+06
 .29798040E+03  .64852080E+03  .21446740E+07  .12646590E+06 -.34393420E+00  .47591850E+06
 .27943040E+03  .64861040E+03  .21809930E+07  .12885110E+06 -.31873280E+00  .33932450E+06
 .26226150E+03  .64874440E+03  .22173190E+07  .13217700E+06 -.29464260E+00  .21849170E+06
 .24640670E+03  .64895450E+03  .22536540E+07  .13632780E+06 -.27182110E+00  .13975520E+06
 .23179200E+03  .64927720E+03  .22900040E+07  .14121770E+06 -.25037070E+00  .92739090E+05
 .21833820E+03  .64975160E+03  .23263760E+07  .14676610E+06 -.23036880E+00  .64596250E+05
 .20596270E+03  .65041640E+03  .23627800E+07  .15288880E+06 -.21186230E+00  .47154900E+05
 .19458150E+03  .65130830E+03  .23992270E+07  .15949630E+06 -.19485810E+00  .35866520E+05
 .18411120E+03  .65246110E+03  .24357310E+07  .16649750E+06 -.17932120E+00  .28239840E+05
 .17447150E+03  .65390580E+03  .24723080E+07  .17380390E+06 -.16518000E+00  .22880410E+05
 .16558680E+03  .65567110E+03  .25089740E+07  .18133630E+06 -.15233730E+00  .18980840E+05
 .15738750E+03  .65778330E+03  .25457490E+07  .18903380E+06 -.14068190E+00  .16056410E+05
 .14981040E+03  .66026750E+03  .25826530E+07  .19686480E+06 -.13009950E+00  .13805570E+05
 .14981040E+03  .66026750E+03  .25826530E+07  .19686480E+06 -.13009950E+00  .13805570E+05
 .13538240E+03  .66704850E+03  .26622210E+07  .21431170E+06 -.11132160E+00  .10140020E+05
 .12296900E+03  .67597600E+03  .27427820E+07  .23575860E+06 -.96178200E-01  .80816830E+04
 .11217730E+03  .68728100E+03  .28245510E+07  .25970810E+06 -.84100070E-01  .65194800E+04
 .10270310E+03  .70141570E+03  .29078420E+07  .28535790E+06 -.74081540E-01  .53692100E+04
 .94341370E+02  .71871610E+03  .29930170E+07  .31203720E+06 -.65481260E-01  .45515740E+04
 .86944770E+02  .73933340E+03  .30804670E+07  .33923520E+06 -.57960130E-01  .39808740E+04
 .80392970E+02  .76328420E+03  .31705910E+07  .36669620E+06 -.51389790E-01  .35761680E+04
 .74575870E+02  .79055400E+03  .32637880E+07  .39442340E+06 -.45701180E-01  .32798520E+04
 .69393730E+02  .82111650E+03  .33604560E+07  .42246440E+06 -.40785820E-01  .30613390E+04
 .64761490E+02  .85488170E+03  .34609840E+07  .45079190E+06 -.36516220E-01  .29049820E+04
 .60608090E+02  .89167510E+03  .35657480E+07  .47934860E+06 -.32791730E-01  .27983750E+04
 .56872340E+02  .93128640E+03  .36750990E+07  .50812120E+06 -.29546130E-01  .27287120E+04
 .53499860E+02  .97353470E+03  .37893630E+07  .53716010E+06 -.26729440E-01  .26842230E+04
 .50442050E+02  .10183050E+04  .39088480E+07  .56655840E+06 -.24293190E-01  .26559130E+04
 .47656270E+02  .10655460E+04  .40338540E+07  .59642950E+06 -.22187660E-01  .26378140E+04
 .45105720E+02  .11152600E+04  .41646780E+07  .62689610E+06 -.20364830E-01  .26262740E+04
 .10000000E+02  .28000000E+02  .00000000E+00  .14000000E+02  .17000000E+02  .70908650E+04
 .31803770E+03  .64848320E+03  .21083870E+07  .12526230E+06 -.36991700E+00  .51721630E+06
 .33948250E+03  .64840800E+03  .20720740E+07  .12549760E+06 -.39585920E+00  .42990820E+06
 .36234300E+03  .64830300E+03  .20357660E+07  .12780650E+06 -.42010670E+00  .27271240E+06
 .38645020E+03  .64812050E+03  .19994650E+07  .13308720E+06 -.43981330E+00  .14761760E+06
 .41145060E+03  .64777620E+03  .19631790E+07  .14247850E+06 -.45143370E+00  .78323770E+05
 .43680880E+03  .64714980E+03  .19269200E+07  .15655780E+06 -.45225720E+00  .44625710E+05
 .46192300E+03  .64610990E+03  .18907060E+07  .17805260E+06 -.44359070E+00  .28118490E+05
 .48640930E+03  .64454380E+03  .18545650E+07  .21235390E+06 -.43049220E+00  .19423090E+05
 .51010750E+03  .64237610E+03  .18185280E+07  .25915060E+06 -.41563800E+00  .14499910E+05
 .53292350E+03  .63958490E+03  .17826310E+07  .31433740E+06 -.39872290E+00  .11574770E+05
 .53292350E+03  .63958490E+03  .17826310E+07  .31433740E+06 -.39872290E+00  .11574770E+05
 .58800870E+03  .62955760E+03  .16874070E+07  .42053110E+06 -.32808080E+00  .83781370E+04
 .63285190E+03  .61743650E+03  .15940700E+07  .56315530E+06 -.28504070E+00  .69493650E+04
 .67317560E+03  .60333940E+03  .15024940E+07  .72221330E+06 -.25361780E+00  .61221780E+04
 .70917580E+03  .58802450E+03  .14131290E+07  .88531030E+06 -.22705930E+00  .55903020E+04
 .74147840E+03  .57190720E+03  .13261260E+07  .10521500E+07 -.20421330E+00  .52302050E+04
 .77059880E+03  .55531570E+03  .12415800E+07  .12198070E+07 -.18454500E+00  .49760160E+04
 .79697380E+03  .53849840E+03  .11595430E+07  .13839930E+07 -.16751470E+00  .47895870E+04
 .82095840E+03  .52163870E+03  .10800330E+07  .15408020E+07 -.15259250E+00  .46485670E+04
 .84283480E+03  .50487290E+03  .10030460E+07  .16876410E+07 -.13934070E+00  .45395410E+04
 .86282780E+03  .48830280E+03  .92856120E+06  .18232600E+07 -.12743360E+00  .44539430E+04
 .88112020E+03  .47200430E+03  .85654190E+06  .19473200E+07 -.11663440E+00  .43858770E+04
 .89786440E+03  .45603270E+03  .78694350E+06  .20599210E+07 -.10676210E+00  .43311040E+04
 .91318770E+03  .44042750E+03  .71971380E+06  .21612570E+07 -.97667920E-01  .42865900E+04
 .92719710E+03  .42521660E+03  .65479550E+06  .22514220E+07 -.89222190E-01  .42502500E+04
 .93998100E+03  .41041920E+03  .59212810E+06  .23303160E+07 -.81308770E-01  .42206890E+04
 .95161110E+03  .39604810E+03  .53164840E+06  .23975910E+07 -.73823380E-01  .41969420E+04
 .96214470E+03  .38211140E+03  .47329190E+06  .24526020E+07 -.66672010E-01  .41782040E+04
 .97162510E+03  .36861260E+03  .41699310E+06  .24943410E+07 -.59768530E-01  .41636480E+04
 .98008360E+03  .35555110E+03  .36268630E+06  .25213650E+07 -.53031700E-01  .41523550E+04
 .98753920E+03  .34292250E+03  .31030610E+06  .25317470E+07 -.46385870E-01  .41434040E+04
 .99400080E+03  .33071910E+03  .25978830E+06  .25230940E+07 -.39770770E-01  .41360720E+04
 .99947000E+03  .31893110E+03  .21106960E+06  .24925530E+07 -.33146540E-01  .41298310E+04
 .10039410E+04  .30754710E+03  .16408870E+06  .24367780E+07 -.26440210E-01  .41240020E+04
 .10073870E+04  .29655410E+03  .11878590E+06  .23525730E+07 -.19430240E-01  .41179680E+04
 .10097330E+04  .28593850E+03  .75103630E+05  .22390280E+07 -.11662940E-01  .41119640E+04
 .10108100E+04  .27568940E+03  .32986050E+05  .21005670E+07 -.23632390E-02  .41070830E+04
 .10103020E+04  .26579930E+03 -.76211370E+04  .19502710E+07  .97636230E-02  .41053830E+04
 .31803770E+03  .64848320E+03  .21083870E+07  .12526230E+06 -.36991700E+00  .51721630E+06
 .29805160E+03  .64855570E+03  .21447040E+07  .12650830E+06 -.34395290E+00  .46435560E+06
 .27950030E+03  .64864710E+03  .21810250E+07  .12888900E+06 -.31876070E+00  .33358330E+06
 .26232960E+03  .64878290E+03  .22173530E+07  .13221100E+06 -.29467710E+00  .21619130E+06
 .24647270E+03  .64899470E+03  .22536900E+07  .13635840E+06 -.27186030E+00  .13885900E+06
 .23185570E+03  .64931920E+03  .22900430E+07  .14124530E+06 -.25041290E+00  .92368120E+05
 .21839950E+03  .64979520E+03  .23264170E+07  .14679100E+06 -.23041240E+00  .64428610E+05
 .20602160E+03  .65046140E+03  .23628230E+07  .15291120E+06 -.21190610E+00  .47072120E+05
 .19463790E+03  .65135460E+03  .23992730E+07  .15951660E+06 -.19490120E+00  .35822230E+05
 .18416530E+03  .65250870E+03  .24357800E+07  .16651590E+06 -.17936270E+00  .28214480E+05
 .17452330E+03  .65395470E+03  .24723590E+07  .17382080E+06 -.16521950E+00  .22865050E+05
 .16563640E+03  .65572110E+03  .25090290E+07  .18135240E+06 -.15237460E+00  .18971130E+05
 .15743510E+03  .65783440E+03  .25458070E+07  .18904990E+06 -.14071680E+00  .16050070E+05
 .14985610E+03  .66031970E+03  .25827130E+07  .19688200E+06 -.13013220E+00  .13801350E+05
 .14985610E+03  .66031970E+03  .25827130E+07  .19688200E+06 -.13013220E+00  .13801350E+05
 .13542430E+03  .66710310E+03  .26622880E+07  .21433890E+06 -.11135420E+00  .10137760E+05
 .12300720E+03  .67603330E+03  .27428550E+07  .23579380E+06 -.96209000E-01  .80801440E+04
 .11221190E+03  .68734110E+03  .28246310E+07  .25974800E+06 -.84127780E-01  .65184960E+04
 .10273470E+03  .70147890E+03  .29079300E+07  .28540030E+06 -.74105720E-01  .53686440E+04
 .94370210E+02  .71878230E+03  .29931130E+07  .31208080E+06 -.65502060E-01  .45512930E+04
 .86971300E+02  .73940230E+03  .30805710E+07  .33927910E+06 -.57977950E-01  .39807690E+04
 .80417510E+02  .76335570E+03  .31707030E+07  .36674030E+06 -.51405170E-01  .35761600E+04
 .74598690E+02  .79062790E+03  .32639090E+07  .39446780E+06 -.45714620E-01  .32798950E+04
 .69415030E+02  .82119270E+03  .33605850E+07  .42250940E+06 -.40797660E-01  .30614140E+04
 .64781460E+02  .85496000E+03  .34611230E+07  .45083760E+06 -.36526710E-01  .29050790E+04
 .60626860E+02  .89175550E+03  .35658970E+07  .47939510E+06 -.32801080E-01  .27984870E+04
 .56890050E+02  .93136860E+03  .36752570E+07  .50816860E+06 -.29554520E-01  .27288300E+04
 .53516610E+02  .97361880E+03  .37895310E+07  .53720830E+06 -.26737030E-01  .26843410E+04
 .50457940E+02  .10183910E+04  .39090260E+07  .56660770E+06 -.24300110E-01  .26560260E+04
 .47671350E+02  .10656340E+04  .40340430E+07  .59647990E+06 -.22194010E-01  .26379190E+04
 .45120070E+02  .11153490E+04  .41648770E+07  .62694780E+06 -.20370710E-01  .26263690E+04
 .10000000E+02  .28000000E+02  .00000000E+00  .14000000E+02  .17000000E+02  .70908650E+04
 .31810950E+03  .64851610E+03  .21084150E+07  .12531020E+06 -.36992290E+00  .50318600E+06
 .33955410E+03  .64843880E+03  .20721000E+07  .12555250E+06 -.39584740E+00  .41974980E+06
 .36241350E+03  .64833180E+03  .20357900E+07  .12787020E+06 -.42007110E+00  .26830290E+06
 .38651780E+03  .64814700E+03  .19994880E+07  .13316180E+06 -.43974860E+00  .14619710E+06
 .41151380E+03  .64780020E+03  .19632010E+07  .14256540E+06 -.45134000E+00  .77889140E+05
 .43686630E+03  .64717110E+03  .19269400E+07  .15673400E+06 -.45215690E+00  .44478690E+05
 .46197350E+03  .64612870E+03  .18907260E+07  .17816960E+06 -.44345000E+00  .28064790E+05
 .48645170E+03  .64456010E+03  .18545840E+07  .21244750E+06 -.43034680E+00  .19401020E+05
 .51014220E+03  .64239040E+03  .18185460E+07  .25924130E+06 -.41551320E+00  .14489420E+05
 .53295210E+03  .63959750E+03  .17826470E+07  .31444590E+06 -.39863110E+00  .11568840E+05
 .53295210E+03  .63959750E+03  .17826470E+07  .31444590E+06 -.39863110E+00  .11568840E+05
 .58803020E+03  .62956620E+03  .16874220E+07  .42072700E+06 -.32806760E+00  .83753610E+04
 .63286780E+03  .61744290E+03  .15940840E+07  .56326910E+06 -.28501090E+00  .69485780E+04
 .67318810E+03  .60334440E+03  .15025070E+07  .72231930E+06 -.25359930E+00  .61217570E+04
 .70918600E+03  .58802860E+03  .14131420E+07  .88541080E+06 -.22704660E+00  .55900460E+04
 .74148690E+03  .57191050E+03  .13261380E+07  .10522470E+07 -.20420420E+00  .52300370E+04
 .77060620E+03  .55531850E+03  .12415920E+07  .12199020E+07 -.18453830E+00  .49758980E+04
 .79698030E+03  .53850070E+03  .11595540E+07  .13840860E+07 -.16750970E+00  .47895010E+04
 .82096430E+03  .52164070E+03  .10800440E+07  .15408910E+07 -.15258870E+00  .46485020E+04
 .84284020E+03  .50487470E+03  .10030570E+07  .16877280E+07 -.13933770E+00  .45394900E+04
 .86283260E+03  .48830440E+03  .92857160E+06  .18233430E+07 -.12743130E+00  .44539010E+04
 .88112490E+03  .47200560E+03  .85655210E+06  .19474010E+07 -.11663250E+00  .43858420E+04
 .89786870E+03  .45603380E+03  .78695350E+06  .20599990E+07 -.10676050E+00  .43310740E+04
 .91319190E+03  .44042860E+03  .71972360E+06  .21613320E+07 -.97666690E-01  .42865650E+04
 .92720110E+03  .42521760E+03  .65480530E+06  .22514940E+07 -.89221190E-01  .42502270E+04
 .93998480E+03  .41042000E+03  .59213770E+06  .23303850E+07 -.81307970E-01  .42206690E+04
 .95161490E+03  .39604890E+03  .53165790E+06  .23976580E+07 -.73822740E-01  .41969230E+04
 .96214830E+03  .38211200E+03  .47330130E+06  .24526670E+07 -.66671530E-01  .41781870E+04
 .97162870E+03  .36861310E+03  .41700240E+06  .24944050E+07 -.59768190E-01  .41636310E+04
 .98008710E+03  .35555160E+03  .36269550E+06  .25214270E+07 -.53031520E-01  .41523380E+04
 .98754270E+03  .34292300E+03  .31031530E+06  .25318070E+07 -.46385850E-01  .41433870E+04
 .99400440E+03  .33071950E+03  .25979730E+06  .25231510E+07 -.39770950E-01  .41360540E+04
 .99947360E+03  .31893140E+03  .21107860E+06  .24926070E+07 -.33146950E-01  .41298130E+04
 .10039450E+04  .30754740E+03  .16409770E+06  .24368280E+07 -.26440910E-01  .41239820E+04
 .10073910E+04  .29655420E+03  .11879490E+06  .23526180E+07 -.19431310E-01  .41179450E+04
 .10097370E+04  .28593870E+03  .75112540E+05  .22390670E+07 -.11664470E-01  .41119370E+04
 .10108150E+04  .27568950E+03  .32994960E+05  .21005980E+07 -.23652450E-02  .41070460E+04
 .10103060E+04  .26579920E+03 -.76122290E+04  .19502970E+07  .97612740E-02  .41053290E+04
 .31810950E+03  .64851610E+03  .21084150E+07  .12531020E+06 -.36992290E+00  .50318600E+06
 .29812270E+03  .64859050E+03  .21447340E+07  .12655070E+06 -.34397150E+00  .45334460E+06
 .27957010E+03  .64868380E+03  .21810580E+07  .12892690E+06 -.31878850E+00  .32803470E+06
 .26239770E+03  .64882140E+03  .22173870E+07  .13224500E+06 -.29471160E+00  .21393940E+06
 .24653870E+03  .64903500E+03  .22537270E+07  .13638910E+06 -.27189940E+00  .13797440E+06
 .23191940E+03  .64936110E+03  .22900810E+07  .14127290E+06 -.25045500E+00  .92000200E+05
 .21846080E+03  .64983860E+03  .23264580E+07  .14681590E+06 -.23045600E+00  .64261880E+05
 .20608040E+03  .65050630E+03  .23628670E+07  .15293360E+06 -.21195000E+00  .46989640E+05
 .19469440E+03  .65140090E+03  .23993190E+07  .15953680E+06 -.19494430E+00  .35778070E+05
 .18421930E+03  .65255630E+03  .24358290E+07  .16653430E+06 -.17940430E+00  .28189180E+05
 .17457500E+03  .65400350E+03  .24724110E+07  .17383770E+06 -.16525910E+00  .22849720E+05
 .16568600E+03  .65577110E+03  .25090830E+07  .18136840E+06 -.15241180E+00  .18961440E+05
 .15748270E+03  .65788550E+03  .25458640E+07  .18906590E+06 -.14075170E+00  .16043740E+05
 .14990180E+03  .66037180E+03  .25827730E+07  .19689910E+06 -.13016500E+00  .13797130E+05
 .14990180E+03  .66037180E+03  .25827730E+07  .19689910E+06 -.13016500E+00  .13797130E+05
 .13546630E+03  .66715780E+03  .26623540E+07  .21436620E+06 -.11138690E+00  .10135510E+05
 .12304530E+03  .67609050E+03  .27429280E+07  .23582900E+06 -.96239800E-01  .80786060E+04
 .11224660E+03  .68740120E+03  .28247110E+07  .25978800E+06 -.84155490E-01  .65175110E+04
 .10276620E+03  .70154210E+03  .29080180E+07  .28544260E+06 -.74129900E-01  .53680780E+04
 .94399050E+02  .71884840E+03  .29932080E+07  .31212430E+06 -.65522860E-01  .45510130E+04
 .86997830E+02  .73947140E+03  .30806740E+07  .33932300E+06 -.57995760E-01  .39806650E+04
 .80442050E+02  .76342720E+03  .31708150E+07  .36678430E+06 -.51420550E-01  .35761510E+04
 .74621510E+02  .79070180E+03  .32640290E+07  .39451220E+06 -.45728060E-01  .32799370E+04
 .69436330E+02  .82126890E+03  .33607150E+07  .42255440E+06 -.40809500E-01  .30614880E+04
 .64801410E+02  .85503830E+03  .34612620E+07  .45088330E+06 -.36537210E-01  .29051760E+04
 .60645630E+02  .89183580E+03  .35660450E+07  .47944160E+06 -.32810430E-01  .27985990E+04
 .56907760E+02  .93145080E+03  .36754150E+07  .50821590E+06 -.29562910E-01  .27289490E+04
 .53533360E+02  .97370280E+03  .37896990E+07  .53725660E+06 -.26744620E-01  .26844590E+04
 .50473820E+02  .10184770E+04  .39092050E+07  .56665690E+06 -.24307030E-01  .26561380E+04
 .47686440E+02  .10657220E+04  .40342320E+07  .59653030E+06 -.22200370E-01  .26380240E+04
 .45134430E+02  .11154400E+04  .41650770E+07  .62699940E+06 -.20376590E-01  .26264650E+04
