 .10000000E+02  .28000000E+02  .00000000E+00  .14000000E+02  .17000000E+02  .70908650E+04
 .31810950E+03  .64851610E+03  .21084150E+07  .12531020E+06 -.36992290E+00  .50318600E+06
 .33955410E+03  .64843880E+03  .20721000E+07  .12555250E+06 -.39584740E+00  .41974980E+06
 .36241350E+03  .64833180E+03  .20357900E+07  .12787020E+06 -.42007110E+00  .26830290E+06
 .38651780E+03  .64814700E+03  .19994880E+07  .13316180E+06 -.43974860E+00  .14619710E+06
 .41151380E+03  .64780020E+03  .19632010E+07  .14256540E+06 -.45134000E+00  .77889140E+05
 .43686630E+03  .64717110E+03  .19269400E+07  .15673400E+06 -.45215690E+00  .44478690E+05
 .46197350E+03  .64612870E+03  .18907260E+07  .17816960E+06 -.44345000E+00  .28064790E+05
 .48645170E+03  .64456010E+03  .18545840E+07  .21244750E+06 -.43034680E+00  .19401020E+05
 .51014220E+03  .64239040E+03  .18185460E+07  .25924130E+06 -.41551320E+00  .14489420E+05
 .53295210E+03  .63959750E+03  .17826470E+07  .31444590E+06 -.39863110E+00  .11568840E+05
 .53295210E+03  .63959750E+03  .17826470E+07  .31444590E+06 -.39863110E+00  .11568840E+05
 .58803020E+03  .62956620E+03  .16874220E+07  .42072700E+06 -.32806760E+00  .83753610E+04
 .63286780E+03  .61744290E+03  .15940840E+07  .56326910E+06 -.28501090E+00  .69485780E+04
 .67318810E+03  .60334440E+03  .15025070E+07  .72231930E+06 -.25359930E+00  .61217570E+04
 .70918600E+03  .58802860E+03  .14131420E+07  .88541080E+06 -.22704660E+00  .55900460E+04
 .74148690E+03  .57191050E+03  .13261380E+07  .10522470E+07 -.20420420E+00  .52300370E+04
 .77060620E+03  .55531850E+03  .12415920E+07  .12199020E+07 -.18453830E+00  .49758980E+04
 .79698030E+03  .53850070E+03  .11595540E+07  .13840860E+07 -.16750970E+00  .47895010E+04
 .82096430E+03  .52164070E+03  .10800440E+07  .15408910E+07 -.15258870E+00  .46485020E+04
 .84284020E+03  .50487470E+03  .10030570E+07  .16877280E+07 -.13933770E+00  .45394900E+04
 .86283260E+03  .48830440E+03  .92857160E+06  .18233430E+07 -.12743130E+00  .44539010E+04
 .88112490E+03  .47200560E+03  .85655210E+06  .19474010E+07 -.11663250E+00  .43858420E+04
 .89786870E+03  .45603380E+03  .78695350E+06  .20599990E+07 -.10676050E+00  .43310740E+04
 .91319190E+03  .44042860E+03  .71972360E+06  .21613320E+07 -.97666690E-01  .42865650E+04
 .92720110E+03  .42521760E+03  .65480530E+06  .22514940E+07 -.89221190E-01  .42502270E+04
 .93998480E+03  .41042000E+03  .59213770E+06  .23303850E+07 -.81307970E-01  .42206690E+04
 .95161490E+03  .39604890E+03  .53165790E+06  .23976580E+07 -.73822740E-01  .41969230E+04
 .96214830E+03  .38211200E+03  .47330130E+06  .24526670E+07 -.66671530E-01  .41781870E+04
 .97162870E+03  .36861310E+03  .41700240E+06  .24944050E+07 -.59768190E-01  .41636310E+04
 .98008710E+03  .35555160E+03  .36269550E+06  .25214270E+07 -.53031520E-01  .41523380E+04
 .98754270E+03  .34292300E+03  .31031530E+06  .25318070E+07 -.46385850E-01  .41433870E+04
 .99400440E+03  .33071950E+03  .25979730E+06  .25231510E+07 -.39770950E-01  .41360540E+04
 .99947360E+03  .31893140E+03  .21107860E+06  .24926070E+07 -.33146950E-01  .41298130E+04
 .10039450E+04  .30754740E+03  .16409770E+06  .24368280E+07 -.26440910E-01  .41239820E+04
 .10073910E+04  .29655420E+03  .11879490E+06  .23526180E+07 -.19431310E-01  .41179450E+04
 .10097370E+04  .28593870E+03  .75112540E+05  .22390670E+07 -.11664470E-01  .41119370E+04
 .10108150E+04  .27568950E+03  .32994960E+05  .21005980E+07 -.23652450E-02  .41070460E+04
 .10103060E+04  .26579920E+03 -.76122290E+04  .19502970E+07  .97612740E-02  .41053290E+04
 .31810950E+03  .64851610E+03  .21084150E+07  .12531020E+06 -.36992290E+00  .50318600E+06
 .29812270E+03  .64859050E+03  .21447340E+07  .12655070E+06 -.34397150E+00  .45334460E+06
 .27957010E+03  .64868380E+03  .21810580E+07  .12892690E+06 -.31878850E+00  .32803470E+06
 .26239770E+03  .64882140E+03  .22173870E+07  .13224500E+06 -.29471160E+00  .21393940E+06
 .24653870E+03  .64903500E+03  .22537270E+07  .13638910E+06 -.27189940E+00  .13797440E+06
 .23191940E+03  .64936110E+03  .22900810E+07  .14127290E+06 -.25045500E+00  .92000200E+05
 .21846080E+03  .64983860E+03  .23264580E+07  .14681590E+06 -.23045600E+00  .64261880E+05
 .20608040E+03  .65050630E+03  .23628670E+07  .15293360E+06 -.21195000E+00  .46989640E+05
 .19469440E+03  .65140090E+03  .23993190E+07  .15953680E+06 -.19494430E+00  .35778070E+05
 .18421930E+03  .65255630E+03  .24358290E+07  .16653430E+06 -.17940430E+00  .28189180E+05
 .17457500E+03  .65400350E+03  .24724110E+07  .17383770E+06 -.16525910E+00  .22849720E+05
 .16568600E+03  .65577110E+03  .25090830E+07  .18136840E+06 -.15241180E+00  .18961440E+05
 .15748270E+03  .65788550E+03  .25458640E+07  .18906590E+06 -.14075170E+00  .16043740E+05
 .14990180E+03  .66037180E+03  .25827730E+07  .19689910E+06 -.13016500E+00  .13797130E+05
 .14990180E+03  .66037180E+03  .25827730E+07  .19689910E+06 -.13016500E+00  .13797130E+05
 .13546630E+03  .66715780E+03  .26623540E+07  .21436620E+06 -.11138690E+00  .10135510E+05
 .12304530E+03  .67609050E+03  .27429280E+07  .23582900E+06 -.96239800E-01  .80786060E+04
 .11224660E+03  .68740120E+03  .28247110E+07  .25978800E+06 -.84155490E-01  .65175110E+04
 .10276620E+03  .70154210E+03  .29080180E+07  .28544260E+06 -.74129900E-01  .53680780E+04
 .94399050E+02  .71884840E+03  .29932080E+07  .31212430E+06 -.65522860E-01  .45510130E+04
 .86997830E+02  .73947140E+03  .30806740E+07  .33932300E+06 -.57995760E-01  .39806650E+04
 .80442050E+02  .76342720E+03  .31708150E+07  .36678430E+06 -.51420550E-01  .35761510E+04
 .74621510E+02  .79070180E+03  .32640290E+07  .39451220E+06 -.45728060E-01  .32799370E+04
 .69436330E+02  .82126890E+03  .33607150E+07  .42255440E+06 -.40809500E-01  .30614880E+04
 .64801410E+02  .85503830E+03  .34612620E+07  .45088330E+06 -.36537210E-01  .29051760E+04
 .60645630E+02  .89183580E+03  .35660450E+07  .47944160E+06 -.32810430E-01  .27985990E+04
 .56907760E+02  .93145080E+03  .36754150E+07  .50821590E+06 -.29562910E-01  .27289490E+04
 .53533360E+02  .97370280E+03  .37896990E+07  .53725660E+06 -.26744620E-01  .26844590E+04
 .50473820E+02  .10184770E+04  .39092050E+07  .56665690E+06 -.24307030E-01  .26561380E+04
 .47686440E+02  .10657220E+04  .40342320E+07  .59653030E+06 -.22200370E-01  .26380240E+04
 .45134430E+02  .11154400E+04  .41650770E+07  .62699940E+06 -.20376590E-01  .26264650E+04
 .10000000E+02  .28000000E+02  .00000000E+00  .14000000E+02  .17000000E+02  .70908650E+04
 .31818130E+03  .64854900E+03  .21084430E+07  .12535810E+06 -.36992870E+00  .48990070E+06
 .33962580E+03  .64846970E+03  .20721270E+07  .12560740E+06 -.39583560E+00  .41006280E+06
 .36248380E+03  .64836050E+03  .20358150E+07  .12793390E+06 -.42003540E+00  .26403480E+06
 .38658540E+03  .64817350E+03  .19995120E+07  .13323650E+06 -.43968370E+00  .14480410E+06
 .41157690E+03  .64782420E+03  .19632230E+07  .14265240E+06 -.45124630E+00  .77459520E+05
 .43692360E+03  .64719240E+03  .19269610E+07  .15690970E+06 -.45205750E+00  .44332610E+05
 .46202400E+03  .64614730E+03  .18907450E+07  .17828620E+06 -.44330960E+00  .28011330E+05
 .48649400E+03  .64457650E+03  .18546020E+07  .21254090E+06 -.43020170E+00  .19379020E+05
 .51017690E+03  .64240480E+03  .18185640E+07  .25933170E+06 -.41538850E+00  .14478970E+05
 .53298070E+03  .63961020E+03  .17826640E+07  .31455420E+06 -.39853930E+00  .11562920E+05
 .53298070E+03  .63961020E+03  .17826640E+07  .31455420E+06 -.39853930E+00  .11562920E+05
 .58805150E+03  .62957470E+03  .16874380E+07  .42092280E+06 -.32805440E+00  .83725890E+04
 .63288380E+03  .61744930E+03  .15940980E+07  .56338290E+06 -.28498110E+00  .69477920E+04
 .67320060E+03  .60334940E+03  .15025200E+07  .72242510E+06 -.25358080E+00  .61213370E+04
 .70919620E+03  .58803270E+03  .14131540E+07  .88551130E+06 -.22703400E+00  .55897910E+04
 .74149550E+03  .57191390E+03  .13261510E+07  .10523440E+07 -.20419510E+00  .52298690E+04
 .77061360E+03  .55532140E+03  .12416040E+07  .12199970E+07 -.18453160E+00  .49757820E+04
 .79698680E+03  .53850310E+03  .11595650E+07  .13841780E+07 -.16750460E+00  .47894160E+04
 .82097020E+03  .52164280E+03  .10800550E+07  .15409810E+07 -.15258480E+00  .46484380E+04
 .84284550E+03  .50487640E+03  .10030680E+07  .16878150E+07 -.13933470E+00  .45394390E+04
 .86283760E+03  .48830590E+03  .92858200E+06  .18234270E+07 -.12742890E+00  .44538600E+04
 .88112950E+03  .47200700E+03  .85656230E+06  .19474810E+07 -.11663060E+00  .43858080E+04
 .89787310E+03  .45603500E+03  .78696360E+06  .20600760E+07 -.10675900E+00  .43310450E+04
 .91319600E+03  .44042960E+03  .71973350E+06  .21614060E+07 -.97665460E-01  .42865390E+04
 .92720510E+03  .42521850E+03  .65481490E+06  .22515660E+07 -.89220180E-01  .42502050E+04
 .93998870E+03  .41042090E+03  .59214730E+06  .23304550E+07 -.81307160E-01  .42206490E+04
 .95161870E+03  .39604960E+03  .53166740E+06  .23977260E+07 -.73822100E-01  .41969050E+04
 .96215200E+03  .38211270E+03  .47331070E+06  .24527330E+07 -.66671040E-01  .41781680E+04
 .97163230E+03  .36861370E+03  .41701170E+06  .24944690E+07 -.59767860E-01  .41636140E+04
 .98009070E+03  .35555210E+03  .36270470E+06  .25214890E+07 -.53031340E-01  .41523210E+04
 .98754630E+03  .34292340E+03  .31032440E+06  .25318670E+07 -.46385840E-01  .41433700E+04
 .99400790E+03  .33071980E+03  .25980640E+06  .25232080E+07 -.39771130E-01  .41360370E+04
 .99947720E+03  .31893170E+03  .21108760E+06  .24926610E+07 -.33147360E-01  .41297940E+04
 .10039480E+04  .30754760E+03  .16410670E+06  .24368780E+07 -.26441610E-01  .41239620E+04
 .10073950E+04  .29655440E+03  .11880380E+06  .23526630E+07 -.19432390E-01  .41179230E+04
 .10097410E+04  .28593880E+03  .75121450E+05  .22391050E+07 -.11665990E-01  .41119090E+04
 .10108190E+04  .27568950E+03  .33003860E+05  .21006300E+07 -.23672500E-02  .41070090E+04
 .10103110E+04  .26579910E+03 -.76033210E+04  .19503240E+07  .97589240E-02  .41052740E+04
 .31818130E+03  .64854900E+03  .21084430E+07  .12535810E+06 -.36992870E+00  .48990070E+06
 .29819380E+03  .64862530E+03  .21447640E+07  .12659310E+06 -.34399000E+00  .44284710E+06
 .27963990E+03  .64872050E+03  .21810900E+07  .12896470E+06 -.31881620E+00  .32266940E+06
 .26246570E+03  .64885990E+03  .22174220E+07  .13227900E+06 -.29474600E+00  .21173460E+06
 .24660470E+03  .64907530E+03  .22537630E+07  .13641970E+06 -.27193850E+00  .13710120E+06
 .23198310E+03  .64940300E+03  .22901200E+07  .14130050E+06 -.25049710E+00  .91635300E+05
 .21852210E+03  .64988210E+03  .23264990E+07  .14684080E+06 -.23049960E+00  .64096040E+05
 .20613930E+03  .65055120E+03  .23629110E+07  .15295600E+06 -.21199380E+00  .46907480E+05
 .19475080E+03  .65144710E+03  .23993650E+07  .15955700E+06 -.19498730E+00  .35734040E+05
 .18427330E+03  .65260380E+03  .24358780E+07  .16655260E+06 -.17944580E+00  .28163920E+05
 .17462680E+03  .65405230E+03  .24724620E+07  .17385460E+06 -.16529860E+00  .22834420E+05
 .16573570E+03  .65582100E+03  .25091370E+07  .18138450E+06 -.15244910E+00  .18951760E+05
 .15753030E+03  .65793660E+03  .25459210E+07  .18908200E+06 -.14078660E+00  .16037430E+05
 .14994750E+03  .66042400E+03  .25828330E+07  .19691630E+06 -.13019770E+00  .13792920E+05
 .14994750E+03  .66042400E+03  .25828330E+07  .19691630E+06 -.13019770E+00  .13792920E+05
 .13550830E+03  .66721240E+03  .26624210E+07  .21439350E+06 -.11141960E+00  .10133250E+05
 .12308350E+03  .67614760E+03  .27430010E+07  .23586430E+06 -.96270600E-01  .80770680E+04
 .11228120E+03  .68746140E+03  .28247910E+07  .25982790E+06 -.84183200E-01  .65165280E+04
 .10279770E+03  .70160520E+03  .29081050E+07  .28548500E+06 -.74154080E-01  .53675120E+04
 .94427880E+02  .71891460E+03  .29933040E+07  .31216780E+06 -.65543650E-01  .45507320E+04
 .87024350E+02  .73954030E+03  .30807770E+07  .33936700E+06 -.58013570E-01  .39805610E+04
 .80466590E+02  .76349880E+03  .31709270E+07  .36682840E+06 -.51435930E-01  .35761430E+04
 .74644320E+02  .79077570E+03  .32641500E+07  .39455660E+06 -.45741490E-01  .32799790E+04
 .69457630E+02  .82134510E+03  .33608450E+07  .42259930E+06 -.40821350E-01  .30615620E+04
 .64821370E+02  .85511660E+03  .34614010E+07  .45092900E+06 -.36547710E-01  .29052730E+04
 .60664400E+02  .89191610E+03  .35661940E+07  .47948800E+06 -.32819790E-01  .27987110E+04
 .56925470E+02  .93153290E+03  .36755730E+07  .50826320E+06 -.29571300E-01  .27290670E+04
 .53550110E+02  .97378680E+03  .37898670E+07  .53730490E+06 -.26752200E-01  .26845770E+04
 .50489700E+02  .10185620E+04  .39093830E+07  .56670630E+06 -.24313950E-01  .26562510E+04
 .47701530E+02  .10658100E+04  .40344210E+07  .59658070E+06 -.22206720E-01  .26381290E+04
 .45148780E+02  .11155300E+04  .41652760E+07  .62705100E+06 -.20382470E-01  .26265610E+04
 .10000000E+02  .28000000E+02  .00000000E+00  .14000000E+02  .17000000E+02  .70908650E+04
 .31825310E+03  .64858180E+03  .21084720E+07  .12540600E+06 -.36993450E+00  .47730260E+06
 .33969740E+03  .64850060E+03  .20721530E+07  .12566230E+06 -.39582370E+00  .40081520E+06
 .36255410E+03  .64838930E+03  .20358400E+07  .12799770E+06 -.41999960E+00  .25990140E+06
 .38665290E+03  .64819990E+03  .19995350E+07  .13331110E+06 -.43961890E+00  .14343790E+06
 .41164000E+03  .64784820E+03  .19632450E+07  .14273930E+06 -.45115270E+00  .77034820E+05
 .43698100E+03  .64721370E+03  .19269810E+07  .15708480E+06 -.45195880E+00  .44187460E+05
 .46207450E+03  .64616600E+03  .18907640E+07  .17840230E+06 -.44316960E+00  .27958100E+05
 .48653640E+03  .64459280E+03  .18546210E+07  .21263390E+06 -.43005670E+00  .19357090E+05
 .51021160E+03  .64241920E+03  .18185810E+07  .25942190E+06 -.41526380E+00  .14468540E+05
 .53300930E+03  .63962280E+03  .17826810E+07  .31466220E+06 -.39844750E+00  .11557010E+05
 .53300930E+03  .63962280E+03  .17826810E+07  .31466220E+06 -.39844750E+00  .11557010E+05
 .58807290E+03  .62958330E+03  .16874530E+07  .42111860E+06 -.32804120E+00  .83698190E+04
 .63289980E+03  .61745570E+03  .15941130E+07  .56349670E+06 -.28495140E+00  .69470060E+04
 .67321300E+03  .60335440E+03  .15025340E+07  .72253110E+06 -.25356230E+00  .61209170E+04
 .70920630E+03  .58803670E+03  .14131670E+07  .88561180E+06 -.22702140E+00  .55895360E+04
 .74150400E+03  .57191720E+03  .13261630E+07  .10524410E+07 -.20418600E+00  .52297010E+04
 .77062090E+03  .55532420E+03  .12416150E+07  .12200920E+07 -.18452490E+00  .49756650E+04
 .79699330E+03  .53850550E+03  .11595770E+07  .13842700E+07 -.16749960E+00  .47893310E+04
 .82097600E+03  .52164480E+03  .10800660E+07  .15410710E+07 -.15258100E+00  .46483730E+04
 .84285080E+03  .50487820E+03  .10030780E+07  .16879010E+07 -.13933170E+00  .45393880E+04
 .86284260E+03  .48830750E+03  .92859240E+06  .18235100E+07 -.12742660E+00  .44538180E+04
 .88113410E+03  .47200830E+03  .85657260E+06  .19475610E+07 -.11662880E+00  .43857730E+04
 .89787740E+03  .45603620E+03  .78697360E+06  .20601540E+07 -.10675750E+00  .43310160E+04
 .91320020E+03  .44043070E+03  .71974330E+06  .21614810E+07 -.97664230E-01  .42865140E+04
 .92720910E+03  .42521950E+03  .65482460E+06  .22516380E+07 -.89219180E-01  .42501820E+04
 .93999260E+03  .41042170E+03  .59215680E+06  .23305250E+07 -.81306350E-01  .42206280E+04
 .95162240E+03  .39605030E+03  .53167680E+06  .23977940E+07 -.73821460E-01  .41968860E+04
 .96215570E+03  .38211330E+03  .47332000E+06  .24527990E+07 -.66670560E-01  .41781510E+04
 .97163600E+03  .36861430E+03  .41702090E+06  .24945330E+07 -.59767530E-01  .41635970E+04
 .98009430E+03  .35555260E+03  .36271380E+06  .25215510E+07 -.53031160E-01  .41523040E+04
 .98754980E+03  .34292380E+03  .31033350E+06  .25319260E+07 -.46385830E-01  .41433530E+04
 .99401150E+03  .33072020E+03  .25981540E+06  .25232660E+07 -.39771310E-01  .41360190E+04
 .99948080E+03  .31893200E+03  .21109660E+06  .24927160E+07 -.33147770E-01  .41297750E+04
 .10039520E+04  .30754790E+03  .16411560E+06  .24369280E+07 -.26442320E-01  .41239420E+04
 .10073990E+04  .29655460E+03  .11881270E+06  .23527080E+07 -.19433460E-01  .41179000E+04
 .10097450E+04  .28593880E+03  .75130370E+05  .22391440E+07 -.11667520E-01  .41118810E+04
 .10108230E+04  .27568950E+03  .33012770E+05  .21006620E+07 -.23692550E-02  .41069720E+04
 .10103150E+04  .26579900E+03 -.75944130E+04  .19503510E+07  .97565750E-02  .41052200E+04
 .31825310E+03  .64858180E+03  .21084720E+07  .12540600E+06 -.36993450E+00  .47730260E+06
 .29826490E+03  .64866010E+03  .21447940E+07  .12663550E+06 -.34400850E+00  .43282780E+06
 .27970970E+03  .64875720E+03  .21811220E+07  .12900260E+06 -.31884390E+00  .31747850E+06
 .26253380E+03  .64889840E+03  .22174560E+07  .13231300E+06 -.29478030E+00  .20957550E+06
 .24667070E+03  .64911550E+03  .22538000E+07  .13645030E+06 -.27197760E+00  .13623930E+06
 .23204680E+03  .64944480E+03  .22901590E+07  .14132810E+06 -.25053910E+00  .91273360E+05
 .21858340E+03  .64992550E+03  .23265410E+07  .14686560E+06 -.23054310E+00  .63931110E+05
 .20619810E+03  .65059610E+03  .23629540E+07  .15297840E+06 -.21203750E+00  .46825630E+05
 .19480720E+03  .65149340E+03  .23994120E+07  .15957720E+06 -.19503030E+00  .35690120E+05
 .18432740E+03  .65265140E+03  .24359260E+07  .16657090E+06 -.17948730E+00  .28138730E+05
 .17467860E+03  .65410110E+03  .24725140E+07  .17387150E+06 -.16533810E+00  .22819150E+05
 .16578530E+03  .65587100E+03  .25091920E+07  .18140050E+06 -.15248630E+00  .18942100E+05
 .15757790E+03  .65798760E+03  .25459780E+07  .18909800E+06 -.14082160E+00  .16031120E+05
 .14999320E+03  .66047610E+03  .25828930E+07  .19693350E+06 -.13023050E+00  .13788720E+05
 .14999320E+03  .66047610E+03  .25828930E+07  .19693350E+06 -.13023050E+00  .13788720E+05
 .13555030E+03  .66726700E+03  .26624870E+07  .21442080E+06 -.11145220E+00  .10131000E+05
 .12312170E+03  .67620480E+03  .27430740E+07  .23589960E+06 -.96301400E-01  .80755310E+04
 .11231580E+03  .68752140E+03  .28248720E+07  .25986790E+06 -.84210900E-01  .65155450E+04
 .10282930E+03  .70166840E+03  .29081930E+07  .28552730E+06 -.74178250E-01  .53669470E+04
 .94456700E+02  .71898080E+03  .29933990E+07  .31221140E+06 -.65564440E-01  .45504530E+04
 .87050870E+02  .73960930E+03  .30808810E+07  .33941090E+06 -.58031380E-01  .39804570E+04
 .80491120E+02  .76357030E+03  .31710380E+07  .36687250E+06 -.51451300E-01  .35761350E+04
 .74667120E+02  .79084950E+03  .32642700E+07  .39460100E+06 -.45754920E-01  .32800220E+04
 .69478930E+02  .82142130E+03  .33609740E+07  .42264430E+06 -.40833190E-01  .30616370E+04
 .64841330E+02  .85519490E+03  .34615400E+07  .45097470E+06 -.36558200E-01  .29053700E+04
 .60683170E+02  .89199630E+03  .35663420E+07  .47953450E+06 -.32829140E-01  .27988230E+04
 .56943180E+02  .93161500E+03  .36757320E+07  .50831050E+06 -.29579690E-01  .27291850E+04
 .53566860E+02  .97387070E+03  .37900350E+07  .53735310E+06 -.26759790E-01  .26846950E+04
 .50505580E+02  .10186480E+04  .39095610E+07  .56675550E+06 -.24320870E-01  .26563640E+04
 .47716610E+02  .10658980E+04  .40346090E+07  .59663110E+06 -.22213080E-01  .26382340E+04
 .45163130E+02  .11156200E+04  .41654760E+07  .62710260E+06 -.20388340E-01  .26266560E+04
 .10000000E+02  .28000000E+02  .00000000E+00  .14000000E+02  .17000000E+02  .70908650E+04
 .31832480E+03  .64861470E+03  .21085000E+07  .12545390E+06 -.36994020E+00  .46533960E+06
 .33976910E+03  .64853150E+03  .20721800E+07  .12571710E+06 -.39581180E+00  .39197780E+06
 .36262440E+03  .64841800E+03  .20358650E+07  .12806140E+06 -.41996380E+00  .25589650E+06
 .38672040E+03  .64822640E+03  .19995580E+07  .13338570E+06 -.43955400E+00  .14209770E+06
 .41170300E+03  .64787210E+03  .19632670E+07  .14282620E+06 -.45105900E+00  .76614960E+05
 .43703820E+03  .64723500E+03  .19270020E+07  .15725940E+06 -.45186100E+00  .44043220E+05
 .46212490E+03  .64618470E+03  .18907840E+07  .17851800E+06 -.44303000E+00  .27905100E+05
 .48657870E+03  .64460920E+03  .18546390E+07  .21272670E+06 -.42991190E+00  .19335230E+05
 .51024630E+03  .64243350E+03  .18185990E+07  .25951190E+06 -.41513930E+00  .14458130E+05
 .53303790E+03  .63963540E+03  .17826980E+07  .31477010E+06 -.39835580E+00  .11551120E+05
 .53303790E+03  .63963540E+03  .17826980E+07  .31477010E+06 -.39835580E+00  .11551120E+05
 .58809420E+03  .62959180E+03  .16874680E+07  .42131430E+06 -.32802810E+00  .83670530E+04
 .63291570E+03  .61746220E+03  .15941270E+07  .56361050E+06 -.28492160E+00  .69462210E+04
 .67322550E+03  .60335940E+03  .15025470E+07  .72263690E+06 -.25354390E+00  .61204970E+04
 .70921650E+03  .58804080E+03  .14131800E+07  .88571230E+06 -.22700870E+00  .55892800E+04
 .74151260E+03  .57192060E+03  .13261750E+07  .10525390E+07 -.20417690E+00  .52295340E+04
 .77062830E+03  .55532690E+03  .12416270E+07  .12201860E+07 -.18451820E+00  .49755480E+04
 .79699980E+03  .53850790E+03  .11595880E+07  .13843630E+07 -.16749460E+00  .47892460E+04
 .82098180E+03  .52164690E+03  .10800770E+07  .15411610E+07 -.15257710E+00  .46483080E+04
 .84285610E+03  .50488000E+03  .10030890E+07  .16879880E+07 -.13932870E+00  .45393360E+04
 .86284750E+03  .48830900E+03  .92860290E+06  .18235940E+07 -.12742420E+00  .44537770E+04
 .88113870E+03  .47200970E+03  .85658280E+06  .19476420E+07 -.11662690E+00  .43857390E+04
 .89788180E+03  .45603740E+03  .78698360E+06  .20602310E+07 -.10675600E+00  .43309860E+04
 .91320430E+03  .44043170E+03  .71975320E+06  .21615560E+07 -.97662990E-01  .42864880E+04
 .92721310E+03  .42522040E+03  .65483440E+06  .22517100E+07 -.89218180E-01  .42501600E+04
 .93999640E+03  .41042250E+03  .59216640E+06  .23305940E+07 -.81305540E-01  .42206080E+04
 .95162620E+03  .39605110E+03  .53168630E+06  .23978610E+07 -.73820820E-01  .41968670E+04
 .96215940E+03  .38211400E+03  .47332930E+06  .24528640E+07 -.66670070E-01  .41781330E+04
 .97163960E+03  .36861480E+03  .41703020E+06  .24945960E+07 -.59767190E-01  .41635800E+04
 .98009780E+03  .35555310E+03  .36272300E+06  .25216130E+07 -.53030980E-01  .41522870E+04
 .98755340E+03  .34292430E+03  .31034260E+06  .25319860E+07 -.46385820E-01  .41433350E+04
 .99401510E+03  .33072060E+03  .25982450E+06  .25233230E+07 -.39771490E-01  .41360010E+04
 .99948440E+03  .31893230E+03  .21110560E+06  .24927700E+07 -.33148180E-01  .41297570E+04
 .10039560E+04  .30754810E+03  .16412460E+06  .24369780E+07 -.26443020E-01  .41239220E+04
 .10074030E+04  .29655470E+03  .11882170E+06  .23527520E+07 -.19434540E-01  .41178770E+04
 .10097490E+04  .28593900E+03  .75139280E+05  .22391820E+07 -.11669040E-01  .41118540E+04
 .10108280E+04  .27568950E+03  .33021670E+05  .21006940E+07 -.23712600E-02  .41069350E+04
 .10103200E+04  .26579900E+03 -.75855050E+04  .19503770E+07  .97542260E-02  .41051660E+04
 .31832480E+03  .64861470E+03  .21085000E+07  .12545390E+06 -.36994020E+00  .46533960E+06
 .29833600E+03  .64869490E+03  .21448250E+07  .12667780E+06 -.34402690E+00  .42325500E+06
 .27977940E+03  .64879380E+03  .21811540E+07  .12904040E+06 -.31887150E+00  .31245340E+06
 .26260180E+03  .64893700E+03  .22174900E+07  .13234700E+06 -.29481460E+00  .20746050E+06
 .24673660E+03  .64915570E+03  .22538360E+07  .13648080E+06 -.27201660E+00  .13538830E+06
 .23211050E+03  .64948670E+03  .22901980E+07  .14135560E+06 -.25058110E+00  .90914360E+05
 .21864460E+03  .64996890E+03  .23265820E+07  .14689040E+06 -.23058660E+00  .63767060E+05
 .20625690E+03  .65064100E+03  .23629980E+07  .15300070E+06 -.21208130E+00  .46744090E+05
 .19486360E+03  .65153970E+03  .23994580E+07  .15959740E+06 -.19507330E+00  .35646330E+05
 .18438140E+03  .65269890E+03  .24359750E+07  .16658920E+06 -.17952870E+00  .28113590E+05
 .17473030E+03  .65414980E+03  .24725660E+07  .17388840E+06 -.16537750E+00  .22803910E+05
 .16583490E+03  .65592090E+03  .25092460E+07  .18141650E+06 -.15252350E+00  .18932450E+05
 .15762550E+03  .65803860E+03  .25460350E+07  .18911400E+06 -.14085650E+00  .16024820E+05
 .15003890E+03  .66052810E+03  .25829530E+07  .19695070E+06 -.13026330E+00  .13784510E+05
 .15003890E+03  .66052810E+03  .25829530E+07  .19695070E+06 -.13026330E+00  .13784510E+05
 .13559230E+03  .66732160E+03  .26625540E+07  .21444820E+06 -.11148490E+00  .10128750E+05
 .12315980E+03  .67626200E+03  .27431470E+07  .23593490E+06 -.96332200E-01  .80739940E+04
 .11235050E+03  .68758150E+03  .28249520E+07  .25990790E+06 -.84238600E-01  .65145630E+04
 .10286080E+03  .70173150E+03  .29082800E+07  .28556970E+06 -.74202410E-01  .53663830E+04
 .94485530E+02  .71904690E+03  .29934940E+07  .31225490E+06 -.65585220E-01  .45501730E+04
 .87077380E+02  .73967820E+03  .30809840E+07  .33945480E+06 -.58049180E-01  .39803540E+04
 .80515650E+02  .76364170E+03  .31711500E+07  .36691650E+06 -.51466670E-01  .35761260E+04
 .74689930E+02  .79092340E+03  .32643910E+07  .39464540E+06 -.45768350E-01  .32800640E+04
 .69500220E+02  .82149740E+03  .33611040E+07  .42268930E+06 -.40845030E-01  .30617110E+04
 .64861290E+02  .85527320E+03  .34616790E+07  .45102030E+06 -.36568690E-01  .29054670E+04
 .60701940E+02  .89207650E+03  .35664900E+07  .47958100E+06 -.32838480E-01  .27989350E+04
 .56960880E+02  .93169710E+03  .36758900E+07  .50835780E+06 -.29588080E-01  .27293040E+04
 .53583610E+02  .97395470E+03  .37902030E+07  .53740130E+06 -.26767370E-01  .26848130E+04
 .50521470E+02  .10187340E+04  .39097390E+07  .56680480E+06 -.24327780E-01  .26564760E+04
 .47731700E+02  .10659850E+04  .40347980E+07  .59668140E+06 -.22219430E-01  .26383390E+04
 .45177480E+02  .11157090E+04  .41656750E+07  .62715420E+06 -.20394220E-01  .26267520E+04
 .10000000E+02  .28000000E+02  .00000000E+00  .14000000E+02  .17000000E+02  .70908650E+04
 .31839650E+03  .64864750E+03  .21085280E+07  .12550190E+06 -.36994590E+00  .45396500E+06
 .33984060E+03  .64856230E+03  .20722060E+07  .12577200E+06 -.39579970E+00  .38352390E+06
 .36269470E+03  .64844680E+03  .20358900E+07  .12812520E+06 -.41992790E+00  .25201400E+06
 .38678780E+03  .64825280E+03  .19995820E+07  .13346040E+06 -.43948910E+00  .14078270E+06
 .41176600E+03  .64789610E+03  .19632880E+07  .14291320E+06 -.45096530E+00  .76199860E+05
 .43709540E+03  .64725630E+03  .19270220E+07  .15743340E+06 -.45176390E+00  .43899890E+05
 .46217540E+03  .64620340E+03  .18908030E+07  .17863320E+06 -.44289080E+00  .27852320E+05
 .48662100E+03  .64462550E+03  .18546580E+07  .21281910E+06 -.42976720E+00  .19313450E+05
 .51028090E+03  .64244790E+03  .18186170E+07  .25960170E+06 -.41501470E+00  .14447760E+05
 .53306650E+03  .63964800E+03  .17827150E+07  .31487780E+06 -.39826410E+00  .11545250E+05
 .53306650E+03  .63964800E+03  .17827150E+07  .31487780E+06 -.39826410E+00  .11545250E+05
 .58811560E+03  .62960030E+03  .16874830E+07  .42151000E+06 -.32801490E+00  .83642900E+04
 .63293170E+03  .61746860E+03  .15941410E+07  .56372430E+06 -.28489190E+00  .69454360E+04
 .67323790E+03  .60336450E+03  .15025610E+07  .72274290E+06 -.25352530E+00  .61200780E+04
 .70922660E+03  .58804490E+03  .14131920E+07  .88581280E+06 -.22699610E+00  .55890250E+04
 .74152110E+03  .57192390E+03  .13261870E+07  .10526360E+07 -.20416780E+00  .52293660E+04
 .77063570E+03  .55532970E+03  .12416390E+07  .12202810E+07 -.18451140E+00  .49754310E+04
 .79700630E+03  .53851030E+03  .11595990E+07  .13844550E+07 -.16748950E+00  .47891600E+04
 .82098770E+03  .52164890E+03  .10800880E+07  .15412510E+07 -.15257330E+00  .46482430E+04
 .84286150E+03  .50488170E+03  .10031000E+07  .16880750E+07 -.13932580E+00  .45392850E+04
 .86285240E+03  .48831050E+03  .92861330E+06  .18236780E+07 -.12742190E+00  .44537350E+04
 .88114330E+03  .47201100E+03  .85659300E+06  .19477220E+07 -.11662500E+00  .43857050E+04
 .89788620E+03  .45603860E+03  .78699360E+06  .20603090E+07 -.10675450E+00  .43309570E+04
 .91320860E+03  .44043280E+03  .71976310E+06  .21616300E+07 -.97661760E-01  .42864630E+04
 .92721710E+03  .42522130E+03  .65484410E+06  .22517820E+07 -.89217180E-01  .42501370E+04
 .94000030E+03  .41042330E+03  .59217600E+06  .23306640E+07 -.81304740E-01  .42205880E+04
 .95162990E+03  .39605180E+03  .53169580E+06  .23979290E+07 -.73820180E-01  .41968480E+04
 .96216300E+03  .38211460E+03  .47333870E+06  .24529300E+07 -.66669580E-01  .41781150E+04
 .97164320E+03  .36861540E+03  .41703940E+06  .24946600E+07 -.59766860E-01  .41635630E+04
 .98010140E+03  .35555360E+03  .36273220E+06  .25216750E+07 -.53030800E-01  .41522700E+04
 .98755690E+03  .34292470E+03  .31035170E+06  .25320460E+07 -.46385800E-01  .41433180E+04
 .99401860E+03  .33072090E+03  .25983350E+06  .25233810E+07 -.39771670E-01  .41359830E+04
 .99948800E+03  .31893260E+03  .21111470E+06  .24928240E+07 -.33148590E-01  .41297390E+04
 .10039590E+04  .30754830E+03  .16413350E+06  .24370280E+07 -.26443720E-01  .41239020E+04
 .10074060E+04  .29655490E+03  .11883060E+06  .23527970E+07 -.19435610E-01  .41178550E+04
 .10097530E+04  .28593910E+03  .75148200E+05  .22392210E+07 -.11670570E-01  .41118260E+04
 .10108320E+04  .27568950E+03  .33030570E+05  .21007260E+07 -.23732660E-02  .41068970E+04
 .10103250E+04  .26579890E+03 -.75765970E+04  .19504040E+07  .97518760E-02  .41051120E+04
 .31839650E+03  .64864750E+03  .21085280E+07  .12550190E+06 -.36994590E+00  .45396500E+06
 .29840700E+03  .64872970E+03  .21448550E+07  .12672020E+06 -.34404530E+00  .41409930E+06
 .27984920E+03  .64883050E+03  .21811860E+07  .12907820E+06 -.31889900E+00  .30758650E+06
 .26266980E+03  .64897540E+03  .22175250E+07  .13238090E+06 -.29484890E+00  .20538840E+06
 .24680260E+03  .64919590E+03  .22538730E+07  .13651140E+06 -.27205550E+00  .13454820E+06
 .23217410E+03  .64952860E+03  .22902370E+07  .14138310E+06 -.25062300E+00  .90558270E+05
 .21870590E+03  .65001230E+03  .23266230E+07  .14691520E+06 -.23063010E+00  .63603900E+05
 .20631580E+03  .65068590E+03  .23630420E+07  .15302300E+06 -.21212500E+00  .46662860E+05
 .19492000E+03  .65158590E+03  .23995040E+07  .15961750E+06 -.19511620E+00  .35602660E+05
 .18443540E+03  .65274650E+03  .24360240E+07  .16660750E+06 -.17957020E+00  .28088510E+05
 .17478210E+03  .65419850E+03  .24726170E+07  .17390520E+06 -.16541700E+00  .22788690E+05
 .16588450E+03  .65597080E+03  .25093000E+07  .18143260E+06 -.15256070E+00  .18922820E+05
 .15767310E+03  .65808970E+03  .25460920E+07  .18913010E+06 -.14089140E+00  .16018530E+05
 .15008460E+03  .66058020E+03  .25830130E+07  .19696790E+06 -.13029600E+00  .13780320E+05
 .15008460E+03  .66058020E+03  .25830130E+07  .19696790E+06 -.13029600E+00  .13780320E+05
 .13563420E+03  .66737620E+03  .26626200E+07  .21447560E+06 -.11151760E+00  .10126490E+05
 .12319800E+03  .67631920E+03  .27432200E+07  .23597020E+06 -.96363000E-01  .80724570E+04
 .11238510E+03  .68764160E+03  .28250320E+07  .25994790E+06 -.84266290E-01  .65135810E+04
 .10289230E+03  .70179460E+03  .29083680E+07  .28561210E+06 -.74226570E-01  .53658190E+04
 .94514350E+02  .71911300E+03  .29935890E+07  .31229840E+06 -.65605990E-01  .45498950E+04
 .87103890E+02  .73974710E+03  .30810880E+07  .33949870E+06 -.58066980E-01  .39802500E+04
 .80540180E+02  .76371310E+03  .31712620E+07  .36696060E+06 -.51482030E-01  .35761180E+04
 .74712740E+02  .79099730E+03  .32645110E+07  .39468980E+06 -.45781780E-01  .32801070E+04
 .69521510E+02  .82157340E+03  .33612330E+07  .42273420E+06 -.40856860E-01  .30617850E+04
 .64881240E+02  .85535140E+03  .34618170E+07  .45106600E+06 -.36579180E-01  .29055640E+04
 .60720700E+02  .89215670E+03  .35666390E+07  .47962740E+06 -.32847830E-01  .27990460E+04
 .56978580E+02  .93177920E+03  .36760480E+07  .50840510E+06 -.29596460E-01  .27294220E+04
 .53600360E+02  .97403850E+03  .37903710E+07  .53744960E+06 -.26774960E-01  .26849300E+04
 .50537340E+02  .10188200E+04  .39099180E+07  .56685400E+06 -.24334700E-01  .26565890E+04
 .47746780E+02  .10660730E+04  .40349860E+07  .59673180E+06 -.22225780E-01  .26384430E+04
 .45191830E+02  .11157990E+04  .41658740E+07  .62720580E+06 -.20400100E-01  .26268480E+04
 .10000000E+02  .28000000E+02  .00000000E+00  .14000000E+02  .17000000E+02  .70908650E+04
 .31846830E+03  .64868040E+03  .21085560E+07  .12554980E+06 -.36995140E+00  .44313640E+06
 .33991220E+03  .64859310E+03  .20722330E+07  .12582700E+06 -.39578760E+00  .37542900E+06
 .36276490E+03  .64847550E+03  .20359150E+07  .12818900E+06 -.41989190E+00  .24824860E+06
 .38685530E+03  .64827920E+03  .19996050E+07  .13353500E+06 -.43942420E+00  .13949230E+06
 .41182890E+03  .64792000E+03  .19633100E+07  .14300010E+06 -.45087170E+00  .75789430E+05
 .43715260E+03  .64727760E+03  .19270430E+07  .15760670E+06 -.45166770E+00  .43757450E+05
 .46222570E+03  .64622200E+03  .18908230E+07  .17874800E+06 -.44275190E+00  .27799770E+05
 .48666330E+03  .64464190E+03  .18546760E+07  .21291120E+06 -.42962270E+00  .19291730E+05
 .51031560E+03  .64246220E+03  .18186340E+07  .25969120E+06 -.41489030E+00  .14437410E+05
 .53309510E+03  .63966060E+03  .17827320E+07  .31498520E+06 -.39817230E+00  .11539380E+05
 .53309510E+03  .63966060E+03  .17827320E+07  .31498520E+06 -.39817230E+00  .11539380E+05
 .58813700E+03  .62960880E+03  .16874990E+07  .42170570E+06 -.32800170E+00  .83615290E+04
 .63294770E+03  .61747490E+03  .15941550E+07  .56383810E+06 -.28486220E+00  .69446520E+04
 .67325040E+03  .60336960E+03  .15025740E+07  .72284880E+06 -.25350690E+00  .61196580E+04
 .70923680E+03  .58804890E+03  .14132050E+07  .88591320E+06 -.22698340E+00  .55887700E+04
 .74152970E+03  .57192720E+03  .13261990E+07  .10527330E+07 -.20415880E+00  .52291980E+04
 .77064310E+03  .55533250E+03  .12416500E+07  .12203760E+07 -.18450470E+00  .49753140E+04
 .79701280E+03  .53851260E+03  .11596110E+07  .13845480E+07 -.16748450E+00  .47890750E+04
 .82099350E+03  .52165090E+03  .10800990E+07  .15413400E+07 -.15256940E+00  .46481780E+04
 .84286680E+03  .50488350E+03  .10031100E+07  .16881620E+07 -.13932280E+00  .45392340E+04
 .86285740E+03  .48831210E+03  .92862380E+06  .18237610E+07 -.12741950E+00  .44536940E+04
 .88114790E+03  .47201240E+03  .85660320E+06  .19478030E+07 -.11662310E+00  .43856700E+04
 .89789060E+03  .45603980E+03  .78700360E+06  .20603860E+07 -.10675300E+00  .43309280E+04
 .91321270E+03  .44043380E+03  .71977290E+06  .21617050E+07 -.97660540E-01  .42864380E+04
 .92722110E+03  .42522230E+03  .65485380E+06  .22518540E+07 -.89216180E-01  .42501140E+04
 .94000420E+03  .41042420E+03  .59218560E+06  .23307340E+07 -.81303920E-01  .42205670E+04
 .95163370E+03  .39605250E+03  .53170520E+06  .23979960E+07 -.73819540E-01  .41968300E+04
 .96216670E+03  .38211530E+03  .47334810E+06  .24529960E+07 -.66669110E-01  .41780980E+04
 .97164680E+03  .36861600E+03  .41704870E+06  .24947240E+07 -.59766520E-01  .41635450E+04
 .98010500E+03  .35555410E+03  .36274140E+06  .25217370E+07 -.53030620E-01  .41522530E+04
 .98756050E+03  .34292510E+03  .31036080E+06  .25321060E+07 -.46385790E-01  .41433010E+04
 .99402220E+03  .33072130E+03  .25984260E+06  .25234380E+07 -.39771850E-01  .41359650E+04
 .99949160E+03  .31893290E+03  .21112370E+06  .24928780E+07 -.33149010E-01  .41297200E+04
 .10039630E+04  .30754860E+03  .16414250E+06  .24370780E+07 -.26444420E-01  .41238820E+04
 .10074100E+04  .29655510E+03  .11883950E+06  .23528420E+07 -.19436680E-01  .41178330E+04
 .10097570E+04  .28593910E+03  .75157110E+05  .22392590E+07 -.11672090E-01  .41117980E+04
 .10108360E+04  .27568950E+03  .33039480E+05  .21007580E+07 -.23752710E-02  .41068600E+04
 .10103290E+04  .26579880E+03 -.75676880E+04  .19504310E+07  .97495270E-02  .41050580E+04
 .31846830E+03  .64868040E+03  .21085560E+07  .12554980E+06 -.36995140E+00  .44313640E+06
 .29847800E+03  .64876450E+03  .21448850E+07  .12676260E+06 -.34406360E+00  .40533400E+06
 .27991890E+03  .64886710E+03  .21812180E+07  .12911610E+06 -.31892650E+00  .30287030E+06
 .26273770E+03  .64901390E+03  .22175590E+07  .13241490E+06 -.29488310E+00  .20335790E+06
 .24686850E+03  .64923610E+03  .22539090E+07  .13654190E+06 -.27209450E+00  .13371860E+06
 .23223780E+03  .64957040E+03  .22902750E+07  .14141060E+06 -.25066490E+00  .90205040E+05
 .21876720E+03  .65005570E+03  .23266640E+07  .14693990E+06 -.23067350E+00  .63441610E+05
 .20637460E+03  .65073070E+03  .23630850E+07  .15304530E+06 -.21216870E+00  .46581920E+05
 .19497630E+03  .65163210E+03  .23995500E+07  .15963760E+06 -.19515910E+00  .35559110E+05
 .18448940E+03  .65279390E+03  .24360730E+07  .16662570E+06 -.17961160E+00  .28063470E+05
 .17483380E+03  .65424730E+03  .24726690E+07  .17392200E+06 -.16545640E+00  .22773500E+05
 .16593410E+03  .65602070E+03  .25093540E+07  .18144860E+06 -.15259790E+00  .18913200E+05
 .15772070E+03  .65814070E+03  .25461490E+07  .18914610E+06 -.14092630E+00  .16012250E+05
 .15013030E+03  .66063230E+03  .25830730E+07  .19698510E+06 -.13032880E+00  .13776130E+05
 .15013030E+03  .66063230E+03  .25830730E+07  .19698510E+06 -.13032880E+00  .13776130E+05
 .13567620E+03  .66743070E+03  .26626860E+07  .21450310E+06 -.11155030E+00  .10124240E+05
 .12323610E+03  .67637630E+03  .27432930E+07  .23600550E+06 -.96393790E-01  .80709200E+04
 .11241970E+03  .68770160E+03  .28251120E+07  .25998790E+06 -.84293980E-01  .65126000E+04
 .10292380E+03  .70185770E+03  .29084550E+07  .28565440E+06 -.74250730E-01  .53652550E+04
 .94543170E+02  .71917910E+03  .29936850E+07  .31234200E+06 -.65626760E-01  .45496160E+04
 .87130390E+02  .73981590E+03  .30811910E+07  .33954260E+06 -.58084770E-01  .39801460E+04
 .80564700E+02  .76378450E+03  .31713740E+07  .36700460E+06 -.51497390E-01  .35761100E+04
 .74735530E+02  .79107100E+03  .32646320E+07  .39473410E+06 -.45795200E-01  .32801490E+04
 .69542800E+02  .82164950E+03  .33613630E+07  .42277910E+06 -.40868700E-01  .30618600E+04
 .64901190E+02  .85542960E+03  .34619560E+07  .45111160E+06 -.36589670E-01  .29056620E+04
 .60739470E+02  .89223690E+03  .35667870E+07  .47967380E+06 -.32857180E-01  .27991580E+04
 .56996290E+02  .93186120E+03  .36762050E+07  .50845240E+06 -.29604850E-01  .27295400E+04
 .53617100E+02  .97412240E+03  .37905390E+07  .53749780E+06 -.26782540E-01  .26850480E+04
 .50553220E+02  .10189050E+04  .39100960E+07  .56690320E+06 -.24341610E-01  .26567010E+04
 .47761860E+02  .10661610E+04  .40351750E+07  .59678210E+06 -.22232130E-01  .26385480E+04
 .45206180E+02  .11158890E+04  .41660730E+07  .62725730E+06 -.20405970E-01  .26269430E+04
 .10000000E+02  .28000000E+02  .00000000E+00  .14000000E+02  .17000000E+02  .70908650E+04
 .31853990E+03  .64871320E+03  .21085850E+07  .12559770E+06 -.36995690E+00  .43281540E+06
 .33998370E+03  .64862400E+03  .20722590E+07  .12588190E+06 -.39577540E+00  .36767080E+06
 .36283510E+03  .64850420E+03  .20359390E+07  .12825280E+06 -.41985590E+00  .24459490E+06
 .38692260E+03  .64830570E+03  .19996280E+07  .13360970E+06 -.43935920E+00  .13822570E+06
 .41189180E+03  .64794390E+03  .19633320E+07  .14308710E+06 -.45077800E+00  .75383600E+05
 .43720960E+03  .64729880E+03  .19270640E+07  .15777950E+06 -.45157220E+00  .43615900E+05
 .46227600E+03  .64624070E+03  .18908420E+07  .17886230E+06 -.44261340E+00  .27747440E+05
 .48670550E+03  .64465820E+03  .18546950E+07  .21300310E+06 -.42947840E+00  .19270080E+05
 .51035030E+03  .64247660E+03  .18186520E+07  .25978050E+06 -.41476590E+00  .14427090E+05
 .53312370E+03  .63967330E+03  .17827490E+07  .31509250E+06 -.39808060E+00  .11533530E+05
 .53312370E+03  .63967330E+03  .17827490E+07  .31509250E+06 -.39808060E+00  .11533530E+05
 .58815830E+03  .62961740E+03  .16875140E+07  .42190130E+06 -.32798850E+00  .83587720E+04
 .63296360E+03  .61748130E+03  .15941700E+07  .56395190E+06 -.28483250E+00  .69438680E+04
 .67326280E+03  .60337460E+03  .15025870E+07  .72295470E+06 -.25348840E+00  .61192390E+04
 .70924690E+03  .58805300E+03  .14132180E+07  .88601370E+06 -.22697080E+00  .55885150E+04
 .74153820E+03  .57193060E+03  .13262110E+07  .10528300E+07 -.20414970E+00  .52290300E+04
 .77065050E+03  .55533530E+03  .12416620E+07  .12204710E+07 -.18449800E+00  .49751970E+04
 .79701930E+03  .53851500E+03  .11596220E+07  .13846400E+07 -.16747940E+00  .47889900E+04
 .82099930E+03  .52165300E+03  .10801100E+07  .15414300E+07 -.15256560E+00  .46481130E+04
 .84287220E+03  .50488530E+03  .10031210E+07  .16882480E+07 -.13931980E+00  .45391830E+04
 .86286230E+03  .48831360E+03  .92863420E+06  .18238450E+07 -.12741720E+00  .44536520E+04
 .88115260E+03  .47201370E+03  .85661340E+06  .19478830E+07 -.11662130E+00  .43856360E+04
 .89789500E+03  .45604100E+03  .78701370E+06  .20604630E+07 -.10675150E+00  .43308980E+04
 .91321690E+03  .44043490E+03  .71978280E+06  .21617790E+07 -.97659310E-01  .42864120E+04
 .92722510E+03  .42522320E+03  .65486350E+06  .22519260E+07 -.89215180E-01  .42500920E+04
 .94000800E+03  .41042500E+03  .59219510E+06  .23308040E+07 -.81303120E-01  .42205470E+04
 .95163740E+03  .39605330E+03  .53171460E+06  .23980640E+07 -.73818900E-01  .41968110E+04
 .96217030E+03  .38211590E+03  .47335740E+06  .24530610E+07 -.66668610E-01  .41780800E+04
 .97165040E+03  .36861650E+03  .41705800E+06  .24947880E+07 -.59766190E-01  .41635280E+04
 .98010850E+03  .35555460E+03  .36275060E+06  .25217990E+07 -.53030440E-01  .41522360E+04
 .98756400E+03  .34292550E+03  .31036990E+06  .25321660E+07 -.46385780E-01  .41432840E+04
 .99402580E+03  .33072160E+03  .25985160E+06  .25234950E+07 -.39772030E-01  .41359480E+04
 .99949520E+03  .31893320E+03  .21113270E+06  .24929320E+07 -.33149420E-01  .41297020E+04
 .10039670E+04  .30754880E+03  .16415150E+06  .24371280E+07 -.26445130E-01  .41238620E+04
 .10074140E+04  .29655530E+03  .11884850E+06  .23528870E+07 -.19437760E-01  .41178100E+04
 .10097610E+04  .28593930E+03  .75166020E+05  .22392980E+07 -.11673610E-01  .41117700E+04
 .10108400E+04  .27568960E+03  .33048380E+05  .21007900E+07 -.23772760E-02  .41068230E+04
 .10103340E+04  .26579870E+03 -.75587810E+04  .19504580E+07  .97471770E-02  .41050040E+04
 .31853990E+03  .64871320E+03  .21085850E+07  .12559770E+06 -.36995690E+00  .43281540E+06
 .29854900E+03  .64879920E+03  .21449150E+07  .12680500E+06 -.34408180E+00  .39693480E+06
 .27998860E+03  .64890370E+03  .21812510E+07  .12915390E+06 -.31895400E+00  .29829800E+06
 .26280570E+03  .64905230E+03  .22175930E+07  .13244880E+06 -.29491720E+00  .20136770E+06
 .24693440E+03  .64927620E+03  .22539460E+07  .13657250E+06 -.27213330E+00  .13289940E+06
 .23230140E+03  .64961220E+03  .22903140E+07  .14143810E+06 -.25070680E+00  .89854640E+05
 .21882840E+03  .65009910E+03  .23267050E+07  .14696470E+06 -.23071690E+00  .63280180E+05
 .20643340E+03  .65077550E+03  .23631290E+07  .15306760E+06 -.21221230E+00  .46501290E+05
 .19503270E+03  .65167830E+03  .23995960E+07  .15965770E+06 -.19520210E+00  .35515680E+05
 .18454350E+03  .65284140E+03  .24361220E+07  .16664400E+06 -.17965300E+00  .28038500E+05
 .17488560E+03  .65429600E+03  .24727200E+07  .17393880E+06 -.16549590E+00  .22758340E+05
 .16598370E+03  .65607060E+03  .25094090E+07  .18146460E+06 -.15263510E+00  .18903600E+05
 .15776830E+03  .65819170E+03  .25462060E+07  .18916220E+06 -.14096120E+00  .16005970E+05
 .15017600E+03  .66068430E+03  .25831330E+07  .19700240E+06 -.13036150E+00  .13771940E+05
 .15017600E+03  .66068430E+03  .25831330E+07  .19700240E+06 -.13036150E+00  .13771940E+05
 .13571810E+03  .66748520E+03  .26627530E+07  .21453060E+06 -.11158300E+00  .10121980E+05
 .12327420E+03  .67643340E+03  .27433660E+07  .23604090E+06 -.96424590E-01  .80693850E+04
 .11245430E+03  .68776170E+03  .28251920E+07  .26002790E+06 -.84321660E-01  .65116190E+04
 .10295530E+03  .70192080E+03  .29085430E+07  .28569680E+06 -.74274880E-01  .53646920E+04
 .94571980E+02  .71924520E+03  .29937800E+07  .31238550E+06 -.65647530E-01  .45493370E+04
 .87156900E+02  .73988480E+03  .30812940E+07  .33958650E+06 -.58102560E-01  .39800430E+04
 .80589230E+02  .76385600E+03  .31714850E+07  .36704860E+06 -.51512750E-01  .35761020E+04
 .74758330E+02  .79114480E+03  .32647520E+07  .39477850E+06 -.45808620E-01  .32801920E+04
 .69564090E+02  .82172560E+03  .33614920E+07  .42282410E+06 -.40880520E-01  .30619340E+04
 .64921140E+02  .85550780E+03  .34620950E+07  .45115730E+06 -.36600150E-01  .29057590E+04
 .60758230E+02  .89231700E+03  .35669350E+07  .47972030E+06 -.32866520E-01  .27992700E+04
 .57013990E+02  .93194320E+03  .36763630E+07  .50849970E+06 -.29613230E-01  .27296580E+04
 .53633850E+02  .97420620E+03  .37907070E+07  .53754590E+06 -.26790120E-01  .26851660E+04
 .50569100E+02  .10189910E+04  .39102740E+07  .56695240E+06 -.24348520E-01  .26568140E+04
 .47776940E+02  .10662490E+04  .40353630E+07  .59683240E+06 -.22238480E-01  .26386530E+04
 .45220530E+02  .11159790E+04  .41662720E+07  .62730880E+06 -.20411850E-01  .26270390E+04
 .10000000E+02  .28000000E+02  .00000000E+00  .14000000E+02  .17000000E+02  .70908650E+04
 .31861160E+03  .64874600E+03  .21086130E+07  .12564560E+06 -.36996240E+00  .42296710E+06
 .34005510E+03  .64865480E+03  .20722860E+07  .12593680E+06 -.39576320E+00  .36022860E+06
 .36290530E+03  .64853290E+03  .20359640E+07  .12831660E+06 -.41981980E+00  .24104810E+06
 .38699000E+03  .64833210E+03  .19996510E+07  .13368440E+06 -.43929420E+00  .13698230E+06
 .41195470E+03  .64796780E+03  .19633540E+07  .14317400E+06 -.45068440E+00  .74982290E+05
 .43726670E+03  .64732010E+03  .19270840E+07  .15788280E+06 -.45145970E+00  .43476960E+05
 .46232640E+03  .64625930E+03  .18908620E+07  .17897620E+06 -.44247520E+00  .27695340E+05
 .48674780E+03  .64467450E+03  .18547130E+07  .21309470E+06 -.42933430E+00  .19248510E+05
 .51038490E+03  .64249090E+03  .18186690E+07  .25986960E+06 -.41464160E+00  .14416800E+05
 .53315220E+03  .63968590E+03  .17827660E+07  .31519960E+06 -.39798890E+00  .11527690E+05
 .53315220E+03  .63968590E+03  .17827660E+07  .31519960E+06 -.39798890E+00  .11527690E+05
 .58817960E+03  .62962590E+03  .16875290E+07  .42209680E+06 -.32797540E+00  .83560190E+04
 .63297960E+03  .61748770E+03  .15941840E+07  .56406570E+06 -.28480290E+00  .69430850E+04
 .67327530E+03  .60337960E+03  .15026010E+07  .72306060E+06 -.25346990E+00  .61188200E+04
 .70925710E+03  .58805700E+03  .14132310E+07  .88611420E+06 -.22695820E+00  .55882590E+04
 .74154680E+03  .57193400E+03  .13262230E+07  .10529270E+07 -.20414060E+00  .52288620E+04
 .77065780E+03  .55533810E+03  .12416740E+07  .12205650E+07 -.18449130E+00  .49750810E+04
 .79702580E+03  .53851740E+03  .11596330E+07  .13847320E+07 -.16747440E+00  .47889040E+04
 .82100520E+03  .52165500E+03  .10801210E+07  .15415200E+07 -.15256180E+00  .46480480E+04
 .84287750E+03  .50488700E+03  .10031320E+07  .16883350E+07 -.13931680E+00  .45391320E+04
 .86286720E+03  .48831520E+03  .92864460E+06  .18239290E+07 -.12741490E+00  .44536110E+04
 .88115720E+03  .47201510E+03  .85662360E+06  .19479640E+07 -.11661940E+00  .43856010E+04
 .89789930E+03  .45604220E+03  .78702370E+06  .20605410E+07 -.10675000E+00  .43308690E+04
 .91322100E+03  .44043590E+03  .71979260E+06  .21618540E+07 -.97658080E-01  .42863870E+04
 .92722910E+03  .42522410E+03  .65487320E+06  .22519980E+07 -.89214180E-01  .42500690E+04
 .94001180E+03  .41042580E+03  .59220470E+06  .23308730E+07 -.81302310E-01  .42205270E+04
 .95164120E+03  .39605400E+03  .53172410E+06  .23981320E+07 -.73818270E-01  .41967920E+04
 .96217400E+03  .38211650E+03  .47336680E+06  .24531270E+07 -.66668130E-01  .41780620E+04
 .97165400E+03  .36861710E+03  .41706720E+06  .24948520E+07 -.59765860E-01  .41635110E+04
 .98011210E+03  .35555510E+03  .36275980E+06  .25218610E+07 -.53030260E-01  .41522190E+04
 .98756760E+03  .34292600E+03  .31037900E+06  .25322260E+07 -.46385770E-01  .41432660E+04
 .99402940E+03  .33072200E+03  .25986070E+06  .25235530E+07 -.39772210E-01  .41359300E+04
 .99949880E+03  .31893350E+03  .21114170E+06  .24929860E+07 -.33149830E-01  .41296830E+04
 .10039710E+04  .30754900E+03  .16416040E+06  .24371780E+07 -.26445830E-01  .41238430E+04
 .10074180E+04  .29655550E+03  .11885740E+06  .23529310E+07 -.19438830E-01  .41177870E+04
 .10097650E+04  .28593940E+03  .75174930E+05  .22393360E+07 -.11675140E-01  .41117420E+04
 .10108450E+04  .27568960E+03  .33057280E+05  .21008220E+07 -.23792820E-02  .41067860E+04
 .10103380E+04  .26579860E+03 -.75498730E+04  .19504840E+07  .97448290E-02  .41049500E+04
 .31861160E+03  .64874600E+03  .21086130E+07  .12564560E+06 -.36996240E+00  .42296710E+06
 .29862000E+03  .64883390E+03  .21449450E+07  .12684730E+06 -.34409990E+00  .38887920E+06
 .28005820E+03  .64894040E+03  .21812830E+07  .12919170E+06 -.31898140E+00  .29386310E+06
 .26287360E+03  .64909070E+03  .22176270E+07  .13248270E+06 -.29495130E+00  .19941670E+06
 .24700030E+03  .64931640E+03  .22539820E+07  .13660300E+06 -.27217210E+00  .13209040E+06
 .23236500E+03  .64965410E+03  .22903530E+07  .14146550E+06 -.25074870E+00  .89507040E+05
 .21888960E+03  .65014240E+03  .23267460E+07  .14698940E+06 -.23076020E+00  .63119610E+05
 .20649220E+03  .65082030E+03  .23631720E+07  .15308980E+06 -.21225590E+00  .46420960E+05
 .19508910E+03  .65172450E+03  .23996420E+07  .15967770E+06 -.19524490E+00  .35472380E+05
 .18459740E+03  .65288890E+03  .24361700E+07  .16666220E+06 -.17969440E+00  .28013580E+05
 .17493730E+03  .65434470E+03  .24727710E+07  .17395560E+06 -.16553530E+00  .22743200E+05
 .16603330E+03  .65612040E+03  .25094630E+07  .18148060E+06 -.15267230E+00  .18894010E+05
 .15781590E+03  .65824260E+03  .25462630E+07  .18917820E+06 -.14099610E+00  .15999710E+05
 .15022170E+03  .66073630E+03  .25831930E+07  .19701960E+06 -.13039430E+00  .13767760E+05
 .15022170E+03  .66073630E+03  .25831930E+07  .19701960E+06 -.13039430E+00  .13767760E+05
 .13576010E+03  .66753970E+03  .26628190E+07  .21455810E+06 -.11161570E+00  .10119730E+05
 .12331230E+03  .67649050E+03  .27434390E+07  .23607630E+06 -.96455390E-01  .80678490E+04
 .11248900E+03  .68782170E+03  .28252720E+07  .26006790E+06 -.84349330E-01  .65106390E+04
 .10298680E+03  .70198380E+03  .29086300E+07  .28573920E+06 -.74299020E-01  .53641290E+04
 .94600780E+02  .71931120E+03  .29938750E+07  .31242900E+06 -.65668280E-01  .45490590E+04
 .87183400E+02  .73995360E+03  .30813970E+07  .33963040E+06 -.58120340E-01  .39799400E+04
 .80613750E+02  .76392730E+03  .31715970E+07  .36709260E+06 -.51528100E-01  .35760940E+04
 .74781140E+02  .79121860E+03  .32648730E+07  .39482280E+06 -.45822040E-01  .32802350E+04
 .69585370E+02  .82180160E+03  .33616210E+07  .42286900E+06 -.40892360E-01  .30620080E+04
 .64941090E+02  .85558590E+03  .34622330E+07  .45120290E+06 -.36610640E-01  .29058560E+04
 .60776990E+02  .89239720E+03  .35670830E+07  .47976670E+06 -.32875860E-01  .27993820E+04
 .57031680E+02  .93202520E+03  .36765210E+07  .50854690E+06 -.29621610E-01  .27297770E+04
 .53650590E+02  .97429000E+03  .37908740E+07  .53759410E+06 -.26797700E-01  .26852830E+04
 .50584970E+02  .10190770E+04  .39104520E+07  .56700160E+06 -.24355430E-01  .26569270E+04
 .47792020E+02  .10663360E+04  .40355520E+07  .59688280E+06 -.22244830E-01  .26387570E+04
 .45234870E+02  .11160690E+04  .41664710E+07  .62736040E+06 -.20417720E-01  .26271340E+04
 .10000000E+02  .28000000E+02  .00000000E+00  .14000000E+02  .17000000E+02  .70908650E+04
 .31868320E+03  .64877880E+03  .21086410E+07  .12569350E+06 -.36996780E+00  .41355970E+06
 .34012660E+03  .64868560E+03  .20723120E+07  .12599170E+06 -.39575090E+00  .35308350E+06
 .36297540E+03  .64856160E+03  .20359890E+07  .12838040E+06 -.41978370E+00  .23760360E+06
 .38705730E+03  .64835850E+03  .19996750E+07  .13375910E+06 -.43922920E+00  .13576150E+06
 .41201760E+03  .64799180E+03  .19633760E+07  .14326100E+06 -.45059080E+00  .74585420E+05
 .43732360E+03  .64734140E+03  .19271050E+07  .15798200E+06 -.45134630E+00  .43339090E+05
 .46237660E+03  .64627800E+03  .18908810E+07  .17908970E+06 -.44233740E+00  .27643450E+05
 .48679000E+03  .64469080E+03  .18547320E+07  .21318590E+06 -.42919030E+00  .19227000E+05
 .51041950E+03  .64250520E+03  .18186870E+07  .25995850E+06 -.41451740E+00  .14406530E+05
 .53318070E+03  .63969850E+03  .17827830E+07  .31530650E+06 -.39789730E+00  .11521860E+05
 .53318070E+03  .63969850E+03  .17827830E+07  .31530650E+06 -.39789730E+00  .11521860E+05
 .58820090E+03  .62963450E+03  .16875450E+07  .42229230E+06 -.32796220E+00  .83532680E+04
 .63299550E+03  .61749410E+03  .15941980E+07  .56417950E+06 -.28477320E+00  .69423020E+04
 .67328770E+03  .60338460E+03  .15026140E+07  .72316650E+06 -.25345150E+00  .61184010E+04
 .70926730E+03  .58806110E+03  .14132430E+07  .88621460E+06 -.22694560E+00  .55880040E+04
 .74155540E+03  .57193730E+03  .13262360E+07  .10530240E+07 -.20413150E+00  .52286950E+04
 .77066520E+03  .55534090E+03  .12416860E+07  .12206600E+07 -.18448460E+00  .49749640E+04
 .79703230E+03  .53851970E+03  .11596440E+07  .13848250E+07 -.16746940E+00  .47888190E+04
 .82101100E+03  .52165700E+03  .10801320E+07  .15416100E+07 -.15255790E+00  .46479830E+04
 .84288280E+03  .50488880E+03  .10031430E+07  .16884220E+07 -.13931390E+00  .45390810E+04
 .86287210E+03  .48831670E+03  .92865510E+06  .18240120E+07 -.12741250E+00  .44535690E+04
 .88116180E+03  .47201640E+03  .85663380E+06  .19480440E+07 -.11661750E+00  .43855660E+04
 .89790370E+03  .45604340E+03  .78703380E+06  .20606180E+07 -.10674850E+00  .43308400E+04
 .91322520E+03  .44043700E+03  .71980250E+06  .21619280E+07 -.97656850E-01  .42863610E+04
 .92723310E+03  .42522500E+03  .65488290E+06  .22520700E+07 -.89213180E-01  .42500470E+04
 .94001570E+03  .41042670E+03  .59221430E+06  .23309430E+07 -.81301500E-01  .42205060E+04
 .95164490E+03  .39605470E+03  .53173360E+06  .23981990E+07 -.73817630E-01  .41967730E+04
 .96217770E+03  .38211720E+03  .47337610E+06  .24531930E+07 -.66667650E-01  .41780440E+04
 .97165760E+03  .36861770E+03  .41707650E+06  .24949160E+07 -.59765520E-01  .41634940E+04
 .98011570E+03  .35555560E+03  .36276890E+06  .25219230E+07 -.53030080E-01  .41522020E+04
 .98757120E+03  .34292640E+03  .31038820E+06  .25322860E+07 -.46385760E-01  .41432490E+04
 .99403290E+03  .33072240E+03  .25986980E+06  .25236100E+07 -.39772390E-01  .41359120E+04
 .99950240E+03  .31893380E+03  .21115070E+06  .24930400E+07 -.33150240E-01  .41296650E+04
 .10039740E+04  .30754930E+03  .16416940E+06  .24372280E+07 -.26446530E-01  .41238230E+04
 .10074220E+04  .29655560E+03  .11886630E+06  .23529760E+07 -.19439910E-01  .41177640E+04
 .10097690E+04  .28593950E+03  .75183840E+05  .22393750E+07 -.11676660E-01  .41117140E+04
 .10108490E+04  .27568960E+03  .33066190E+05  .21008540E+07 -.23812870E-02  .41067490E+04
 .10103430E+04  .26579850E+03 -.75409650E+04  .19505110E+07  .97424790E-02  .41048960E+04
 .31868320E+03  .64877880E+03  .21086410E+07  .12569350E+06 -.36996780E+00  .41355970E+06
 .29869090E+03  .64886870E+03  .21449750E+07  .12688970E+06 -.34411800E+00  .38114640E+06
 .28012790E+03  .64897700E+03  .21813150E+07  .12922950E+06 -.31900870E+00  .28955950E+06
 .26294160E+03  .64912920E+03  .22176620E+07  .13251660E+06 -.29498540E+00  .19750360E+06
 .24706620E+03  .64935660E+03  .22540190E+07  .13663350E+06 -.27221090E+00  .13129140E+06
 .23242870E+03  .64969580E+03  .22903920E+07  .14149300E+06 -.25079040E+00  .89162210E+05
 .21895090E+03  .65018570E+03  .23267870E+07  .14701400E+06 -.23080360E+00  .62959900E+05
 .20655090E+03  .65086510E+03  .23632160E+07  .15311200E+06 -.21229950E+00  .46340940E+05
 .19514540E+03  .65177060E+03  .23996890E+07  .15969770E+06 -.19528780E+00  .35429180E+05
 .18465140E+03  .65293630E+03  .24362190E+07  .16668030E+06 -.17973580E+00  .27988710E+05
 .17498900E+03  .65439340E+03  .24728230E+07  .17397240E+06 -.16557470E+00  .22728100E+05
 .16608290E+03  .65617020E+03  .25095170E+07  .18149650E+06 -.15270950E+00  .18884440E+05
 .15786340E+03  .65829360E+03  .25463200E+07  .18919430E+06 -.14103100E+00  .15993450E+05
 .15026740E+03  .66078830E+03  .25832530E+07  .19703690E+06 -.13042710E+00  .13763580E+05
 .15026740E+03  .66078830E+03  .25832530E+07  .19703690E+06 -.13042710E+00  .13763580E+05
 .13580200E+03  .66759420E+03  .26628850E+07  .21458570E+06 -.11164840E+00  .10117470E+05
 .12335050E+03  .67654760E+03  .27435120E+07  .23611170E+06 -.96486180E-01  .80663140E+04
 .11252360E+03  .68788160E+03  .28253520E+07  .26010790E+06 -.84377010E-01  .65096600E+04
 .10301830E+03  .70204690E+03  .29087170E+07  .28578160E+06 -.74323150E-01  .53635670E+04
 .94629590E+02  .71937730E+03  .29939700E+07  .31247260E+06 -.65689040E-01  .45487810E+04
 .87209900E+02  .74002240E+03  .30815010E+07  .33967430E+06 -.58138120E-01  .39798380E+04
 .80638260E+02  .76399870E+03  .31717090E+07  .36713670E+06 -.51543460E-01  .35760860E+04
 .74803920E+02  .79129230E+03  .32649930E+07  .39486710E+06 -.45835460E-01  .32802770E+04
 .69606650E+02  .82187760E+03  .33617510E+07  .42291390E+06 -.40904180E-01  .30620830E+04
 .64961040E+02  .85566400E+03  .34623720E+07  .45124850E+06 -.36621120E-01  .29059530E+04
 .60795750E+02  .89247720E+03  .35672310E+07  .47981310E+06 -.32885200E-01  .27994940E+04
 .57049380E+02  .93210710E+03  .36766790E+07  .50859420E+06 -.29629990E-01  .27298950E+04
 .53667330E+02  .97437380E+03  .37910420E+07  .53764230E+06 -.26805280E-01  .26854010E+04
 .50600840E+02  .10191620E+04  .39106290E+07  .56705080E+06 -.24362340E-01  .26570390E+04
 .47807100E+02  .10664240E+04  .40357400E+07  .59693310E+06 -.22251180E-01  .26388620E+04
 .45249220E+02  .11161590E+04  .41666700E+07  .62741190E+06 -.20423590E-01  .26272290E+04
 .10000000E+02  .28000000E+02  .00000000E+00  .14000000E+02  .17000000E+02  .70908650E+04
 .31875480E+03  .64881160E+03  .21086690E+07  .12574150E+06 -.36997310E+00  .40456430E+06
 .34019800E+03  .64871640E+03  .20723390E+07  .12604670E+06 -.39573850E+00  .34621820E+06
 .36304550E+03  .64859030E+03  .20360140E+07  .12844430E+06 -.41974750E+00  .23425700E+06
 .38712450E+03  .64838480E+03  .19996980E+07  .13383380E+06 -.43916410E+00  .13456270E+06
 .41208040E+03  .64801560E+03  .19633980E+07  .14334800E+06 -.45049730E+00  .74192940E+05
 .43738060E+03  .64736260E+03  .19271250E+07  .15808130E+06 -.45123300E+00  .43202180E+05
 .46242680E+03  .64629660E+03  .18909010E+07  .17920260E+06 -.44219990E+00  .27591780E+05
 .48683220E+03  .64470710E+03  .18547500E+07  .21327690E+06 -.42904650E+00  .19205560E+05
 .51045420E+03  .64251950E+03  .18187050E+07  .26004720E+06 -.41439320E+00  .14396290E+05
 .53320930E+03  .63971110E+03  .17827990E+07  .31541310E+06 -.39780560E+00  .11516050E+05
 .53320930E+03  .63971110E+03  .17827990E+07  .31541310E+06 -.39780560E+00  .11516050E+05
 .58822220E+03  .62964300E+03  .16875600E+07  .42248780E+06 -.32794900E+00  .83505200E+04
 .63301150E+03  .61750050E+03  .15942120E+07  .56429330E+06 -.28474350E+00  .69415200E+04
 .67330020E+03  .60338960E+03  .15026270E+07  .72327240E+06 -.25343300E+00  .61179820E+04
 .70927740E+03  .58806510E+03  .14132560E+07  .88631510E+06 -.22693290E+00  .55877500E+04
 .74156390E+03  .57194060E+03  .13262480E+07  .10531210E+07 -.20412240E+00  .52285270E+04
 .77067250E+03  .55534370E+03  .12416970E+07  .12207550E+07 -.18447790E+00  .49748470E+04
 .79703880E+03  .53852210E+03  .11596560E+07  .13849170E+07 -.16746430E+00  .47887340E+04
 .82101680E+03  .52165910E+03  .10801430E+07  .15416990E+07 -.15255410E+00  .46479180E+04
 .84288820E+03  .50489060E+03  .10031530E+07  .16885090E+07 -.13931090E+00  .45390300E+04
 .86287710E+03  .48831820E+03  .92866550E+06  .18240960E+07 -.12741020E+00  .44535280E+04
 .88116640E+03  .47201780E+03  .85664410E+06  .19481250E+07 -.11661570E+00  .43855320E+04
 .89790800E+03  .45604460E+03  .78704380E+06  .20606960E+07 -.10674690E+00  .43308110E+04
 .91322940E+03  .44043800E+03  .71981230E+06  .21620030E+07 -.97655620E-01  .42863360E+04
 .92723710E+03  .42522600E+03  .65489260E+06  .22521420E+07 -.89212180E-01  .42500240E+04
 .94001960E+03  .41042750E+03  .59222380E+06  .23310130E+07 -.81300700E-01  .42204860E+04
 .95164870E+03  .39605550E+03  .53174300E+06  .23982670E+07 -.73816980E-01  .41967540E+04
 .96218130E+03  .38211790E+03  .47338550E+06  .24532590E+07 -.66667170E-01  .41780260E+04
 .97166120E+03  .36861830E+03  .41708580E+06  .24949800E+07 -.59765190E-01  .41634770E+04
 .98011930E+03  .35555610E+03  .36277810E+06  .25219850E+07 -.53029900E-01  .41521850E+04
 .98757470E+03  .34292680E+03  .31039730E+06  .25323460E+07 -.46385740E-01  .41432320E+04
 .99403640E+03  .33072270E+03  .25987880E+06  .25236670E+07 -.39772570E-01  .41358950E+04
 .99950610E+03  .31893410E+03  .21115970E+06  .24930940E+07 -.33150650E-01  .41296460E+04
 .10039780E+04  .30754950E+03  .16417840E+06  .24372780E+07 -.26447240E-01  .41238030E+04
 .10074250E+04  .29655580E+03  .11887530E+06  .23530210E+07 -.19440980E-01  .41177420E+04
 .10097730E+04  .28593960E+03  .75192760E+05  .22394130E+07 -.11678190E-01  .41116870E+04
 .10108530E+04  .27568960E+03  .33075090E+05  .21008860E+07 -.23832920E-02  .41067110E+04
 .10103480E+04  .26579840E+03 -.75320570E+04  .19505380E+07  .97401300E-02  .41048410E+04
 .31875480E+03  .64881160E+03  .21086690E+07  .12574150E+06 -.36997310E+00  .40456430E+06
 .29876180E+03  .64890330E+03  .21450050E+07  .12693210E+06 -.34413610E+00  .37371760E+06
 .28019750E+03  .64901350E+03  .21813470E+07  .12926730E+06 -.31903600E+00  .28538140E+06
 .26300950E+03  .64916750E+03  .22176960E+07  .13255050E+06 -.29501940E+00  .19562750E+06
 .24713200E+03  .64939670E+03  .22540550E+07  .13666390E+06 -.27224960E+00  .13050220E+06
 .23249230E+03  .64973760E+03  .22904300E+07  .14152040E+06 -.25083220E+00  .88820110E+05
 .21901210E+03  .65022910E+03  .23268290E+07  .14703870E+06 -.23084690E+00  .62801040E+05
 .20660970E+03  .65090990E+03  .23632590E+07  .15313420E+06 -.21234310E+00  .46261200E+05
 .19520180E+03  .65181680E+03  .23997350E+07  .15971770E+06 -.19533060E+00  .35386120E+05
 .18470540E+03  .65298380E+03  .24362680E+07  .16669850E+06 -.17977720E+00  .27963900E+05
 .17504080E+03  .65444200E+03  .24728740E+07  .17398910E+06 -.16561410E+00  .22713020E+05
 .16613250E+03  .65622010E+03  .25095710E+07  .18151250E+06 -.15274660E+00  .18874880E+05
 .15791100E+03  .65834450E+03  .25463770E+07  .18921030E+06 -.14106590E+00  .15987210E+05
 .15031300E+03  .66084030E+03  .25833130E+07  .19705410E+06 -.13045980E+00  .13759410E+05
 .15031300E+03  .66084030E+03  .25833130E+07  .19705410E+06 -.13045980E+00  .13759410E+05
 .13584400E+03  .66764870E+03  .26629520E+07  .21461330E+06 -.11168110E+00  .10115220E+05
 .12338860E+03  .67660470E+03  .27435850E+07  .23614710E+06 -.96516970E-01  .80647800E+04
 .11255820E+03  .68794160E+03  .28254320E+07  .26014800E+06 -.84404680E-01  .65086810E+04
 .10304980E+03  .70210990E+03  .29088050E+07  .28582390E+06 -.74347280E-01  .53630050E+04
 .94658390E+02  .71944330E+03  .29940650E+07  .31251610E+06 -.65709780E-01  .45485030E+04
 .87236390E+02  .74009120E+03  .30816040E+07  .33971810E+06 -.58155890E-01  .39797350E+04
 .80662770E+02  .76407000E+03  .31718200E+07  .36718070E+06 -.51558800E-01  .35760790E+04
 .74826720E+02  .79136600E+03  .32651130E+07  .39491150E+06 -.45848870E-01  .32803200E+04
 .69627930E+02  .82195360E+03  .33618800E+07  .42295880E+06 -.40916000E-01  .30621570E+04
 .64980980E+02  .85574210E+03  .34625100E+07  .45129410E+06 -.36631600E-01  .29060500E+04
 .60814510E+02  .89255730E+03  .35673790E+07  .47985940E+06 -.32894540E-01  .27996050E+04
 .57067080E+02  .93218910E+03  .36768370E+07  .50864140E+06 -.29638370E-01  .27300130E+04
 .53684070E+02  .97445760E+03  .37912100E+07  .53769040E+06 -.26812860E-01  .26855190E+04
 .50616710E+02  .10192480E+04  .39108070E+07  .56709990E+06 -.24369250E-01  .26571510E+04
 .47822170E+02  .10665110E+04  .40359280E+07  .59698330E+06 -.22257530E-01  .26389670E+04
 .45263570E+02  .11162490E+04  .41668690E+07  .62746340E+06 -.20429460E-01  .26273250E+04
 .10000000E+02  .28000000E+02  .00000000E+00  .14000000E+02  .17000000E+02  .70908650E+04
 .31882640E+03  .64884440E+03  .21086980E+07  .12578940E+06 -.36997830E+00  .39595450E+06
 .34026940E+03  .64874710E+03  .20723650E+07  .12610160E+06 -.39572610E+00  .33961650E+06
 .36311550E+03  .64861890E+03  .20360380E+07  .12850810E+06 -.41971130E+00  .23100420E+06
 .38719180E+03  .64841120E+03  .19997210E+07  .13390850E+06 -.43909900E+00  .13338520E+06
 .41214320E+03  .64803950E+03  .19634190E+07  .14343500E+06 -.45040370E+00  .73804740E+05
 .43743750E+03  .64738380E+03  .19271460E+07  .15818060E+06 -.45111970E+00  .43066230E+05
 .46247710E+03  .64631510E+03  .18909200E+07  .17931520E+06 -.44206280E+00  .27540320E+05
 .48687440E+03  .64472340E+03  .18547680E+07  .21336750E+06 -.42890280E+00  .19184190E+05
 .51048870E+03  .64253390E+03  .18187220E+07  .26013560E+06 -.41426910E+00  .14386080E+05
 .53323790E+03  .63972360E+03  .17828160E+07  .31551960E+06 -.39771400E+00  .11510250E+05
 .53323790E+03  .63972360E+03  .17828160E+07  .31551960E+06 -.39771400E+00  .11510250E+05
 .58824350E+03  .62965160E+03  .16875750E+07  .42268320E+06 -.32793590E+00  .83477740E+04
 .63302750E+03  .61750700E+03  .15942260E+07  .56440710E+06 -.28471390E+00  .69407380E+04
 .67331260E+03  .60339470E+03  .15026410E+07  .72337830E+06 -.25341460E+00  .61175630E+04
 .70928760E+03  .58806920E+03  .14132690E+07  .88641560E+06 -.22692030E+00  .55874950E+04
 .74157240E+03  .57194400E+03  .13262600E+07  .10532180E+07 -.20411330E+00  .52283590E+04
 .77067990E+03  .55534650E+03  .12417090E+07  .12208500E+07 -.18447120E+00  .49747300E+04
 .79704530E+03  .53852450E+03  .11596670E+07  .13850100E+07 -.16745930E+00  .47886490E+04
 .82102270E+03  .52166110E+03  .10801540E+07  .15417890E+07 -.15255020E+00  .46478540E+04
 .84289350E+03  .50489230E+03  .10031640E+07  .16885960E+07 -.13930790E+00  .45389790E+04
 .86288200E+03  .48831980E+03  .92867590E+06  .18241790E+07 -.12740780E+00  .44534860E+04
 .88117100E+03  .47201920E+03  .85665430E+06  .19482050E+07 -.11661380E+00  .43854980E+04
 .89791240E+03  .45604570E+03  .78705380E+06  .20607730E+07 -.10674540E+00  .43307810E+04
 .91323350E+03  .44043910E+03  .71982220E+06  .21620780E+07 -.97654390E-01  .42863110E+04
 .92724110E+03  .42522690E+03  .65490230E+06  .22522140E+07 -.89211180E-01  .42500020E+04
 .94002340E+03  .41042830E+03  .59223340E+06  .23310820E+07 -.81299890E-01  .42204660E+04
 .95165240E+03  .39605620E+03  .53175250E+06  .23983340E+07 -.73816340E-01  .41967350E+04
 .96218510E+03  .38211850E+03  .47339480E+06  .24533240E+07 -.66666690E-01  .41780090E+04
 .97166480E+03  .36861880E+03  .41709500E+06  .24950430E+07 -.59764850E-01  .41634590E+04
 .98012280E+03  .35555660E+03  .36278730E+06  .25220470E+07 -.53029720E-01  .41521680E+04
 .98757820E+03  .34292720E+03  .31040640E+06  .25324050E+07 -.46385730E-01  .41432150E+04
 .99404000E+03  .33072310E+03  .25988790E+06  .25237250E+07 -.39772750E-01  .41358770E+04
 .99950970E+03  .31893440E+03  .21116870E+06  .24931490E+07 -.33151060E-01  .41296270E+04
 .10039820E+04  .30754970E+03  .16418730E+06  .24373280E+07 -.26447940E-01  .41237830E+04
 .10074290E+04  .29655600E+03  .11888420E+06  .23530660E+07 -.19442050E-01  .41177190E+04
 .10097770E+04  .28593970E+03  .75201670E+05  .22394520E+07 -.11679710E-01  .41116590E+04
 .10108570E+04  .27568960E+03  .33083990E+05  .21009180E+07 -.23852980E-02  .41066740E+04
 .10103520E+04  .26579840E+03 -.75231490E+04  .19505650E+07  .97377810E-02  .41047870E+04
 .31882640E+03  .64884440E+03  .21086980E+07  .12578940E+06 -.36997830E+00  .39595450E+06
 .29883270E+03  .64893800E+03  .21450360E+07  .12697440E+06 -.34415410E+00  .36657500E+06
 .28026710E+03  .64905010E+03  .21813790E+07  .12930510E+06 -.31906320E+00  .28132340E+06
 .26307740E+03  .64920590E+03  .22177300E+07  .13258440E+06 -.29505330E+00  .19378720E+06
 .24719790E+03  .64943680E+03  .22540920E+07  .13669440E+06 -.27228830E+00  .12972260E+06
 .23255580E+03  .64977940E+03  .22904690E+07  .14154780E+06 -.25087390E+00  .88480700E+05
 .21907330E+03  .65027240E+03  .23268700E+07  .14706330E+06 -.23089010E+00  .62643010E+05
 .20666850E+03  .65095470E+03  .23633030E+07  .15315630E+06 -.21238660E+00  .46181770E+05
 .19525810E+03  .65186290E+03  .23997810E+07  .15973770E+06 -.19537340E+00  .35343160E+05
 .18475940E+03  .65303120E+03  .24363170E+07  .16671660E+06 -.17981850E+00  .27939140E+05
 .17509250E+03  .65449070E+03  .24729260E+07  .17400590E+06 -.16565350E+00  .22697970E+05
 .16618210E+03  .65626980E+03  .25096250E+07  .18152850E+06 -.15278380E+00  .18865340E+05
 .15795860E+03  .65839540E+03  .25464340E+07  .18922640E+06 -.14110080E+00  .15980970E+05
 .15035870E+03  .66089230E+03  .25833730E+07  .19707140E+06 -.13049260E+00  .13755250E+05
 .15035870E+03  .66089230E+03  .25833730E+07  .19707140E+06 -.13049260E+00  .13755250E+05
 .13588590E+03  .66770320E+03  .26630180E+07  .21464090E+06 -.11171380E+00  .10112960E+05
 .12342670E+03  .67666170E+03  .27436580E+07  .23618260E+06 -.96547770E-01  .80632460E+04
 .11259270E+03  .68800150E+03  .28255120E+07  .26018800E+06 -.84432340E-01  .65077030E+04
 .10308130E+03  .70217290E+03  .29088920E+07  .28586630E+06 -.74371400E-01  .53624440E+04
 .94687190E+02  .71950930E+03  .29941600E+07  .31255960E+06 -.65730530E-01  .45482260E+04
 .87262890E+02  .74016000E+03  .30817070E+07  .33976200E+06 -.58173660E-01  .39796320E+04
 .80687280E+02  .76414130E+03  .31719320E+07  .36722460E+06 -.51574140E-01  .35760710E+04
 .74849500E+02  .79143970E+03  .32652340E+07  .39495580E+06 -.45862280E-01  .32803630E+04
 .69649210E+02  .82202950E+03  .33620090E+07  .42300360E+06 -.40927830E-01  .30622310E+04
 .65000920E+02  .85582020E+03  .34626490E+07  .45133970E+06 -.36642080E-01  .29061470E+04
 .60833260E+02  .89263730E+03  .35675270E+07  .47990580E+06 -.32903880E-01  .27997170E+04
 .57084770E+02  .93227090E+03  .36769940E+07  .50868860E+06 -.29646750E-01  .27301310E+04
 .53700810E+02  .97454130E+03  .37913770E+07  .53773860E+06 -.26820440E-01  .26856360E+04
 .50632580E+02  .10193340E+04  .39109850E+07  .56714910E+06 -.24376160E-01  .26572630E+04
 .47837250E+02  .10665990E+04  .40361160E+07  .59703360E+06 -.22263870E-01  .26390710E+04
 .45277910E+02  .11163380E+04  .41670680E+07  .62751480E+06 -.20435330E-01  .26274200E+04
