 .10000000E+02  .28000000E+02  .00000000E+00  .14000000E+02  .17000000E+02  .70908650E+04
 .31882640E+03  .64884440E+03  .21086980E+07  .12578940E+06 -.36997830E+00  .39595450E+06
 .34026940E+03  .64874710E+03  .20723650E+07  .12610160E+06 -.39572610E+00  .33961650E+06
 .36311550E+03  .64861890E+03  .20360380E+07  .12850810E+06 -.41971130E+00  .23100420E+06
 .38719180E+03  .64841120E+03  .19997210E+07  .13390850E+06 -.43909900E+00  .13338520E+06
 .41214320E+03  .64803950E+03  .19634190E+07  .14343500E+06 -.45040370E+00  .73804740E+05
 .43743750E+03  .64738380E+03  .19271460E+07  .15818060E+06 -.45111970E+00  .43066230E+05
 .46247710E+03  .64631510E+03  .18909200E+07  .17931520E+06 -.44206280E+00  .27540320E+05
 .48687440E+03  .64472340E+03  .18547680E+07  .21336750E+06 -.42890280E+00  .19184190E+05
 .51048870E+03  .64253390E+03  .18187220E+07  .26013560E+06 -.41426910E+00  .14386080E+05
 .53323790E+03  .63972360E+03  .17828160E+07  .31551960E+06 -.39771400E+00  .11510250E+05
 .53323790E+03  .63972360E+03  .17828160E+07  .31551960E+06 -.39771400E+00  .11510250E+05
 .58824350E+03  .62965160E+03  .16875750E+07  .42268320E+06 -.32793590E+00  .83477740E+04
 .63302750E+03  .61750700E+03  .15942260E+07  .56440710E+06 -.28471390E+00  .69407380E+04
 .67331260E+03  .60339470E+03  .15026410E+07  .72337830E+06 -.25341460E+00  .61175630E+04
 .70928760E+03  .58806920E+03  .14132690E+07  .88641560E+06 -.22692030E+00  .55874950E+04
 .74157240E+03  .57194400E+03  .13262600E+07  .10532180E+07 -.20411330E+00  .52283590E+04
 .77067990E+03  .55534650E+03  .12417090E+07  .12208500E+07 -.18447120E+00  .49747300E+04
 .79704530E+03  .53852450E+03  .11596670E+07  .13850100E+07 -.16745930E+00  .47886490E+04
 .82102270E+03  .52166110E+03  .10801540E+07  .15417890E+07 -.15255020E+00  .46478540E+04
 .84289350E+03  .50489230E+03  .10031640E+07  .16885960E+07 -.13930790E+00  .45389790E+04
 .86288200E+03  .48831980E+03  .92867590E+06  .18241790E+07 -.12740780E+00  .44534860E+04
 .88117100E+03  .47201920E+03  .85665430E+06  .19482050E+07 -.11661380E+00  .43854980E+04
 .89791240E+03  .45604570E+03  .78705380E+06  .20607730E+07 -.10674540E+00  .43307810E+04
 .91323350E+03  .44043910E+03  .71982220E+06  .21620780E+07 -.97654390E-01  .42863110E+04
 .92724110E+03  .42522690E+03  .65490230E+06  .22522140E+07 -.89211180E-01  .42500020E+04
 .94002340E+03  .41042830E+03  .59223340E+06  .23310820E+07 -.81299890E-01  .42204660E+04
 .95165240E+03  .39605620E+03  .53175250E+06  .23983340E+07 -.73816340E-01  .41967350E+04
 .96218510E+03  .38211850E+03  .47339480E+06  .24533240E+07 -.66666690E-01  .41780090E+04
 .97166480E+03  .36861880E+03  .41709500E+06  .24950430E+07 -.59764850E-01  .41634590E+04
 .98012280E+03  .35555660E+03  .36278730E+06  .25220470E+07 -.53029720E-01  .41521680E+04
 .98757820E+03  .34292720E+03  .31040640E+06  .25324050E+07 -.46385730E-01  .41432150E+04
 .99404000E+03  .33072310E+03  .25988790E+06  .25237250E+07 -.39772750E-01  .41358770E+04
 .99950970E+03  .31893440E+03  .21116870E+06  .24931490E+07 -.33151060E-01  .41296270E+04
 .10039820E+04  .30754970E+03  .16418730E+06  .24373280E+07 -.26447940E-01  .41237830E+04
 .10074290E+04  .29655600E+03  .11888420E+06  .23530660E+07 -.19442050E-01  .41177190E+04
 .10097770E+04  .28593970E+03  .75201670E+05  .22394520E+07 -.11679710E-01  .41116590E+04
 .10108570E+04  .27568960E+03  .33083990E+05  .21009180E+07 -.23852980E-02  .41066740E+04
 .10103520E+04  .26579840E+03 -.75231490E+04  .19505650E+07  .97377810E-02  .41047870E+04
 .31882640E+03  .64884440E+03  .21086980E+07  .12578940E+06 -.36997830E+00  .39595450E+06
 .29883270E+03  .64893800E+03  .21450360E+07  .12697440E+06 -.34415410E+00  .36657500E+06
 .28026710E+03  .64905010E+03  .21813790E+07  .12930510E+06 -.31906320E+00  .28132340E+06
 .26307740E+03  .64920590E+03  .22177300E+07  .13258440E+06 -.29505330E+00  .19378720E+06
 .24719790E+03  .64943680E+03  .22540920E+07  .13669440E+06 -.27228830E+00  .12972260E+06
 .23255580E+03  .64977940E+03  .22904690E+07  .14154780E+06 -.25087390E+00  .88480700E+05
 .21907330E+03  .65027240E+03  .23268700E+07  .14706330E+06 -.23089010E+00  .62643010E+05
 .20666850E+03  .65095470E+03  .23633030E+07  .15315630E+06 -.21238660E+00  .46181770E+05
 .19525810E+03  .65186290E+03  .23997810E+07  .15973770E+06 -.19537340E+00  .35343160E+05
 .18475940E+03  .65303120E+03  .24363170E+07  .16671660E+06 -.17981850E+00  .27939140E+05
 .17509250E+03  .65449070E+03  .24729260E+07  .17400590E+06 -.16565350E+00  .22697970E+05
 .16618210E+03  .65626980E+03  .25096250E+07  .18152850E+06 -.15278380E+00  .18865340E+05
 .15795860E+03  .65839540E+03  .25464340E+07  .18922640E+06 -.14110080E+00  .15980970E+05
 .15035870E+03  .66089230E+03  .25833730E+07  .19707140E+06 -.13049260E+00  .13755250E+05
 .15035870E+03  .66089230E+03  .25833730E+07  .19707140E+06 -.13049260E+00  .13755250E+05
 .13588590E+03  .66770320E+03  .26630180E+07  .21464090E+06 -.11171380E+00  .10112960E+05
 .12342670E+03  .67666170E+03  .27436580E+07  .23618260E+06 -.96547770E-01  .80632460E+04
 .11259270E+03  .68800150E+03  .28255120E+07  .26018800E+06 -.84432340E-01  .65077030E+04
 .10308130E+03  .70217290E+03  .29088920E+07  .28586630E+06 -.74371400E-01  .53624440E+04
 .94687190E+02  .71950930E+03  .29941600E+07  .31255960E+06 -.65730530E-01  .45482260E+04
 .87262890E+02  .74016000E+03  .30817070E+07  .33976200E+06 -.58173660E-01  .39796320E+04
 .80687280E+02  .76414130E+03  .31719320E+07  .36722460E+06 -.51574140E-01  .35760710E+04
 .74849500E+02  .79143970E+03  .32652340E+07  .39495580E+06 -.45862280E-01  .32803630E+04
 .69649210E+02  .82202950E+03  .33620090E+07  .42300360E+06 -.40927830E-01  .30622310E+04
 .65000920E+02  .85582020E+03  .34626490E+07  .45133970E+06 -.36642080E-01  .29061470E+04
 .60833260E+02  .89263730E+03  .35675270E+07  .47990580E+06 -.32903880E-01  .27997170E+04
 .57084770E+02  .93227090E+03  .36769940E+07  .50868860E+06 -.29646750E-01  .27301310E+04
 .53700810E+02  .97454130E+03  .37913770E+07  .53773860E+06 -.26820440E-01  .26856360E+04
 .50632580E+02  .10193340E+04  .39109850E+07  .56714910E+06 -.24376160E-01  .26572630E+04
 .47837250E+02  .10665990E+04  .40361160E+07  .59703360E+06 -.22263870E-01  .26390710E+04
 .45277910E+02  .11163380E+04  .41670680E+07  .62751480E+06 -.20435330E-01  .26274200E+04
 .10000000E+02  .28000000E+02  .00000000E+00  .14000000E+02  .17000000E+02  .70908650E+04
 .31890580E+03  .64888070E+03  .21087290E+07  .12584270E+06 -.36998400E+00  .38681070E+06
 .34034870E+03  .64878130E+03  .20723940E+07  .12616270E+06 -.39571210E+00  .33257230E+06
 .36319330E+03  .64865080E+03  .20360660E+07  .12857900E+06 -.41967090E+00  .22749520E+06
 .38726640E+03  .64844050E+03  .19997470E+07  .13399160E+06 -.43902660E+00  .13210130E+06
 .41221280E+03  .64806600E+03  .19634440E+07  .14353160E+06 -.45029970E+00  .73378380E+05
 .43750070E+03  .64740730E+03  .19271690E+07  .15829090E+06 -.45099390E+00  .42916280E+05
 .46253280E+03  .64633580E+03  .18909420E+07  .17943970E+06 -.44191080E+00  .27483400E+05
 .48692130E+03  .64474150E+03  .18547890E+07  .21346790E+06 -.42874330E+00  .19160520E+05
 .51052720E+03  .64254970E+03  .18187420E+07  .26023360E+06 -.41413130E+00  .14374770E+05
 .53326950E+03  .63973760E+03  .17828350E+07  .31563770E+06 -.39761220E+00  .11503820E+05
 .53326950E+03  .63973760E+03  .17828350E+07  .31563770E+06 -.39761220E+00  .11503820E+05
 .58826720E+03  .62966090E+03  .16875920E+07  .42290020E+06 -.32792130E+00  .83447290E+04
 .63304520E+03  .61751400E+03  .15942420E+07  .56453360E+06 -.28468100E+00  .69398710E+04
 .67332640E+03  .60340030E+03  .15026560E+07  .72349590E+06 -.25339410E+00  .61170990E+04
 .70929890E+03  .58807370E+03  .14132830E+07  .88652720E+06 -.22690630E+00  .55872120E+04
 .74158190E+03  .57194770E+03  .13262730E+07  .10533260E+07 -.20410320E+00  .52281730E+04
 .77068810E+03  .55534960E+03  .12417220E+07  .12209550E+07 -.18446370E+00  .49746010E+04
 .79705250E+03  .53852710E+03  .11596800E+07  .13851120E+07 -.16745370E+00  .47885540E+04
 .82102920E+03  .52166330E+03  .10801660E+07  .15418890E+07 -.15254600E+00  .46477820E+04
 .84289940E+03  .50489430E+03  .10031760E+07  .16886920E+07 -.13930460E+00  .45389220E+04
 .86288750E+03  .48832150E+03  .92868750E+06  .18242720E+07 -.12740530E+00  .44534400E+04
 .88117610E+03  .47202070E+03  .85666560E+06  .19482940E+07 -.11661170E+00  .43854590E+04
 .89791720E+03  .45604710E+03  .78706490E+06  .20608590E+07 -.10674380E+00  .43307490E+04
 .91323820E+03  .44044030E+03  .71983310E+06  .21621600E+07 -.97653020E-01  .42862830E+04
 .92724550E+03  .42522800E+03  .65491310E+06  .22522940E+07 -.89210070E-01  .42499770E+04
 .94002780E+03  .41042920E+03  .59224410E+06  .23311600E+07 -.81298990E-01  .42204430E+04
 .95165660E+03  .39605700E+03  .53176300E+06  .23984090E+07 -.73815640E-01  .41967140E+04
 .96218910E+03  .38211920E+03  .47340520E+06  .24533970E+07 -.66666140E-01  .41779890E+04
 .97166880E+03  .36861950E+03  .41710530E+06  .24951140E+07 -.59764480E-01  .41634400E+04
 .98012680E+03  .35555720E+03  .36279750E+06  .25221160E+07 -.53029520E-01  .41521490E+04
 .98758220E+03  .34292770E+03  .31041650E+06  .25324720E+07 -.46385720E-01  .41431950E+04
 .99404400E+03  .33072350E+03  .25989790E+06  .25237880E+07 -.39772950E-01  .41358570E+04
 .99951370E+03  .31893480E+03  .21117870E+06  .24932090E+07 -.33151520E-01  .41296070E+04
 .10039860E+04  .30755000E+03  .16419730E+06  .24373830E+07 -.26448720E-01  .41237610E+04
 .10074340E+04  .29655620E+03  .11889410E+06  .23531150E+07 -.19443250E-01  .41176940E+04
 .10097810E+04  .28593980E+03  .75211580E+05  .22394950E+07 -.11681400E-01  .41116280E+04
 .10108620E+04  .27568970E+03  .33093890E+05  .21009530E+07 -.23875260E-02  .41066330E+04
 .10103570E+04  .26579820E+03 -.75132510E+04  .19505940E+07  .97351710E-02  .41047270E+04
 .31890580E+03  .64888070E+03  .21087290E+07  .12584270E+06 -.36998400E+00  .38681070E+06
 .29891150E+03  .64897660E+03  .21450690E+07  .12702150E+06 -.34417400E+00  .35895490E+06
 .28034450E+03  .64909080E+03  .21814150E+07  .12934710E+06 -.31909340E+00  .27694930E+06
 .26315280E+03  .64924850E+03  .22177680E+07  .13262210E+06 -.29509100E+00  .19178320E+06
 .24727100E+03  .64948140E+03  .22541320E+07  .13672820E+06 -.27233130E+00  .12886750E+06
 .23262650E+03  .64982570E+03  .22905120E+07  .14157820E+06 -.25092020E+00  .88106720E+05
 .21914130E+03  .65032050E+03  .23269150E+07  .14709070E+06 -.23093810E+00  .62468400E+05
 .20673380E+03  .65100440E+03  .23633510E+07  .15318090E+06 -.21243500E+00  .46093850E+05
 .19532070E+03  .65191410E+03  .23998320E+07  .15975980E+06 -.19542100E+00  .35295580E+05
 .18481940E+03  .65308390E+03  .24363710E+07  .16673670E+06 -.17986440E+00  .27911690E+05
 .17515000E+03  .65454470E+03  .24729830E+07  .17402450E+06 -.16569720E+00  .22681270E+05
 .16623710E+03  .65632520E+03  .25096860E+07  .18154620E+06 -.15282510E+00  .18854760E+05
 .15801140E+03  .65845190E+03  .25464980E+07  .18924420E+06 -.14113950E+00  .15974050E+05
 .15040950E+03  .66095000E+03  .25834390E+07  .19709060E+06 -.13052900E+00  .13750620E+05
 .15040950E+03  .66095000E+03  .25834390E+07  .19709060E+06 -.13052900E+00  .13750620E+05
 .13593250E+03  .66776370E+03  .26630910E+07  .21467170E+06 -.11175020E+00  .10110460E+05
 .12346900E+03  .67672510E+03  .27437390E+07  .23622200E+06 -.96581990E-01  .80615420E+04
 .11263120E+03  .68806810E+03  .28256010E+07  .26023250E+06 -.84463070E-01  .65066170E+04
 .10311620E+03  .70224290E+03  .29089890E+07  .28591340E+06 -.74398200E-01  .53618210E+04
 .94719180E+02  .71958260E+03  .29942660E+07  .31260790E+06 -.65753570E-01  .45479180E+04
 .87292310E+02  .74023630E+03  .30818220E+07  .33981080E+06 -.58193400E-01  .39795190E+04
 .80714510E+02  .76422050E+03  .31720560E+07  .36727350E+06 -.51591190E-01  .35760630E+04
 .74874820E+02  .79152150E+03  .32653670E+07  .39500500E+06 -.45877180E-01  .32804100E+04
 .69672850E+02  .82211380E+03  .33621530E+07  .42305350E+06 -.40940960E-01  .30623140E+04
 .65023080E+02  .85590690E+03  .34628030E+07  .45139030E+06 -.36653720E-01  .29062550E+04
 .60854100E+02  .89272620E+03  .35676910E+07  .47995730E+06 -.32914250E-01  .27998410E+04
 .57104430E+02  .93236190E+03  .36771700E+07  .50874110E+06 -.29656060E-01  .27302620E+04
 .53719400E+02  .97463430E+03  .37915640E+07  .53779210E+06 -.26828860E-01  .26857670E+04
 .50650210E+02  .10194290E+04  .39111830E+07  .56720370E+06 -.24383840E-01  .26573880E+04
 .47854000E+02  .10666960E+04  .40363250E+07  .59708940E+06 -.22270930E-01  .26391870E+04
 .45293840E+02  .11164380E+04  .41672890E+07  .62757200E+06 -.20441850E-01  .26275260E+04
 .10000000E+02  .28000000E+02  .00000000E+00  .14000000E+02  .17000000E+02  .70908650E+04
 .31898530E+03  .64891710E+03  .21087600E+07  .12589600E+06 -.36998970E+00  .37808260E+06
 .34042790E+03  .64881540E+03  .20724240E+07  .12622380E+06 -.39569820E+00  .32581630E+06
 .36327110E+03  .64868260E+03  .20360940E+07  .12865000E+06 -.41963050E+00  .22409220E+06
 .38734100E+03  .64846980E+03  .19997730E+07  .13407460E+06 -.43895420E+00  .13084230E+06
 .41228250E+03  .64809250E+03  .19634680E+07  .14362830E+06 -.45019580E+00  .72957150E+05
 .43756390E+03  .64743090E+03  .19271920E+07  .15840120E+06 -.45086820E+00  .42767480E+05
 .46258850E+03  .64635640E+03  .18909630E+07  .17956370E+06 -.44175930E+00  .27426740E+05
 .48696810E+03  .64475960E+03  .18548100E+07  .21356800E+06 -.42858410E+00  .19136940E+05
 .51056560E+03  .64256560E+03  .18187620E+07  .26033130E+06 -.41399350E+00  .14363490E+05
 .53330120E+03  .63975160E+03  .17828540E+07  .31575560E+06 -.39751040E+00  .11497400E+05
 .53330120E+03  .63975160E+03  .17828540E+07  .31575560E+06 -.39751040E+00  .11497400E+05
 .58829080E+03  .62967050E+03  .16876090E+07  .42311720E+06 -.32790670E+00  .83416870E+04
 .63306290E+03  .61752110E+03  .15942580E+07  .56466000E+06 -.28464810E+00  .69390030E+04
 .67334020E+03  .60340590E+03  .15026700E+07  .72361360E+06 -.25337360E+00  .61166340E+04
 .70931010E+03  .58807820E+03  .14132970E+07  .88663890E+06 -.22689230E+00  .55869290E+04
 .74159140E+03  .57195140E+03  .13262870E+07  .10534340E+07 -.20409320E+00  .52279870E+04
 .77069640E+03  .55535270E+03  .12417350E+07  .12210600E+07 -.18445630E+00  .49744710E+04
 .79705970E+03  .53852980E+03  .11596920E+07  .13852150E+07 -.16744810E+00  .47884590E+04
 .82103560E+03  .52166560E+03  .10801780E+07  .15419890E+07 -.15254170E+00  .46477090E+04
 .84290530E+03  .50489620E+03  .10031880E+07  .16887880E+07 -.13930130E+00  .45388650E+04
 .86289300E+03  .48832320E+03  .92869910E+06  .18243650E+07 -.12740260E+00  .44533950E+04
 .88118130E+03  .47202220E+03  .85667690E+06  .19483840E+07 -.11660960E+00  .43854210E+04
 .89792210E+03  .45604840E+03  .78707610E+06  .20609450E+07 -.10674210E+00  .43307160E+04
 .91324280E+03  .44044140E+03  .71984410E+06  .21622430E+07 -.97651660E-01  .42862540E+04
 .92725000E+03  .42522900E+03  .65492390E+06  .22523740E+07 -.89208960E-01  .42499520E+04
 .94003200E+03  .41043010E+03  .59225470E+06  .23312370E+07 -.81298090E-01  .42204200E+04
 .95166080E+03  .39605780E+03  .53177350E+06  .23984850E+07 -.73814930E-01  .41966930E+04
 .96219320E+03  .38211990E+03  .47341560E+06  .24534700E+07 -.66665600E-01  .41779690E+04
 .97167290E+03  .36862010E+03  .41711560E+06  .24951850E+07 -.59764110E-01  .41634210E+04
 .98013070E+03  .35555770E+03  .36280770E+06  .25221840E+07 -.53029320E-01  .41521300E+04
 .98758620E+03  .34292820E+03  .31042660E+06  .25325390E+07 -.46385710E-01  .41431760E+04
 .99404800E+03  .33072390E+03  .25990800E+06  .25238520E+07 -.39773150E-01  .41358370E+04
 .99951770E+03  .31893510E+03  .21118870E+06  .24932690E+07 -.33151980E-01  .41295860E+04
 .10039900E+04  .30755030E+03  .16420730E+06  .24374390E+07 -.26449500E-01  .41237390E+04
 .10074380E+04  .29655630E+03  .11890410E+06  .23531650E+07 -.19444440E-01  .41176690E+04
 .10097860E+04  .28593990E+03  .75221480E+05  .22395370E+07 -.11683100E-01  .41115970E+04
 .10108670E+04  .27568970E+03  .33103780E+05  .21009880E+07 -.23897550E-02  .41065920E+04
 .10103620E+04  .26579820E+03 -.75033540E+04  .19506240E+07  .97325600E-02  .41046670E+04
 .31898530E+03  .64891710E+03  .21087600E+07  .12589600E+06 -.36998970E+00  .37808260E+06
 .29899020E+03  .64901510E+03  .21451020E+07  .12706860E+06 -.34419380E+00  .35164770E+06
 .28042180E+03  .64913130E+03  .21814500E+07  .12938910E+06 -.31912350E+00  .27271050E+06
 .26322820E+03  .64929110E+03  .22178060E+07  .13265970E+06 -.29512860E+00  .18982090E+06
 .24734420E+03  .64952590E+03  .22541720E+07  .13676200E+06 -.27237420E+00  .12802390E+06
 .23269710E+03  .64987210E+03  .22905550E+07  .14160860E+06 -.25096650E+00  .87735980E+05
 .21920920E+03  .65036860E+03  .23269610E+07  .14711800E+06 -.23098610E+00  .62294810E+05
 .20679910E+03  .65105410E+03  .23634000E+07  .15320550E+06 -.21248330E+00  .46006300E+05
 .19538330E+03  .65196530E+03  .23998830E+07  .15978200E+06 -.19546850E+00  .35248140E+05
 .18487940E+03  .65313650E+03  .24364250E+07  .16675680E+06 -.17991030E+00  .27884310E+05
 .17520740E+03  .65459870E+03  .24730400E+07  .17404300E+06 -.16574090E+00  .22664610E+05
 .16629220E+03  .65638040E+03  .25097460E+07  .18156390E+06 -.15286630E+00  .18844190E+05
 .15806420E+03  .65850840E+03  .25465610E+07  .18926200E+06 -.14117830E+00  .15967130E+05
 .15046020E+03  .66100760E+03  .25835060E+07  .19710980E+06 -.13056540E+00  .13746000E+05
 .15046020E+03  .66100760E+03  .25835060E+07  .19710980E+06 -.13056540E+00  .13746000E+05
 .13597910E+03  .66782420E+03  .26631650E+07  .21470250E+06 -.11178650E+00  .10107960E+05
 .12351140E+03  .67678840E+03  .27438200E+07  .23626150E+06 -.96616200E-01  .80598380E+04
 .11266960E+03  .68813470E+03  .28256890E+07  .26027700E+06 -.84493790E-01  .65055310E+04
 .10315120E+03  .70231280E+03  .29090860E+07  .28596050E+06 -.74424990E-01  .53611980E+04
 .94751170E+02  .71965580E+03  .29943710E+07  .31265630E+06 -.65776610E-01  .45476110E+04
 .87321740E+02  .74031270E+03  .30819360E+07  .33985950E+06 -.58213130E-01  .39794050E+04
 .80741740E+02  .76429970E+03  .31721800E+07  .36732240E+06 -.51608230E-01  .35760540E+04
 .74900140E+02  .79160340E+03  .32655010E+07  .39505420E+06 -.45892070E-01  .32804580E+04
 .69696490E+02  .82219820E+03  .33622960E+07  .42310330E+06 -.40954090E-01  .30623970E+04
 .65045230E+02  .85599350E+03  .34629560E+07  .45144100E+06 -.36665360E-01  .29063630E+04
 .60874930E+02  .89281510E+03  .35678560E+07  .48000880E+06 -.32924620E-01  .27999650E+04
 .57124080E+02  .93245280E+03  .36773450E+07  .50879350E+06 -.29665370E-01  .27303930E+04
 .53738000E+02  .97472720E+03  .37917500E+07  .53784550E+06 -.26837270E-01  .26858970E+04
 .50667840E+02  .10195240E+04  .39113800E+07  .56725830E+06 -.24391510E-01  .26575130E+04
 .47870750E+02  .10667940E+04  .40365340E+07  .59714530E+06 -.22277980E-01  .26393030E+04
 .45309780E+02  .11165380E+04  .41675090E+07  .62762920E+06 -.20448380E-01  .26276320E+04
 .10000000E+02  .28000000E+02  .00000000E+00  .14000000E+02  .17000000E+02  .70908650E+04
 .31906470E+03  .64895340E+03  .21087920E+07  .12594930E+06 -.36999530E+00  .36974230E+06
 .34050710E+03  .64884960E+03  .20724530E+07  .12628490E+06 -.39568410E+00  .31933120E+06
 .36334880E+03  .64871440E+03  .20361210E+07  .12872100E+06 -.41959000E+00  .22079040E+06
 .38741560E+03  .64849900E+03  .19997990E+07  .13415770E+06 -.43888180E+00  .12960760E+06
 .41235210E+03  .64811900E+03  .19634920E+07  .14372500E+06 -.45009190E+00  .72540950E+05
 .43762700E+03  .64745450E+03  .19272150E+07  .15851150E+06 -.45074260E+00  .42619820E+05
 .46264420E+03  .64637710E+03  .18909850E+07  .17968710E+06 -.44160820E+00  .27370340E+05
 .48701490E+03  .64477760E+03  .18548300E+07  .21366760E+06 -.42842510E+00  .19113440E+05
 .51060400E+03  .64258150E+03  .18187810E+07  .26042880E+06 -.41385590E+00  .14352240E+05
 .53333280E+03  .63976560E+03  .17828730E+07  .31587320E+06 -.39740860E+00  .11491000E+05
 .53333280E+03  .63976560E+03  .17828730E+07  .31587320E+06 -.39740860E+00  .11491000E+05
 .58831450E+03  .62967990E+03  .16876260E+07  .42333410E+06 -.32789210E+00  .83386470E+04
 .63308060E+03  .61752830E+03  .15942740E+07  .56478640E+06 -.28461520E+00  .69381370E+04
 .67335410E+03  .60341150E+03  .15026850E+07  .72373130E+06 -.25335310E+00  .61161690E+04
 .70932140E+03  .58808280E+03  .14133110E+07  .88675050E+06 -.22687830E+00  .55866460E+04
 .74160090E+03  .57195510E+03  .13263000E+07  .10535420E+07 -.20408310E+00  .52278010E+04
 .77070450E+03  .55535580E+03  .12417480E+07  .12211650E+07 -.18444880E+00  .49743420E+04
 .79706700E+03  .53853240E+03  .11597050E+07  .13853180E+07 -.16744250E+00  .47883650E+04
 .82104220E+03  .52166790E+03  .10801900E+07  .15420880E+07 -.15253740E+00  .46476380E+04
 .84291130E+03  .50489820E+03  .10031990E+07  .16888850E+07 -.13929800E+00  .45388090E+04
 .86289850E+03  .48832490E+03  .92871070E+06  .18244580E+07 -.12740010E+00  .44533480E+04
 .88118650E+03  .47202370E+03  .85668830E+06  .19484730E+07 -.11660760E+00  .43853830E+04
 .89792690E+03  .45604970E+03  .78708720E+06  .20610310E+07 -.10674040E+00  .43306840E+04
 .91324740E+03  .44044260E+03  .71985500E+06  .21623260E+07 -.97650300E-01  .42862260E+04
 .92725440E+03  .42523000E+03  .65493460E+06  .22524540E+07 -.89207840E-01  .42499270E+04
 .94003630E+03  .41043110E+03  .59226530E+06  .23313150E+07 -.81297200E-01  .42203980E+04
 .95166490E+03  .39605860E+03  .53178400E+06  .23985600E+07 -.73814210E-01  .41966730E+04
 .96219730E+03  .38212070E+03  .47342600E+06  .24535430E+07 -.66665070E-01  .41779490E+04
 .97167690E+03  .36862070E+03  .41712590E+06  .24952560E+07 -.59763740E-01  .41634020E+04
 .98013470E+03  .35555830E+03  .36281790E+06  .25222530E+07 -.53029120E-01  .41521110E+04
 .98759010E+03  .34292870E+03  .31043680E+06  .25326050E+07 -.46385690E-01  .41431570E+04
 .99405190E+03  .33072430E+03  .25991800E+06  .25239160E+07 -.39773350E-01  .41358180E+04
 .99952170E+03  .31893540E+03  .21119870E+06  .24933290E+07 -.33152430E-01  .41295660E+04
 .10039940E+04  .30755050E+03  .16421720E+06  .24374950E+07 -.26450280E-01  .41237170E+04
 .10074420E+04  .29655650E+03  .11891400E+06  .23532150E+07 -.19445640E-01  .41176440E+04
 .10097900E+04  .28594000E+03  .75231380E+05  .22395800E+07 -.11684790E-01  .41115660E+04
 .10108720E+04  .27568970E+03  .33113670E+05  .21010240E+07 -.23919830E-02  .41065500E+04
 .10103680E+04  .26579810E+03 -.74934570E+04  .19506540E+07  .97299510E-02  .41046070E+04
 .31906470E+03  .64895340E+03  .21087920E+07  .12594930E+06 -.36999530E+00  .36974230E+06
 .29906880E+03  .64905360E+03  .21451360E+07  .12711570E+06 -.34421350E+00  .34463450E+06
 .28049900E+03  .64917190E+03  .21814860E+07  .12943100E+06 -.31915350E+00  .26860090E+06
 .26330350E+03  .64933370E+03  .22178440E+07  .13269730E+06 -.29516610E+00  .18789890E+06
 .24741730E+03  .64957040E+03  .22542130E+07  .13679580E+06 -.27241690E+00  .12719150E+06
 .23276770E+03  .64991840E+03  .22905980E+07  .14163890E+06 -.25101270E+00  .87368460E+05
 .21927720E+03  .65041660E+03  .23270070E+07  .14714520E+06 -.23103410E+00  .62122230E+05
 .20686430E+03  .65110380E+03  .23634480E+07  .15323000E+06 -.21253160E+00  .45919100E+05
 .19544590E+03  .65201650E+03  .23999340E+07  .15980410E+06 -.19551600E+00  .35200850E+05
 .18493930E+03  .65318910E+03  .24364790E+07  .16677690E+06 -.17995620E+00  .27857000E+05
 .17526490E+03  .65465260E+03  .24730970E+07  .17406150E+06 -.16578460E+00  .22647990E+05
 .16634730E+03  .65643570E+03  .25098060E+07  .18158160E+06 -.15290760E+00  .18833640E+05
 .15811710E+03  .65856490E+03  .25466240E+07  .18927990E+06 -.14121710E+00  .15960240E+05
 .15051090E+03  .66106530E+03  .25835720E+07  .19712910E+06 -.13060190E+00  .13741390E+05
 .15051090E+03  .66106530E+03  .25835720E+07  .19712910E+06 -.13060190E+00  .13741390E+05
 .13602560E+03  .66788460E+03  .26632380E+07  .21473340E+06 -.11182290E+00  .10105450E+05
 .12355370E+03  .67685170E+03  .27439010E+07  .23630100E+06 -.96650410E-01  .80581350E+04
 .11270800E+03  .68820120E+03  .28257780E+07  .26032150E+06 -.84524510E-01  .65044460E+04
 .10318620E+03  .70238280E+03  .29091830E+07  .28600760E+06 -.74451770E-01  .53605760E+04
 .94783150E+02  .71972910E+03  .29944770E+07  .31270460E+06 -.65799640E-01  .45473040E+04
 .87351170E+02  .74038900E+03  .30820510E+07  .33990820E+06 -.58232860E-01  .39792920E+04
 .80768960E+02  .76437880E+03  .31723030E+07  .36737120E+06 -.51625260E-01  .35760460E+04
 .74925450E+02  .79168520E+03  .32656340E+07  .39510340E+06 -.45906960E-01  .32805050E+04
 .69720120E+02  .82228250E+03  .33624400E+07  .42315320E+06 -.40967220E-01  .30624790E+04
 .65067380E+02  .85608020E+03  .34631100E+07  .45149160E+06 -.36677000E-01  .29064700E+04
 .60895760E+02  .89290390E+03  .35680200E+07  .48006030E+06 -.32934990E-01  .28000890E+04
 .57143740E+02  .93254380E+03  .36775200E+07  .50884590E+06 -.29674670E-01  .27305240E+04
 .53756590E+02  .97482010E+03  .37919360E+07  .53789890E+06 -.26845690E-01  .26860280E+04
 .50685470E+02  .10196190E+04  .39115770E+07  .56731280E+06 -.24399180E-01  .26576380E+04
 .47887490E+02  .10668910E+04  .40367430E+07  .59720100E+06 -.22285020E-01  .26394190E+04
 .45325710E+02  .11166370E+04  .41677300E+07  .62768630E+06 -.20454900E-01  .26277380E+04
 .10000000E+02  .28000000E+02  .00000000E+00  .14000000E+02  .17000000E+02  .70908650E+04
 .31914410E+03  .64898980E+03  .21088230E+07  .12600260E+06 -.37000070E+00  .36176470E+06
 .34058630E+03  .64888370E+03  .20724820E+07  .12634600E+06 -.39566990E+00  .31310100E+06
 .36342650E+03  .64874610E+03  .20361490E+07  .12879200E+06 -.41954940E+00  .21758540E+06
 .38749010E+03  .64852830E+03  .19998240E+07  .13424080E+06 -.43880930E+00  .12839640E+06
 .41242160E+03  .64814540E+03  .19635160E+07  .14382170E+06 -.44998800E+00  .72129710E+05
 .43769000E+03  .64747800E+03  .19272370E+07  .15862170E+06 -.45061700E+00  .42473290E+05
 .46269980E+03  .64639770E+03  .18910070E+07  .17981000E+06 -.44145750E+00  .27314200E+05
 .48706170E+03  .64479570E+03  .18548510E+07  .21376700E+06 -.42826620E+00  .19090020E+05
 .51064240E+03  .64259740E+03  .18188010E+07  .26052600E+06 -.41371830E+00  .14341020E+05
 .53336450E+03  .63977950E+03  .17828910E+07  .31599050E+06 -.39730690E+00  .11484620E+05
 .53336450E+03  .63977950E+03  .17828910E+07  .31599050E+06 -.39730690E+00  .11484620E+05
 .58833810E+03  .62968940E+03  .16876430E+07  .42355100E+06 -.32787750E+00  .83356130E+04
 .63309830E+03  .61753530E+03  .15942900E+07  .56491290E+06 -.28458230E+00  .69372710E+04
 .67336790E+03  .60341710E+03  .15027000E+07  .72384890E+06 -.25333270E+00  .61157050E+04
 .70933270E+03  .58808730E+03  .14133250E+07  .88686210E+06 -.22686430E+00  .55863630E+04
 .74161040E+03  .57195880E+03  .13263140E+07  .10536500E+07 -.20407300E+00  .52276150E+04
 .77071270E+03  .55535890E+03  .12417610E+07  .12212710E+07 -.18444140E+00  .49742120E+04
 .79707420E+03  .53853500E+03  .11597170E+07  .13854200E+07 -.16743690E+00  .47882700E+04
 .82104860E+03  .52167020E+03  .10802020E+07  .15421880E+07 -.15253320E+00  .46475650E+04
 .84291720E+03  .50490010E+03  .10032110E+07  .16889810E+07 -.13929470E+00  .45387510E+04
 .86290390E+03  .48832660E+03  .92872230E+06  .18245510E+07 -.12739740E+00  .44533020E+04
 .88119160E+03  .47202510E+03  .85669970E+06  .19485620E+07 -.11660550E+00  .43853450E+04
 .89793180E+03  .45605110E+03  .78709830E+06  .20611170E+07 -.10673870E+00  .43306510E+04
 .91325200E+03  .44044380E+03  .71986600E+06  .21624090E+07 -.97648930E-01  .42861980E+04
 .92725890E+03  .42523110E+03  .65494540E+06  .22525340E+07 -.89206730E-01  .42499020E+04
 .94004060E+03  .41043200E+03  .59227600E+06  .23313920E+07 -.81296290E-01  .42203750E+04
 .95166910E+03  .39605940E+03  .53179450E+06  .23986350E+07 -.73813510E-01  .41966520E+04
 .96220140E+03  .38212140E+03  .47343640E+06  .24536160E+07 -.66664530E-01  .41779300E+04
 .97168080E+03  .36862140E+03  .41713620E+06  .24953270E+07 -.59763370E-01  .41633830E+04
 .98013870E+03  .35555880E+03  .36282810E+06  .25223220E+07 -.53028920E-01  .41520920E+04
 .98759410E+03  .34292920E+03  .31044690E+06  .25326720E+07 -.46385680E-01  .41431380E+04
 .99405590E+03  .33072470E+03  .25992810E+06  .25239790E+07 -.39773550E-01  .41357980E+04
 .99952580E+03  .31893570E+03  .21120870E+06  .24933890E+07 -.33152890E-01  .41295450E+04
 .10039980E+04  .30755080E+03  .16422720E+06  .24375500E+07 -.26451060E-01  .41236940E+04
 .10074460E+04  .29655670E+03  .11892390E+06  .23532640E+07 -.19446830E-01  .41176190E+04
 .10097950E+04  .28594020E+03  .75241280E+05  .22396230E+07 -.11686490E-01  .41115360E+04
 .10108770E+04  .27568970E+03  .33123560E+05  .21010590E+07 -.23942110E-02  .41065090E+04
 .10103730E+04  .26579800E+03 -.74835600E+04  .19506830E+07  .97273400E-02  .41045460E+04
 .31914410E+03  .64898980E+03  .21088230E+07  .12600260E+06 -.37000070E+00  .36176470E+06
 .29914750E+03  .64909200E+03  .21451690E+07  .12716270E+06 -.34423320E+00  .33789800E+06
 .28057630E+03  .64921250E+03  .21815220E+07  .12947300E+06 -.31918350E+00  .26461480E+06
 .26337890E+03  .64937630E+03  .22178820E+07  .13273490E+06 -.29520360E+00  .18601610E+06
 .24749040E+03  .64961490E+03  .22542530E+07  .13682960E+06 -.27245970E+00  .12637010E+06
 .23283830E+03  .64996470E+03  .22906410E+07  .14166930E+06 -.25105880E+00  .87004100E+05
 .21934520E+03  .65046470E+03  .23270520E+07  .14717250E+06 -.23108200E+00  .61950650E+05
 .20692960E+03  .65115340E+03  .23634960E+07  .15325450E+06 -.21257980E+00  .45832260E+05
 .19550850E+03  .65206770E+03  .23999860E+07  .15982610E+06 -.19556340E+00  .35153700E+05
 .18499930E+03  .65324180E+03  .24365330E+07  .16679690E+06 -.18000200E+00  .27829750E+05
 .17532230E+03  .65470660E+03  .24731540E+07  .17408010E+06 -.16582830E+00  .22631400E+05
 .16640240E+03  .65649100E+03  .25098660E+07  .18159930E+06 -.15294880E+00  .18823110E+05
 .15816990E+03  .65862140E+03  .25466870E+07  .18929770E+06 -.14125580E+00  .15953340E+05
 .15056160E+03  .66112290E+03  .25836390E+07  .19714830E+06 -.13063830E+00  .13736790E+05
 .15056160E+03  .66112290E+03  .25836390E+07  .19714830E+06 -.13063830E+00  .13736790E+05
 .13607220E+03  .66794500E+03  .26633120E+07  .21476430E+06 -.11185930E+00  .10102950E+05
 .12359600E+03  .67691500E+03  .27439820E+07  .23634050E+06 -.96684620E-01  .80564320E+04
 .11274640E+03  .68826780E+03  .28258670E+07  .26036610E+06 -.84555220E-01  .65033620E+04
 .10322120E+03  .70245270E+03  .29092800E+07  .28605470E+06 -.74478550E-01  .53599550E+04
 .94815120E+02  .71980230E+03  .29945820E+07  .31275290E+06 -.65822660E-01  .45469970E+04
 .87380580E+02  .74046530E+03  .30821650E+07  .33995690E+06 -.58252580E-01  .39791790E+04
 .80796170E+02  .76445790E+03  .31724270E+07  .36742010E+06 -.51642290E-01  .35760380E+04
 .74950760E+02  .79176690E+03  .32657680E+07  .39515260E+06 -.45921840E-01  .32805530E+04
 .69743750E+02  .82236680E+03  .33625830E+07  .42320300E+06 -.40980340E-01  .30625620E+04
 .65089530E+02  .85616680E+03  .34632640E+07  .45154220E+06 -.36688630E-01  .29065780E+04
 .60916590E+02  .89299270E+03  .35681840E+07  .48011180E+06 -.32945360E-01  .28002130E+04
 .57163390E+02  .93263460E+03  .36776950E+07  .50889830E+06 -.29683970E-01  .27306550E+04
 .53775180E+02  .97491300E+03  .37921220E+07  .53795240E+06 -.26854100E-01  .26861580E+04
 .50703090E+02  .10197140E+04  .39117750E+07  .56736740E+06 -.24406860E-01  .26577620E+04
 .47904240E+02  .10669880E+04  .40369520E+07  .59725680E+06 -.22292070E-01  .26395350E+04
 .45341640E+02  .11167370E+04  .41679510E+07  .62774340E+06 -.20461420E-01  .26278440E+04
 .10000000E+02  .28000000E+02  .00000000E+00  .14000000E+02  .17000000E+02  .70908650E+04
 .31922340E+03  .64902610E+03  .21088540E+07  .12605590E+06 -.37000620E+00  .35412650E+06
 .34066540E+03  .64891780E+03  .20725120E+07  .12640710E+06 -.39565570E+00  .30711100E+06
 .36350410E+03  .64877790E+03  .20361760E+07  .12886300E+06 -.41950870E+00  .21447300E+06
 .38756460E+03  .64855750E+03  .19998500E+07  .13432390E+06 -.43873670E+00  .12720800E+06
 .41249110E+03  .64817190E+03  .19635410E+07  .14391840E+06 -.44988420E+00  .71723320E+05
 .43775310E+03  .64750150E+03  .19272600E+07  .15873200E+06 -.45049150E+00  .42327870E+05
 .46275540E+03  .64641830E+03  .18910280E+07  .17993230E+06 -.44130720E+00  .27258310E+05
 .48710850E+03  .64481370E+03  .18548710E+07  .21386590E+06 -.42810760E+00  .19066690E+05
 .51068080E+03  .64261320E+03  .18188200E+07  .26062290E+06 -.41358080E+00  .14329830E+05
 .53339610E+03  .63979350E+03  .17829100E+07  .31610770E+06 -.39720510E+00  .11478250E+05
 .53339610E+03  .63979350E+03  .17829100E+07  .31610770E+06 -.39720510E+00  .11478250E+05
 .58836170E+03  .62969890E+03  .16876600E+07  .42376780E+06 -.32786290E+00  .83325820E+04
 .63311600E+03  .61754240E+03  .15943050E+07  .56503940E+06 -.28454950E+00  .69364060E+04
 .67338170E+03  .60342270E+03  .15027150E+07  .72396660E+06 -.25331220E+00  .61152410E+04
 .70934390E+03  .58809170E+03  .14133390E+07  .88697380E+06 -.22685030E+00  .55860810E+04
 .74161990E+03  .57196250E+03  .13263270E+07  .10537580E+07 -.20406290E+00  .52274290E+04
 .77072090E+03  .55536200E+03  .12417740E+07  .12213760E+07 -.18443390E+00  .49740830E+04
 .79708140E+03  .53853770E+03  .11597300E+07  .13855230E+07 -.16743130E+00  .47881760E+04
 .82105510E+03  .52167240E+03  .10802140E+07  .15422880E+07 -.15252890E+00  .46474940E+04
 .84292310E+03  .50490210E+03  .10032230E+07  .16890780E+07 -.13929140E+00  .45386950E+04
 .86290940E+03  .48832830E+03  .92873380E+06  .18246440E+07 -.12739490E+00  .44532560E+04
 .88119670E+03  .47202670E+03  .85671100E+06  .19486520E+07 -.11660340E+00  .43853060E+04
 .89793660E+03  .45605240E+03  .78710940E+06  .20612030E+07 -.10673700E+00  .43306190E+04
 .91325670E+03  .44044490E+03  .71987690E+06  .21624920E+07 -.97647570E-01  .42861700E+04
 .92726330E+03  .42523210E+03  .65495630E+06  .22526140E+07 -.89205620E-01  .42498770E+04
 .94004490E+03  .41043290E+03  .59228660E+06  .23314690E+07 -.81295400E-01  .42203530E+04
 .95167330E+03  .39606030E+03  .53180500E+06  .23987100E+07 -.73812800E-01  .41966310E+04
 .96220540E+03  .38212210E+03  .47344680E+06  .24536890E+07 -.66664000E-01  .41779100E+04
 .97168490E+03  .36862200E+03  .41714650E+06  .24953980E+07 -.59763000E-01  .41633640E+04
 .98014260E+03  .35555940E+03  .36283830E+06  .25223910E+07 -.53028720E-01  .41520730E+04
 .98759800E+03  .34292960E+03  .31045700E+06  .25327380E+07 -.46385660E-01  .41431190E+04
 .99405990E+03  .33072510E+03  .25993820E+06  .25240430E+07 -.39773750E-01  .41357780E+04
 .99952970E+03  .31893610E+03  .21121870E+06  .24934490E+07 -.33153350E-01  .41295240E+04
 .10040020E+04  .30755110E+03  .16423710E+06  .24376060E+07 -.26451840E-01  .41236720E+04
 .10074510E+04  .29655690E+03  .11893380E+06  .23533140E+07 -.19448020E-01  .41175940E+04
 .10097990E+04  .28594020E+03  .75251190E+05  .22396660E+07 -.11688180E-01  .41115050E+04
 .10108810E+04  .27568980E+03  .33133450E+05  .21010950E+07 -.23964400E-02  .41064680E+04
 .10103780E+04  .26579790E+03 -.74736620E+04  .19507130E+07  .97247300E-02  .41044860E+04
 .31922340E+03  .64902610E+03  .21088540E+07  .12605590E+06 -.37000620E+00  .35412650E+06
 .29922610E+03  .64913050E+03  .21452030E+07  .12720980E+06 -.34425280E+00  .33142200E+06
 .28065350E+03  .64925300E+03  .21815570E+07  .12951500E+06 -.31921340E+00  .26074650E+06
 .26345420E+03  .64941880E+03  .22179200E+07  .13277250E+06 -.29524100E+00  .18417130E+06
 .24756340E+03  .64965940E+03  .22542940E+07  .13686330E+06 -.27250240E+00  .12555950E+06
 .23290890E+03  .65001100E+03  .22906840E+07  .14169960E+06 -.25110500E+00  .86642870E+05
 .21941310E+03  .65051270E+03  .23270980E+07  .14719970E+06 -.23112980E+00  .61780070E+05
 .20699480E+03  .65120300E+03  .23635450E+07  .15327900E+06 -.21262800E+00  .45745780E+05
 .19557100E+03  .65211890E+03  .24000370E+07  .15984820E+06 -.19561090E+00  .35106690E+05
 .18505920E+03  .65329430E+03  .24365870E+07  .16681690E+06 -.18004790E+00  .27802560E+05
 .17537980E+03  .65476060E+03  .24732110E+07  .17409850E+06 -.16587200E+00  .22614840E+05
 .16645740E+03  .65654620E+03  .25099260E+07  .18161700E+06 -.15299010E+00  .18812600E+05
 .15822270E+03  .65867790E+03  .25467510E+07  .18931550E+06 -.14129460E+00  .15946470E+05
 .15061240E+03  .66118050E+03  .25837050E+07  .19716760E+06 -.13067470E+00  .13732190E+05
 .15061240E+03  .66118050E+03  .25837050E+07  .19716760E+06 -.13067470E+00  .13732190E+05
 .13611880E+03  .66800540E+03  .26633850E+07  .21479530E+06 -.11189570E+00  .10100440E+05
 .12363830E+03  .67697830E+03  .27440630E+07  .23638000E+06 -.96718830E-01  .80547300E+04
 .11278480E+03  .68833430E+03  .28259560E+07  .26041060E+06 -.84585930E-01  .65022790E+04
 .10325610E+03  .70252260E+03  .29093770E+07  .28610180E+06 -.74505320E-01  .53593340E+04
 .94847100E+02  .71987550E+03  .29946880E+07  .31280130E+06 -.65845680E-01  .45466910E+04
 .87410000E+02  .74054160E+03  .30822790E+07  .34000560E+06 -.58272290E-01  .39790660E+04
 .80823390E+02  .76453700E+03  .31725510E+07  .36746890E+06 -.51659320E-01  .35760300E+04
 .74976060E+02  .79184860E+03  .32659010E+07  .39520180E+06 -.45936730E-01  .32806010E+04
 .69767380E+02  .82245100E+03  .33627260E+07  .42325280E+06 -.40993470E-01  .30626450E+04
 .65111670E+02  .85625340E+03  .34634170E+07  .45159280E+06 -.36700260E-01  .29066860E+04
 .60937420E+02  .89308150E+03  .35683480E+07  .48016320E+06 -.32955720E-01  .28003370E+04
 .57183040E+02  .93272550E+03  .36778700E+07  .50895070E+06 -.29693270E-01  .27307860E+04
 .53793770E+02  .97500590E+03  .37923080E+07  .53800580E+06 -.26862520E-01  .26862880E+04
 .50720720E+02  .10198090E+04  .39119720E+07  .56742190E+06 -.24414520E-01  .26578870E+04
 .47920980E+02  .10670850E+04  .40371610E+07  .59731260E+06 -.22299120E-01  .26396510E+04
 .45357570E+02  .11168360E+04  .41681710E+07  .62780060E+06 -.20467940E-01  .26279490E+04
 .10000000E+02  .28000000E+02  .00000000E+00  .14000000E+02  .17000000E+02  .70908650E+04
 .31930270E+03  .64906240E+03  .21088860E+07  .12610920E+06 -.37001150E+00  .34680660E+06
 .34074450E+03  .64895190E+03  .20725410E+07  .12646830E+06 -.39564130E+00  .30134750E+06
 .36358170E+03  .64880960E+03  .20362040E+07  .12893410E+06 -.41946800E+00  .21144930E+06
 .38763900E+03  .64858670E+03  .19998760E+07  .13440700E+06 -.43866420E+00  .12604190E+06
 .41256060E+03  .64819830E+03  .19635650E+07  .14401510E+06 -.44978030E+00  .71321710E+05
 .43781600E+03  .64752500E+03  .19272830E+07  .15884230E+06 -.45036620E+00  .42183550E+05
 .46281100E+03  .64643900E+03  .18910500E+07  .18005410E+06 -.44115730E+00  .27202680E+05
 .48715520E+03  .64483180E+03  .18548920E+07  .21396450E+06 -.42794910E+00  .19043430E+05
 .51071910E+03  .64262910E+03  .18188400E+07  .26071960E+06 -.41344340E+00  .14318680E+05
 .53342780E+03  .63980750E+03  .17829290E+07  .31622450E+06 -.39710340E+00  .11471900E+05
 .53342780E+03  .63980750E+03  .17829290E+07  .31622450E+06 -.39710340E+00  .11471900E+05
 .58838530E+03  .62970840E+03  .16876770E+07  .42398460E+06 -.32784830E+00  .83295550E+04
 .63313370E+03  .61754950E+03  .15943210E+07  .56516580E+06 -.28451660E+00  .69355410E+04
 .67339550E+03  .60342820E+03  .15027300E+07  .72408430E+06 -.25329180E+00  .61147770E+04
 .70935520E+03  .58809630E+03  .14133530E+07  .88708540E+06 -.22683630E+00  .55857980E+04
 .74162940E+03  .57196620E+03  .13263410E+07  .10538660E+07 -.20405280E+00  .52272430E+04
 .77072910E+03  .55536510E+03  .12417870E+07  .12214810E+07 -.18442650E+00  .49739530E+04
 .79708860E+03  .53854030E+03  .11597420E+07  .13856260E+07 -.16742570E+00  .47880810E+04
 .82106160E+03  .52167470E+03  .10802270E+07  .15423880E+07 -.15252470E+00  .46474210E+04
 .84292900E+03  .50490410E+03  .10032350E+07  .16891740E+07 -.13928810E+00  .45386380E+04
 .86291490E+03  .48833000E+03  .92874540E+06  .18247370E+07 -.12739220E+00  .44532100E+04
 .88120180E+03  .47202820E+03  .85672240E+06  .19487410E+07 -.11660130E+00  .43852680E+04
 .89794150E+03  .45605370E+03  .78712060E+06  .20612890E+07 -.10673540E+00  .43305860E+04
 .91326130E+03  .44044610E+03  .71988790E+06  .21625750E+07 -.97646210E-01  .42861420E+04
 .92726770E+03  .42523320E+03  .65496700E+06  .22526940E+07 -.89204510E-01  .42498520E+04
 .94004920E+03  .41043380E+03  .59229730E+06  .23315470E+07 -.81294510E-01  .42203300E+04
 .95167740E+03  .39606110E+03  .53181550E+06  .23987850E+07 -.73812090E-01  .41966100E+04
 .96220950E+03  .38212280E+03  .47345720E+06  .24537620E+07 -.66663460E-01  .41778900E+04
 .97168880E+03  .36862260E+03  .41715680E+06  .24954690E+07 -.59762630E-01  .41633450E+04
 .98014660E+03  .35555990E+03  .36284850E+06  .25224600E+07 -.53028520E-01  .41520550E+04
 .98760190E+03  .34293010E+03  .31046710E+06  .25328050E+07 -.46385650E-01  .41431000E+04
 .99406380E+03  .33072550E+03  .25994820E+06  .25241070E+07 -.39773950E-01  .41357590E+04
 .99953380E+03  .31893640E+03  .21122870E+06  .24935090E+07 -.33153800E-01  .41295040E+04
 .10040060E+04  .30755130E+03  .16424710E+06  .24376610E+07 -.26452630E-01  .41236500E+04
 .10074550E+04  .29655710E+03  .11894380E+06  .23533640E+07 -.19449220E-01  .41175680E+04
 .10098040E+04  .28594040E+03  .75261090E+05  .22397080E+07 -.11689880E-01  .41114740E+04
 .10108860E+04  .27568980E+03  .33143350E+05  .21011300E+07 -.23986680E-02  .41064270E+04
 .10103830E+04  .26579780E+03 -.74637650E+04  .19507430E+07  .97221190E-02  .41044260E+04
 .31930270E+03  .64906240E+03  .21088860E+07  .12610920E+06 -.37001150E+00  .34680660E+06
 .29930470E+03  .64916890E+03  .21452360E+07  .12725690E+06 -.34427230E+00  .32519180E+06
 .28073070E+03  .64929350E+03  .21815930E+07  .12955690E+06 -.31924330E+00  .25699110E+06
 .26352950E+03  .64946140E+03  .22179580E+07  .13281010E+06 -.29527840E+00  .18236320E+06
 .24763650E+03  .64970380E+03  .22543340E+07  .13689700E+06 -.27254510E+00  .12475940E+06
 .23297950E+03  .65005730E+03  .22907270E+07  .14172980E+06 -.25115100E+00  .86284730E+05
 .21948100E+03  .65056070E+03  .23271430E+07  .14722690E+06 -.23117760E+00  .61610470E+05
 .20706010E+03  .65125260E+03  .23635930E+07  .15330340E+06 -.21267620E+00  .45659640E+05
 .19563360E+03  .65217000E+03  .24000880E+07  .15987020E+06 -.19565830E+00  .35059830E+05
 .18511920E+03  .65334690E+03  .24366410E+07  .16683690E+06 -.18009360E+00  .27775450E+05
 .17543720E+03  .65481450E+03  .24732680E+07  .17411700E+06 -.16591560E+00  .22598310E+05
 .16651250E+03  .65660140E+03  .25099860E+07  .18163470E+06 -.15303130E+00  .18802110E+05
 .15827550E+03  .65873430E+03  .25468140E+07  .18933340E+06 -.14133330E+00  .15939600E+05
 .15066310E+03  .66123820E+03  .25837710E+07  .19718690E+06 -.13071110E+00  .13727590E+05
 .15066310E+03  .66123820E+03  .25837710E+07  .19718690E+06 -.13071110E+00  .13727590E+05
 .13616530E+03  .66806580E+03  .26634590E+07  .21482630E+06 -.11193210E+00  .10097940E+05
 .12368060E+03  .67704160E+03  .27441440E+07  .23641960E+06 -.96753040E-01  .80530290E+04
 .11282320E+03  .68840080E+03  .28260440E+07  .26045520E+06 -.84616620E-01  .65011960E+04
 .10329110E+03  .70259240E+03  .29094730E+07  .28614880E+06 -.74532090E-01  .53587130E+04
 .94879070E+02  .71994870E+03  .29947930E+07  .31284960E+06 -.65868680E-01  .45463850E+04
 .87439400E+02  .74061790E+03  .30823940E+07  .34005430E+06 -.58292010E-01  .39789530E+04
 .80850600E+02  .76461610E+03  .31726750E+07  .36751770E+06 -.51676340E-01  .35760220E+04
 .75001370E+02  .79193040E+03  .32660340E+07  .39525090E+06 -.45951610E-01  .32806480E+04
 .69791000E+02  .82253520E+03  .33628700E+07  .42330260E+06 -.41006580E-01  .30627270E+04
 .65133820E+02  .85634000E+03  .34635710E+07  .45164340E+06 -.36711890E-01  .29067940E+04
 .60958240E+02  .89317020E+03  .35685120E+07  .48021470E+06 -.32966090E-01  .28004610E+04
 .57202680E+02  .93281620E+03  .36780440E+07  .50900310E+06 -.29702570E-01  .27309170E+04
 .53812350E+02  .97509870E+03  .37924940E+07  .53805920E+06 -.26870930E-01  .26864190E+04
 .50738340E+02  .10199040E+04  .39121690E+07  .56747640E+06 -.24422190E-01  .26580110E+04
 .47937720E+02  .10671820E+04  .40373690E+07  .59736830E+06 -.22306160E-01  .26397670E+04
 .45373500E+02  .11169360E+04  .41683920E+07  .62785770E+06 -.20474450E-01  .26280550E+04
 .10000000E+02  .28000000E+02  .00000000E+00  .14000000E+02  .17000000E+02  .70908650E+04
 .31938200E+03  .64909870E+03  .21089170E+07  .12616250E+06 -.37001680E+00  .33978550E+06
 .34082360E+03  .64898600E+03  .20725710E+07  .12652940E+06 -.39562690E+00  .29579790E+06
 .36365920E+03  .64884140E+03  .20362310E+07  .12900510E+06 -.41942720E+00  .20851040E+06
 .38771340E+03  .64861580E+03  .19999020E+07  .13449020E+06 -.43859150E+00  .12489740E+06
 .41263000E+03  .64822470E+03  .19635890E+07  .14411180E+06 -.44967650E+00  .70924800E+05
 .43787900E+03  .64754850E+03  .19273060E+07  .15895260E+06 -.45024090E+00  .42040320E+05
 .46286650E+03  .64645950E+03  .18910720E+07  .18017540E+06 -.44100790E+00  .27147300E+05
 .48720190E+03  .64484980E+03  .18549120E+07  .21406270E+06 -.42779080E+00  .19020260E+05
 .51075750E+03  .64264500E+03  .18188590E+07  .26081600E+06 -.41330610E+00  .14307560E+05
 .53345940E+03  .63982140E+03  .17829480E+07  .31634120E+06 -.39700170E+00  .11465560E+05
 .53345940E+03  .63982140E+03  .17829480E+07  .31634120E+06 -.39700170E+00  .11465560E+05
 .58840890E+03  .62971780E+03  .16876940E+07  .42420120E+06 -.32783370E+00  .83265310E+04
 .63315140E+03  .61755660E+03  .15943370E+07  .56529230E+06 -.28448380E+00  .69346770E+04
 .67340930E+03  .60343380E+03  .15027450E+07  .72420190E+06 -.25327130E+00  .61143140E+04
 .70936650E+03  .58810080E+03  .14133670E+07  .88719690E+06 -.22682230E+00  .55855150E+04
 .74163890E+03  .57196990E+03  .13263540E+07  .10539740E+07 -.20404280E+00  .52270570E+04
 .77073720E+03  .55536820E+03  .12418000E+07  .12215860E+07 -.18441900E+00  .49738240E+04
 .79709580E+03  .53854300E+03  .11597550E+07  .13857280E+07 -.16742010E+00  .47879860E+04
 .82106810E+03  .52167690E+03  .10802390E+07  .15424870E+07 -.15252040E+00  .46473500E+04
 .84293490E+03  .50490600E+03  .10032470E+07  .16892700E+07 -.13928480E+00  .45385820E+04
 .86292040E+03  .48833180E+03  .92875700E+06  .18248300E+07 -.12738970E+00  .44531640E+04
 .88120700E+03  .47202970E+03  .85673370E+06  .19488300E+07 -.11659920E+00  .43852290E+04
 .89794640E+03  .45605500E+03  .78713180E+06  .20613750E+07 -.10673370E+00  .43305540E+04
 .91326590E+03  .44044730E+03  .71989880E+06  .21626580E+07 -.97644840E-01  .42861130E+04
 .92727220E+03  .42523420E+03  .65497780E+06  .22527740E+07 -.89203400E-01  .42498270E+04
 .94005350E+03  .41043480E+03  .59230790E+06  .23316240E+07 -.81293610E-01  .42203080E+04
 .95168160E+03  .39606190E+03  .53182600E+06  .23988600E+07 -.73811370E-01  .41965890E+04
 .96221360E+03  .38212350E+03  .47346760E+06  .24538350E+07 -.66662920E-01  .41778710E+04
 .97169290E+03  .36862330E+03  .41716710E+06  .24955400E+07 -.59762260E-01  .41633260E+04
 .98015060E+03  .35556050E+03  .36285870E+06  .25225290E+07 -.53028320E-01  .41520360E+04
 .98760590E+03  .34293060E+03  .31047730E+06  .25328710E+07 -.46385640E-01  .41430810E+04
 .99406770E+03  .33072590E+03  .25995830E+06  .25241710E+07 -.39774150E-01  .41357390E+04
 .99953780E+03  .31893670E+03  .21123870E+06  .24935690E+07 -.33154260E-01  .41294830E+04
 .10040100E+04  .30755160E+03  .16425700E+06  .24377170E+07 -.26453410E-01  .41236280E+04
 .10074590E+04  .29655730E+03  .11895370E+06  .23534130E+07 -.19450410E-01  .41175430E+04
 .10098080E+04  .28594050E+03  .75270990E+05  .22397510E+07 -.11691570E-01  .41114430E+04
 .10108910E+04  .27568980E+03  .33153240E+05  .21011660E+07 -.24008970E-02  .41063850E+04
 .10103880E+04  .26579770E+03 -.74538680E+04  .19507730E+07  .97195100E-02  .41043660E+04
 .31938200E+03  .64909870E+03  .21089170E+07  .12616250E+06 -.37001680E+00  .33978550E+06
 .29938330E+03  .64920740E+03  .21452700E+07  .12730400E+06 -.34429180E+00  .31919360E+06
 .28080790E+03  .64933400E+03  .21816290E+07  .12959890E+06 -.31927310E+00  .25334350E+06
 .26360480E+03  .64950380E+03  .22179960E+07  .13284770E+06 -.29531570E+00  .18059090E+06
 .24770950E+03  .64974820E+03  .22543740E+07  .13693080E+06 -.27258770E+00  .12396970E+06
 .23305000E+03  .65010360E+03  .22907700E+07  .14176010E+06 -.25119700E+00  .85929630E+05
 .21954900E+03  .65060860E+03  .23271890E+07  .14725410E+06 -.23122540E+00  .61441840E+05
 .20712530E+03  .65130220E+03  .23636410E+07  .15332780E+06 -.21272430E+00  .45573860E+05
 .19569610E+03  .65222110E+03  .24001390E+07  .15989220E+06 -.19570560E+00  .35013110E+05
 .18517910E+03  .65339940E+03  .24366950E+07  .16685690E+06 -.18013940E+00  .27748390E+05
 .17549460E+03  .65486830E+03  .24733250E+07  .17413550E+06 -.16595930E+00  .22581820E+05
 .16656750E+03  .65665660E+03  .25100460E+07  .18165230E+06 -.15307250E+00  .18791630E+05
 .15832840E+03  .65879070E+03  .25468770E+07  .18935120E+06 -.14137200E+00  .15932740E+05
 .15071380E+03  .66129570E+03  .25838380E+07  .19720620E+06 -.13074760E+00  .13723000E+05
 .15071380E+03  .66129570E+03  .25838380E+07  .19720620E+06 -.13074760E+00  .13723000E+05
 .13621190E+03  .66812620E+03  .26635320E+07  .21485740E+06 -.11196850E+00  .10095430E+05
 .12372290E+03  .67710490E+03  .27442250E+07  .23645920E+06 -.96787240E-01  .80513280E+04
 .11286160E+03  .68846720E+03  .28261330E+07  .26049980E+06 -.84647320E-01  .65001150E+04
 .10332600E+03  .70266230E+03  .29095700E+07  .28619590E+06 -.74558850E-01  .53580940E+04
 .94911030E+02  .72002190E+03  .29948990E+07  .31289790E+06 -.65891690E-01  .45460790E+04
 .87468800E+02  .74069410E+03  .30825080E+07  .34010300E+06 -.58311710E-01  .39788410E+04
 .80877810E+02  .76469520E+03  .31727980E+07  .36756650E+06 -.51693360E-01  .35760140E+04
 .75026660E+02  .79201200E+03  .32661680E+07  .39530010E+06 -.45966480E-01  .32806960E+04
 .69814630E+02  .82261930E+03  .33630130E+07  .42335240E+06 -.41019700E-01  .30628100E+04
 .65155950E+02  .85642650E+03  .34637240E+07  .45169390E+06 -.36723520E-01  .29069020E+04
 .60979070E+02  .89325890E+03  .35686760E+07  .48026610E+06 -.32976450E-01  .28005850E+04
 .57222330E+02  .93290700E+03  .36782190E+07  .50905540E+06 -.29711870E-01  .27310480E+04
 .53830940E+02  .97519140E+03  .37926790E+07  .53811260E+06 -.26879340E-01  .26865490E+04
 .50755960E+02  .10199980E+04  .39123660E+07  .56753090E+06 -.24429860E-01  .26581360E+04
 .47954460E+02  .10672790E+04  .40375780E+07  .59742400E+06 -.22313210E-01  .26398830E+04
 .45389420E+02  .11170350E+04  .41686120E+07  .62791480E+06 -.20480970E-01  .26281610E+04
 .10000000E+02  .28000000E+02  .00000000E+00  .14000000E+02  .17000000E+02  .70908650E+04
 .31946120E+03  .64913490E+03  .21089480E+07  .12621580E+06 -.37002190E+00  .33304520E+06
 .34090260E+03  .64902000E+03  .20726000E+07  .12659060E+06 -.39561240E+00  .29045070E+06
 .36373670E+03  .64887300E+03  .20362590E+07  .12907620E+06 -.41938630E+00  .20565300E+06
 .38778770E+03  .64864500E+03  .19999280E+07  .13457330E+06 -.43851890E+00  .12377400E+06
 .41269940E+03  .64825120E+03  .19636130E+07  .14420850E+06 -.44957270E+00  .70532480E+05
 .43794190E+03  .64757200E+03  .19273290E+07  .15906280E+06 -.45011570E+00  .41898160E+05
 .46292200E+03  .64648010E+03  .18910930E+07  .18029600E+06 -.44085880E+00  .27092170E+05
 .48724860E+03  .64486790E+03  .18549330E+07  .21416060E+06 -.42763270E+00  .18997160E+05
 .51079580E+03  .64266080E+03  .18188790E+07  .26091210E+06 -.41316880E+00  .14296470E+05
 .53349100E+03  .63983540E+03  .17829660E+07  .31645760E+06 -.39690000E+00  .11459240E+05
 .53349100E+03  .63983540E+03  .17829660E+07  .31645760E+06 -.39690000E+00  .11459240E+05
 .58843240E+03  .62972730E+03  .16877110E+07  .42441780E+06 -.32781910E+00  .83235120E+04
 .63316910E+03  .61756370E+03  .15943530E+07  .56541880E+06 -.28445100E+00  .69338130E+04
 .67342310E+03  .60343940E+03  .15027600E+07  .72431960E+06 -.25325090E+00  .61138510E+04
 .70937770E+03  .58810530E+03  .14133810E+07  .88730860E+06 -.22680830E+00  .55852330E+04
 .74164840E+03  .57197360E+03  .13263680E+07  .10540820E+07 -.20403270E+00  .52268710E+04
 .77074540E+03  .55537130E+03  .12418130E+07  .12216920E+07 -.18441160E+00  .49736940E+04
 .79710300E+03  .53854560E+03  .11597670E+07  .13858310E+07 -.16741450E+00  .47878920E+04
 .82107460E+03  .52167920E+03  .10802510E+07  .15425870E+07 -.15251610E+00  .46472770E+04
 .84294090E+03  .50490800E+03  .10032590E+07  .16893670E+07 -.13928150E+00  .45385250E+04
 .86292590E+03  .48833350E+03  .92876860E+06  .18249220E+07 -.12738700E+00  .44531180E+04
 .88121210E+03  .47203120E+03  .85674510E+06  .19489200E+07 -.11659720E+00  .43851910E+04
 .89795120E+03  .45605630E+03  .78714290E+06  .20614610E+07 -.10673200E+00  .43305210E+04
 .91327050E+03  .44044850E+03  .71990980E+06  .21627400E+07 -.97643480E-01  .42860850E+04
 .92727660E+03  .42523520E+03  .65498860E+06  .22528540E+07 -.89202290E-01  .42498020E+04
 .94005770E+03  .41043570E+03  .59231850E+06  .23317020E+07 -.81292710E-01  .42202850E+04
 .95168580E+03  .39606270E+03  .53183650E+06  .23989350E+07 -.73810670E-01  .41965680E+04
 .96221770E+03  .38212430E+03  .47347800E+06  .24539080E+07 -.66662380E-01  .41778510E+04
 .97169690E+03  .36862390E+03  .41717730E+06  .24956110E+07 -.59761890E-01  .41633070E+04
 .98015450E+03  .35556100E+03  .36286890E+06  .25225970E+07 -.53028130E-01  .41520170E+04
 .98760990E+03  .34293110E+03  .31048740E+06  .25329380E+07 -.46385630E-01  .41430620E+04
 .99407170E+03  .33072630E+03  .25996830E+06  .25242340E+07 -.39774350E-01  .41357190E+04
 .99954170E+03  .31893710E+03  .21124870E+06  .24936300E+07 -.33154720E-01  .41294630E+04
 .10040140E+04  .30755180E+03  .16426700E+06  .24377720E+07 -.26454190E-01  .41236060E+04
 .10074630E+04  .29655750E+03  .11896360E+06  .23534630E+07 -.19451600E-01  .41175180E+04
 .10098130E+04  .28594060E+03  .75280900E+05  .22397940E+07 -.11693260E-01  .41114120E+04
 .10108960E+04  .27568980E+03  .33163130E+05  .21012010E+07 -.24031250E-02  .41063440E+04
 .10103930E+04  .26579760E+03 -.74439710E+04  .19508030E+07  .97168990E-02  .41043060E+04
 .31946120E+03  .64913490E+03  .21089480E+07  .12621580E+06 -.37002190E+00  .33304520E+06
 .29946190E+03  .64924580E+03  .21453030E+07  .12735100E+06 -.34431120E+00  .31341470E+06
 .28088500E+03  .64937450E+03  .21816640E+07  .12964080E+06 -.31930270E+00  .24979930E+06
 .26368010E+03  .64954630E+03  .22180340E+07  .13288520E+06 -.29535290E+00  .17885330E+06
 .24778250E+03  .64979270E+03  .22544150E+07  .13696450E+06 -.27263020E+00  .12319020E+06
 .23312050E+03  .65014980E+03  .22908130E+07  .14179030E+06 -.25124300E+00  .85577530E+05
 .21961690E+03  .65065660E+03  .23272340E+07  .14728120E+06 -.23127310E+00  .61274180E+05
 .20719050E+03  .65135180E+03  .23636900E+07  .15335220E+06 -.21277240E+00  .45488430E+05
 .19575870E+03  .65227220E+03  .24001900E+07  .15991410E+06 -.19575290E+00  .34966520E+05
 .18523900E+03  .65345200E+03  .24367490E+07  .16687680E+06 -.18018520E+00  .27721400E+05
 .17555200E+03  .65492220E+03  .24733820E+07  .17415390E+06 -.16600290E+00  .22565360E+05
 .16662260E+03  .65671170E+03  .25101060E+07  .18167000E+06 -.15311370E+00  .18781180E+05
 .15838120E+03  .65884700E+03  .25469400E+07  .18936910E+06 -.14141080E+00  .15925890E+05
 .15076450E+03  .66135330E+03  .25839040E+07  .19722550E+06 -.13078400E+00  .13718420E+05
 .15076450E+03  .66135330E+03  .25839040E+07  .19722550E+06 -.13078400E+00  .13718420E+05
 .13625840E+03  .66818650E+03  .26636060E+07  .21488850E+06 -.11200490E+00  .10092930E+05
 .12376520E+03  .67716800E+03  .27443050E+07  .23649880E+06 -.96821450E-01  .80496270E+04
 .11290000E+03  .68853370E+03  .28262210E+07  .26054430E+06 -.84678000E-01  .64990340E+04
 .10336090E+03  .70273210E+03  .29096670E+07  .28624300E+06 -.74585590E-01  .53574740E+04
 .94942990E+02  .72009500E+03  .29950040E+07  .31294620E+06 -.65914680E-01  .45457740E+04
 .87498210E+02  .74077030E+03  .30826230E+07  .34015170E+06 -.58331410E-01  .39787290E+04
 .80905010E+02  .76477420E+03  .31729220E+07  .36761530E+06 -.51710370E-01  .35760060E+04
 .75051960E+02  .79209370E+03  .32663010E+07  .39534930E+06 -.45981360E-01  .32807440E+04
 .69838240E+02  .82270350E+03  .33631560E+07  .42340210E+06 -.41032810E-01  .30628930E+04
 .65178090E+02  .85651290E+03  .34638780E+07  .45174450E+06 -.36735140E-01  .29070100E+04
 .60999890E+02  .89334760E+03  .35688400E+07  .48031750E+06 -.32986810E-01  .28007090E+04
 .57241970E+02  .93299770E+03  .36783940E+07  .50910780E+06 -.29721170E-01  .27311790E+04
 .53849520E+02  .97528420E+03  .37928650E+07  .53816590E+06 -.26887750E-01  .26866790E+04
 .50773580E+02  .10200930E+04  .39125630E+07  .56758540E+06 -.24437530E-01  .26582600E+04
 .47971200E+02  .10673760E+04  .40377860E+07  .59747980E+06 -.22320250E-01  .26399980E+04
 .45405350E+02  .11171350E+04  .41688320E+07  .62797180E+06 -.20487490E-01  .26282660E+04
 .10000000E+02  .28000000E+02  .00000000E+00  .14000000E+02  .17000000E+02  .70908650E+04
 .31954050E+03  .64917120E+03  .21089800E+07  .12626910E+06 -.37002700E+00  .32656920E+06
 .34098160E+03  .64905400E+03  .20726290E+07  .12665180E+06 -.39559780E+00  .28529480E+06
 .36381410E+03  .64890470E+03  .20362860E+07  .12914730E+06 -.41934540E+00  .20287350E+06
 .38786200E+03  .64867420E+03  .19999530E+07  .13465650E+06 -.43844620E+00  .12267090E+06
 .41276870E+03  .64827750E+03  .19636380E+07  .14430520E+06 -.44946890E+00  .70144700E+05
 .43800470E+03  .64759550E+03  .19273520E+07  .15917310E+06 -.44999050E+00  .41757070E+05
 .46297740E+03  .64650070E+03  .18911150E+07  .18041620E+06 -.44071010E+00  .27037290E+05
 .48729530E+03  .64488580E+03  .18549530E+07  .21425810E+06 -.42747490E+00  .18974150E+05
 .51083410E+03  .64267660E+03  .18188990E+07  .26100790E+06 -.41303170E+00  .14285420E+05
 .53352260E+03  .63984930E+03  .17829850E+07  .31657370E+06 -.39679830E+00  .11452930E+05
 .53352260E+03  .63984930E+03  .17829850E+07  .31657370E+06 -.39679830E+00  .11452930E+05
 .58845600E+03  .62973680E+03  .16877280E+07  .42463440E+06 -.32780460E+00  .83204950E+04
 .63318670E+03  .61757080E+03  .15943690E+07  .56554520E+06 -.28441820E+00  .69329510E+04
 .67343690E+03  .60344490E+03  .15027740E+07  .72443720E+06 -.25323050E+00  .61133870E+04
 .70938900E+03  .58810980E+03  .14133950E+07  .88742020E+06 -.22679430E+00  .55849510E+04
 .74165780E+03  .57197740E+03  .13263810E+07  .10541900E+07 -.20402260E+00  .52266860E+04
 .77075360E+03  .55537450E+03  .12418260E+07  .12217970E+07 -.18440420E+00  .49735650E+04
 .79711020E+03  .53854820E+03  .11597800E+07  .13859340E+07 -.16740890E+00  .47877970E+04
 .82108110E+03  .52168150E+03  .10802630E+07  .15426870E+07 -.15251190E+00  .46472060E+04
 .84294680E+03  .50490990E+03  .10032710E+07  .16894630E+07 -.13927820E+00  .45384680E+04
 .86293130E+03  .48833520E+03  .92878020E+06  .18250150E+07 -.12738450E+00  .44530720E+04
 .88121720E+03  .47203270E+03  .85675640E+06  .19490090E+07 -.11659510E+00  .43851530E+04
 .89795610E+03  .45605770E+03  .78715400E+06  .20615470E+07 -.10673030E+00  .43304890E+04
 .91327510E+03  .44044960E+03  .71992080E+06  .21628230E+07 -.97642120E-01  .42860570E+04
 .92728100E+03  .42523630E+03  .65499940E+06  .22529340E+07 -.89201180E-01  .42497770E+04
 .94006210E+03  .41043660E+03  .59232910E+06  .23317790E+07 -.81291820E-01  .42202630E+04
 .95168990E+03  .39606350E+03  .53184710E+06  .23990100E+07 -.73809960E-01  .41965470E+04
 .96222170E+03  .38212500E+03  .47348840E+06  .24539810E+07 -.66661840E-01  .41778310E+04
 .97170090E+03  .36862450E+03  .41718760E+06  .24956820E+07 -.59761520E-01  .41632870E+04
 .98015850E+03  .35556160E+03  .36287910E+06  .25226660E+07 -.53027920E-01  .41519980E+04
 .98761380E+03  .34293150E+03  .31049750E+06  .25330040E+07 -.46385610E-01  .41430420E+04
 .99407570E+03  .33072670E+03  .25997840E+06  .25242980E+07 -.39774550E-01  .41357000E+04
 .99954580E+03  .31893740E+03  .21125870E+06  .24936900E+07 -.33155180E-01  .41294420E+04
 .10040180E+04  .30755210E+03  .16427700E+06  .24378280E+07 -.26454970E-01  .41235840E+04
 .10074680E+04  .29655770E+03  .11897350E+06  .23535130E+07 -.19452800E-01  .41174930E+04
 .10098170E+04  .28594070E+03  .75290800E+05  .22398370E+07 -.11694960E-01  .41113810E+04
 .10109000E+04  .27568980E+03  .33173020E+05  .21012370E+07 -.24053540E-02  .41063030E+04
 .10103980E+04  .26579750E+03 -.74340730E+04  .19508320E+07  .97142900E-02  .41042460E+04
 .31954050E+03  .64917120E+03  .21089800E+07  .12626910E+06 -.37002700E+00  .32656920E+06
 .29954030E+03  .64928420E+03  .21453360E+07  .12739810E+06 -.34433050E+00  .30784330E+06
 .28096210E+03  .64941500E+03  .21817000E+07  .12968280E+06 -.31933240E+00  .24635410E+06
 .26375530E+03  .64958880E+03  .22180720E+07  .13292280E+06 -.29539000E+00  .17714930E+06
 .24785550E+03  .64983700E+03  .22544550E+07  .13699810E+06 -.27267270E+00  .12242060E+06
 .23319110E+03  .65019600E+03  .22908550E+07  .14182060E+06 -.25128890E+00  .85228410E+05
 .21968480E+03  .65070460E+03  .23272800E+07  .14730830E+06 -.23132080E+00  .61107480E+05
 .20725570E+03  .65140140E+03  .23637380E+07  .15337650E+06 -.21282040E+00  .45403340E+05
 .19582120E+03  .65232330E+03  .24002410E+07  .15993600E+06 -.19580030E+00  .34920080E+05
 .18529900E+03  .65350450E+03  .24368030E+07  .16689670E+06 -.18023090E+00  .27694470E+05
 .17560950E+03  .65497610E+03  .24734390E+07  .17417240E+06 -.16604650E+00  .22548930E+05
 .16667760E+03  .65676690E+03  .25101660E+07  .18168770E+06 -.15315490E+00  .18770740E+05
 .15843400E+03  .65890340E+03  .25470030E+07  .18938690E+06 -.14144950E+00  .15919050E+05
 .15081520E+03  .66141080E+03  .25839700E+07  .19724480E+06 -.13082040E+00  .13713840E+05
 .15081520E+03  .66141080E+03  .25839700E+07  .19724480E+06 -.13082040E+00  .13713840E+05
 .13630490E+03  .66824680E+03  .26636790E+07  .21491970E+06 -.11204130E+00  .10090420E+05
 .12380750E+03  .67723130E+03  .27443860E+07  .23653850E+06 -.96855650E-01  .80479280E+04
 .11293840E+03  .68860010E+03  .28263100E+07  .26058890E+06 -.84708680E-01  .64979530E+04
 .10339590E+03  .70280190E+03  .29097640E+07  .28629010E+06 -.74612330E-01  .53568550E+04
 .94974940E+02  .72016810E+03  .29951090E+07  .31299450E+06 -.65937680E-01  .45454690E+04
 .87527600E+02  .74084650E+03  .30827370E+07  .34020030E+06 -.58351100E-01  .39786160E+04
 .80932210E+02  .76485310E+03  .31730460E+07  .36766410E+06 -.51727380E-01  .35759990E+04
 .75077250E+02  .79217530E+03  .32664340E+07  .39539840E+06 -.45996220E-01  .32807920E+04
 .69861860E+02  .82278760E+03  .33632990E+07  .42345190E+06 -.41045930E-01  .30629750E+04
 .65200230E+02  .85659940E+03  .34640310E+07  .45179500E+06 -.36746770E-01  .29071170E+04
 .61020710E+02  .89343620E+03  .35690040E+07  .48036890E+06 -.32997170E-01  .28008330E+04
 .57261620E+02  .93308840E+03  .36785690E+07  .50916010E+06 -.29730460E-01  .27313100E+04
 .53868100E+02  .97537690E+03  .37930510E+07  .53821930E+06 -.26896150E-01  .26868100E+04
 .50791200E+02  .10201880E+04  .39127600E+07  .56763990E+06 -.24445200E-01  .26583850E+04
 .47987930E+02  .10674730E+04  .40379950E+07  .59753540E+06 -.22327300E-01  .26401140E+04
 .45421270E+02  .11172340E+04  .41690520E+07  .62802880E+06 -.20494000E-01  .26283720E+04
 .10000000E+02  .28000000E+02  .00000000E+00  .14000000E+02  .17000000E+02  .70908650E+04
 .31961960E+03  .64920750E+03  .21090110E+07  .12632250E+06 -.37003200E+00  .32034230E+06
 .34106050E+03  .64908810E+03  .20726590E+07  .12671290E+06 -.39558310E+00  .28032010E+06
 .36389150E+03  .64893640E+03  .20363140E+07  .12921840E+06 -.41930440E+00  .20016900E+06
 .38793620E+03  .64870330E+03  .19999790E+07  .13473970E+06 -.43837350E+00  .12158780E+06
 .41283800E+03  .64830390E+03  .19636620E+07  .14440200E+06 -.44936520E+00  .69761380E+05
 .43806750E+03  .64761890E+03  .19273740E+07  .15928340E+06 -.44986550E+00  .41617040E+05
 .46303280E+03  .64652120E+03  .18911360E+07  .18053580E+06 -.44056190E+00  .26982640E+05
 .48734200E+03  .64490380E+03  .18549740E+07  .21435520E+06 -.42731710E+00  .18951220E+05
 .51087240E+03  .64269240E+03  .18189180E+07  .26110350E+06 -.41289460E+00  .14274390E+05
 .53355420E+03  .63986320E+03  .17830040E+07  .31668970E+06 -.39669670E+00  .11446640E+05
 .53355420E+03  .63986320E+03  .17830040E+07  .31668970E+06 -.39669670E+00  .11446640E+05
 .58847960E+03  .62974620E+03  .16877450E+07  .42485090E+06 -.32779000E+00  .83174830E+04
 .63320440E+03  .61757790E+03  .15943840E+07  .56567170E+06 -.28438550E+00  .69320880E+04
 .67345070E+03  .60345060E+03  .15027890E+07  .72455490E+06 -.25321000E+00  .61129240E+04
 .70940030E+03  .58811430E+03  .14134100E+07  .88753180E+06 -.22678040E+00  .55846680E+04
 .74166730E+03  .57198110E+03  .13263950E+07  .10542970E+07 -.20401250E+00  .52265000E+04
 .77076180E+03  .55537760E+03  .12418390E+07  .12219020E+07 -.18439670E+00  .49734360E+04
 .79711740E+03  .53855080E+03  .11597920E+07  .13860360E+07 -.16740340E+00  .47877030E+04
 .82108750E+03  .52168370E+03  .10802750E+07  .15427860E+07 -.15250760E+00  .46471340E+04
 .84295270E+03  .50491190E+03  .10032830E+07  .16895600E+07 -.13927490E+00  .45384110E+04
 .86293680E+03  .48833690E+03  .92879180E+06  .18251080E+07 -.12738190E+00  .44530260E+04
 .88122240E+03  .47203420E+03  .85676780E+06  .19490980E+07 -.11659300E+00  .43851150E+04
 .89796090E+03  .45605900E+03  .78716510E+06  .20616330E+07 -.10672870E+00  .43304560E+04
 .91327980E+03  .44045080E+03  .71993170E+06  .21629060E+07 -.97640750E-01  .42860290E+04
 .92728550E+03  .42523730E+03  .65501010E+06  .22530140E+07 -.89200070E-01  .42497520E+04
 .94006630E+03  .41043750E+03  .59233980E+06  .23318560E+07 -.81290920E-01  .42202400E+04
 .95169420E+03  .39606430E+03  .53185760E+06  .23990850E+07 -.73809250E-01  .41965260E+04
 .96222580E+03  .38212570E+03  .47349880E+06  .24540540E+07 -.66661310E-01  .41778110E+04
 .97170490E+03  .36862520E+03  .41719790E+06  .24957530E+07 -.59761140E-01  .41632680E+04
 .98016250E+03  .35556210E+03  .36288930E+06  .25227350E+07 -.53027730E-01  .41519790E+04
 .98761770E+03  .34293200E+03  .31050760E+06  .25330710E+07 -.46385600E-01  .41430230E+04
 .99407970E+03  .33072710E+03  .25998850E+06  .25243620E+07 -.39774750E-01  .41356800E+04
 .99954980E+03  .31893770E+03  .21126870E+06  .24937500E+07 -.33155630E-01  .41294220E+04
 .10040230E+04  .30755240E+03  .16428690E+06  .24378830E+07 -.26455750E-01  .41235620E+04
 .10074720E+04  .29655790E+03  .11898350E+06  .23535620E+07 -.19453990E-01  .41174680E+04
 .10098210E+04  .28594080E+03  .75300700E+05  .22398800E+07 -.11696650E-01  .41113510E+04
 .10109050E+04  .27568990E+03  .33182910E+05  .21012720E+07 -.24075820E-02  .41062610E+04
 .10104040E+04  .26579740E+03 -.74241760E+04  .19508620E+07  .97116790E-02  .41041860E+04
 .31961960E+03  .64920750E+03  .21090110E+07  .12632250E+06 -.37003200E+00  .32034230E+06
 .29961880E+03  .64932250E+03  .21453700E+07  .12744520E+06 -.34434970E+00  .30246830E+06
 .28103920E+03  .64945540E+03  .21817350E+07  .12972470E+06 -.31936190E+00  .24300370E+06
 .26383050E+03  .64963130E+03  .22181100E+07  .13296030E+06 -.29542710E+00  .17547800E+06
 .24792850E+03  .64988150E+03  .22544950E+07  .13703180E+06 -.27271520E+00  .12166080E+06
 .23326160E+03  .65024220E+03  .22908980E+07  .14185080E+06 -.25133480E+00  .84882230E+05
 .21975260E+03  .65075250E+03  .23273250E+07  .14733540E+06 -.23136850E+00  .60941740E+05
 .20732090E+03  .65145090E+03  .23637860E+07  .15340080E+06 -.21286850E+00  .45318590E+05
 .19588370E+03  .65237430E+03  .24002920E+07  .15995800E+06 -.19584760E+00  .34873780E+05
 .18535890E+03  .65355690E+03  .24368570E+07  .16691660E+06 -.18027660E+00  .27667610E+05
 .17566690E+03  .65502990E+03  .24734960E+07  .17419080E+06 -.16609010E+00  .22532530E+05
 .16673270E+03  .65682200E+03  .25102260E+07  .18170530E+06 -.15319610E+00  .18760320E+05
 .15848680E+03  .65895980E+03  .25470660E+07  .18940480E+06 -.14148830E+00  .15912220E+05
 .15086590E+03  .66146830E+03  .25840370E+07  .19726410E+06 -.13085690E+00  .13709270E+05
 .15086590E+03  .66146830E+03  .25840370E+07  .19726410E+06 -.13085690E+00  .13709270E+05
 .13635150E+03  .66830710E+03  .26637520E+07  .21495090E+06 -.11207780E+00  .10087920E+05
 .12384970E+03  .67729440E+03  .27444670E+07  .23657810E+06 -.96889850E-01  .80462290E+04
 .11297680E+03  .68866650E+03  .28263980E+07  .26063350E+06 -.84739360E-01  .64968740E+04
 .10343080E+03  .70287170E+03  .29098600E+07  .28633730E+06 -.74639070E-01  .53562370E+04
 .95006880E+02  .72024120E+03  .29952150E+07  .31304280E+06 -.65960660E-01  .45451650E+04
 .87557000E+02  .74092260E+03  .30828510E+07  .34024900E+06 -.58370800E-01  .39785050E+04
 .80959410E+02  .76493210E+03  .31731690E+07  .36771290E+06 -.51744390E-01  .35759910E+04
 .75102540E+02  .79225690E+03  .32665670E+07  .39544750E+06 -.46011090E-01  .32808390E+04
 .69885480E+02  .82287170E+03  .33634420E+07  .42350160E+06 -.41059040E-01  .30630580E+04
 .65222360E+02  .85668590E+03  .34641850E+07  .45184550E+06 -.36758390E-01  .29072250E+04
 .61041520E+02  .89352480E+03  .35691680E+07  .48042030E+06 -.33007520E-01  .28009570E+04
 .57281250E+02  .93317900E+03  .36787430E+07  .50921240E+06 -.29739750E-01  .27314410E+04
 .53886680E+02  .97546950E+03  .37932360E+07  .53827260E+06 -.26904560E-01  .26869400E+04
 .50808820E+02  .10202830E+04  .39129570E+07  .56769430E+06 -.24452860E-01  .26585090E+04
 .48004670E+02  .10675700E+04  .40382030E+07  .59759110E+06 -.22334340E-01  .26402290E+04
 .45437190E+02  .11173330E+04  .41692720E+07  .62808590E+06 -.20500520E-01  .26284770E+04
