 .10000000E+02  .28000000E+02  .00000000E+00  .14000000E+02  .17000000E+02  .70908650E+04
 .31961960E+03  .64920750E+03  .21090110E+07  .12632250E+06 -.37003200E+00  .32034230E+06
 .34106050E+03  .64908810E+03  .20726590E+07  .12671290E+06 -.39558310E+00  .28032010E+06
 .36389150E+03  .64893640E+03  .20363140E+07  .12921840E+06 -.41930440E+00  .20016900E+06
 .38793620E+03  .64870330E+03  .19999790E+07  .13473970E+06 -.43837350E+00  .12158780E+06
 .41283800E+03  .64830390E+03  .19636620E+07  .14440200E+06 -.44936520E+00  .69761380E+05
 .43806750E+03  .64761890E+03  .19273740E+07  .15928340E+06 -.44986550E+00  .41617040E+05
 .46303280E+03  .64652120E+03  .18911360E+07  .18053580E+06 -.44056190E+00  .26982640E+05
 .48734200E+03  .64490380E+03  .18549740E+07  .21435520E+06 -.42731710E+00  .18951220E+05
 .51087240E+03  .64269240E+03  .18189180E+07  .26110350E+06 -.41289460E+00  .14274390E+05
 .53355420E+03  .63986320E+03  .17830040E+07  .31668970E+06 -.39669670E+00  .11446640E+05
 .53355420E+03  .63986320E+03  .17830040E+07  .31668970E+06 -.39669670E+00  .11446640E+05
 .58847960E+03  .62974620E+03  .16877450E+07  .42485090E+06 -.32779000E+00  .83174830E+04
 .63320440E+03  .61757790E+03  .15943840E+07  .56567170E+06 -.28438550E+00  .69320880E+04
 .67345070E+03  .60345060E+03  .15027890E+07  .72455490E+06 -.25321000E+00  .61129240E+04
 .70940030E+03  .58811430E+03  .14134100E+07  .88753180E+06 -.22678040E+00  .55846680E+04
 .74166730E+03  .57198110E+03  .13263950E+07  .10542970E+07 -.20401250E+00  .52265000E+04
 .77076180E+03  .55537760E+03  .12418390E+07  .12219020E+07 -.18439670E+00  .49734360E+04
 .79711740E+03  .53855080E+03  .11597920E+07  .13860360E+07 -.16740340E+00  .47877030E+04
 .82108750E+03  .52168370E+03  .10802750E+07  .15427860E+07 -.15250760E+00  .46471340E+04
 .84295270E+03  .50491190E+03  .10032830E+07  .16895600E+07 -.13927490E+00  .45384110E+04
 .86293680E+03  .48833690E+03  .92879180E+06  .18251080E+07 -.12738190E+00  .44530260E+04
 .88122240E+03  .47203420E+03  .85676780E+06  .19490980E+07 -.11659300E+00  .43851150E+04
 .89796090E+03  .45605900E+03  .78716510E+06  .20616330E+07 -.10672870E+00  .43304560E+04
 .91327980E+03  .44045080E+03  .71993170E+06  .21629060E+07 -.97640750E-01  .42860290E+04
 .92728550E+03  .42523730E+03  .65501010E+06  .22530140E+07 -.89200070E-01  .42497520E+04
 .94006630E+03  .41043750E+03  .59233980E+06  .23318560E+07 -.81290920E-01  .42202400E+04
 .95169420E+03  .39606430E+03  .53185760E+06  .23990850E+07 -.73809250E-01  .41965260E+04
 .96222580E+03  .38212570E+03  .47349880E+06  .24540540E+07 -.66661310E-01  .41778110E+04
 .97170490E+03  .36862520E+03  .41719790E+06  .24957530E+07 -.59761140E-01  .41632680E+04
 .98016250E+03  .35556210E+03  .36288930E+06  .25227350E+07 -.53027730E-01  .41519790E+04
 .98761770E+03  .34293200E+03  .31050760E+06  .25330710E+07 -.46385600E-01  .41430230E+04
 .99407970E+03  .33072710E+03  .25998850E+06  .25243620E+07 -.39774750E-01  .41356800E+04
 .99954980E+03  .31893770E+03  .21126870E+06  .24937500E+07 -.33155630E-01  .41294220E+04
 .10040230E+04  .30755240E+03  .16428690E+06  .24378830E+07 -.26455750E-01  .41235620E+04
 .10074720E+04  .29655790E+03  .11898350E+06  .23535620E+07 -.19453990E-01  .41174680E+04
 .10098210E+04  .28594080E+03  .75300700E+05  .22398800E+07 -.11696650E-01  .41113510E+04
 .10109050E+04  .27568990E+03  .33182910E+05  .21012720E+07 -.24075820E-02  .41062610E+04
 .10104040E+04  .26579740E+03 -.74241760E+04  .19508620E+07  .97116790E-02  .41041860E+04
 .31961960E+03  .64920750E+03  .21090110E+07  .12632250E+06 -.37003200E+00  .32034230E+06
 .29961880E+03  .64932250E+03  .21453700E+07  .12744520E+06 -.34434970E+00  .30246830E+06
 .28103920E+03  .64945540E+03  .21817350E+07  .12972470E+06 -.31936190E+00  .24300370E+06
 .26383050E+03  .64963130E+03  .22181100E+07  .13296030E+06 -.29542710E+00  .17547800E+06
 .24792850E+03  .64988150E+03  .22544950E+07  .13703180E+06 -.27271520E+00  .12166080E+06
 .23326160E+03  .65024220E+03  .22908980E+07  .14185080E+06 -.25133480E+00  .84882230E+05
 .21975260E+03  .65075250E+03  .23273250E+07  .14733540E+06 -.23136850E+00  .60941740E+05
 .20732090E+03  .65145090E+03  .23637860E+07  .15340080E+06 -.21286850E+00  .45318590E+05
 .19588370E+03  .65237430E+03  .24002920E+07  .15995800E+06 -.19584760E+00  .34873780E+05
 .18535890E+03  .65355690E+03  .24368570E+07  .16691660E+06 -.18027660E+00  .27667610E+05
 .17566690E+03  .65502990E+03  .24734960E+07  .17419080E+06 -.16609010E+00  .22532530E+05
 .16673270E+03  .65682200E+03  .25102260E+07  .18170530E+06 -.15319610E+00  .18760320E+05
 .15848680E+03  .65895980E+03  .25470660E+07  .18940480E+06 -.14148830E+00  .15912220E+05
 .15086590E+03  .66146830E+03  .25840370E+07  .19726410E+06 -.13085690E+00  .13709270E+05
 .15086590E+03  .66146830E+03  .25840370E+07  .19726410E+06 -.13085690E+00  .13709270E+05
 .13635150E+03  .66830710E+03  .26637520E+07  .21495090E+06 -.11207780E+00  .10087920E+05
 .12384970E+03  .67729440E+03  .27444670E+07  .23657810E+06 -.96889850E-01  .80462290E+04
 .11297680E+03  .68866650E+03  .28263980E+07  .26063350E+06 -.84739360E-01  .64968740E+04
 .10343080E+03  .70287170E+03  .29098600E+07  .28633730E+06 -.74639070E-01  .53562370E+04
 .95006880E+02  .72024120E+03  .29952150E+07  .31304280E+06 -.65960660E-01  .45451650E+04
 .87557000E+02  .74092260E+03  .30828510E+07  .34024900E+06 -.58370800E-01  .39785050E+04
 .80959410E+02  .76493210E+03  .31731690E+07  .36771290E+06 -.51744390E-01  .35759910E+04
 .75102540E+02  .79225690E+03  .32665670E+07  .39544750E+06 -.46011090E-01  .32808390E+04
 .69885480E+02  .82287170E+03  .33634420E+07  .42350160E+06 -.41059040E-01  .30630580E+04
 .65222360E+02  .85668590E+03  .34641850E+07  .45184550E+06 -.36758390E-01  .29072250E+04
 .61041520E+02  .89352480E+03  .35691680E+07  .48042030E+06 -.33007520E-01  .28009570E+04
 .57281250E+02  .93317900E+03  .36787430E+07  .50921240E+06 -.29739750E-01  .27314410E+04
 .53886680E+02  .97546950E+03  .37932360E+07  .53827260E+06 -.26904560E-01  .26869400E+04
 .50808820E+02  .10202830E+04  .39129570E+07  .56769430E+06 -.24452860E-01  .26585090E+04
 .48004670E+02  .10675700E+04  .40382030E+07  .59759110E+06 -.22334340E-01  .26402290E+04
 .45437190E+02  .11173330E+04  .41692720E+07  .62808590E+06 -.20500520E-01  .26284770E+04
 .10000000E+02  .28000000E+02  .00000000E+00  .14000000E+02  .17000000E+02  .70908650E+04
 .31974620E+03  .64926540E+03  .21090610E+07  .12640780E+06 -.37003980E+00  .31086260E+06
 .34118670E+03  .64914250E+03  .20727050E+07  .12681090E+06 -.39555950E+00  .27271460E+06
 .36401530E+03  .64898710E+03  .20363580E+07  .12933220E+06 -.41923860E+00  .19599020E+06
 .38805490E+03  .64874990E+03  .20000200E+07  .13487280E+06 -.43825700E+00  .11989480E+06
 .41294870E+03  .64834610E+03  .19637010E+07  .14455680E+06 -.44919920E+00  .69157130E+05
 .43816790E+03  .64765640E+03  .19274110E+07  .15945980E+06 -.44966560E+00  .41395130E+05
 .46312140E+03  .64655410E+03  .18911710E+07  .18072590E+06 -.44032550E+00  .26895730E+05
 .48741660E+03  .64493260E+03  .18550070E+07  .21450990E+06 -.42706520E+00  .18914690E+05
 .51093370E+03  .64271770E+03  .18189500E+07  .26125590E+06 -.41267540E+00  .14256820E+05
 .53360470E+03  .63988560E+03  .17830340E+07  .31687460E+06 -.39653410E+00  .11436610E+05
 .53360470E+03  .63988560E+03  .17830340E+07  .31687460E+06 -.39653410E+00  .11436610E+05
 .58851720E+03  .62976140E+03  .16877720E+07  .42519720E+06 -.32776670E+00  .83126720E+04
 .63323270E+03  .61758920E+03  .15944100E+07  .56587400E+06 -.28433310E+00  .69307100E+04
 .67347280E+03  .60345950E+03  .15028130E+07  .72474310E+06 -.25317740E+00  .61121840E+04
 .70941830E+03  .58812150E+03  .14134320E+07  .88771040E+06 -.22675800E+00  .55842170E+04
 .74168250E+03  .57198700E+03  .13264160E+07  .10544700E+07 -.20399640E+00  .52262030E+04
 .77077490E+03  .55538250E+03  .12418590E+07  .12220700E+07 -.18438480E+00  .49732290E+04
 .79712900E+03  .53855510E+03  .11598130E+07  .13862010E+07 -.16739440E+00  .47875520E+04
 .82109790E+03  .52168730E+03  .10802950E+07  .15429460E+07 -.15250080E+00  .46470190E+04
 .84296220E+03  .50491500E+03  .10033010E+07  .16897140E+07 -.13926960E+00  .45383200E+04
 .86294560E+03  .48833960E+03  .92881030E+06  .18252570E+07 -.12737770E+00  .44529530E+04
 .88123060E+03  .47203660E+03  .85678590E+06  .19492410E+07 -.11658970E+00  .43850540E+04
 .89796870E+03  .45606110E+03  .78718290E+06  .20617700E+07 -.10672600E+00  .43304040E+04
 .91328720E+03  .44045270E+03  .71994920E+06  .21630390E+07 -.97638570E-01  .42859830E+04
 .92729260E+03  .42523900E+03  .65502740E+06  .22531420E+07 -.89198300E-01  .42497120E+04
 .94007320E+03  .41043900E+03  .59235680E+06  .23319800E+07 -.81289490E-01  .42202040E+04
 .95170080E+03  .39606560E+03  .53187440E+06  .23992050E+07 -.73808120E-01  .41964930E+04
 .96223230E+03  .38212690E+03  .47351540E+06  .24541710E+07 -.66660450E-01  .41777800E+04
 .97171130E+03  .36862620E+03  .41721440E+06  .24958660E+07 -.59760550E-01  .41632380E+04
 .98016880E+03  .35556300E+03  .36290570E+06  .25228450E+07 -.53027410E-01  .41519490E+04
 .98762410E+03  .34293280E+03  .31052380E+06  .25331770E+07 -.46385580E-01  .41429930E+04
 .99408600E+03  .33072780E+03  .26000450E+06  .25244640E+07 -.39775070E-01  .41356480E+04
 .99955620E+03  .31893830E+03  .21128470E+06  .24938460E+07 -.33156370E-01  .41293890E+04
 .10040290E+04  .30755280E+03  .16430290E+06  .24379720E+07 -.26457000E-01  .41235260E+04
 .10074790E+04  .29655820E+03  .11899940E+06  .23536420E+07 -.19455900E-01  .41174280E+04
 .10098290E+04  .28594100E+03  .75316550E+05  .22399480E+07 -.11699360E-01  .41113010E+04
 .10109130E+04  .27568990E+03  .33198740E+05  .21013290E+07 -.24111480E-02  .41061950E+04
 .10104120E+04  .26579720E+03 -.74083410E+04  .19509100E+07  .97075030E-02  .41040900E+04
 .31974620E+03  .64926540E+03  .21090610E+07  .12640780E+06 -.37003980E+00  .31086260E+06
 .29974440E+03  .64938390E+03  .21454230E+07  .12752050E+06 -.34438030E+00  .29425190E+06
 .28116250E+03  .64952010E+03  .21817920E+07  .12979180E+06 -.31940910E+00  .23783100E+06
 .26395080E+03  .64969920E+03  .22181700E+07  .13302030E+06 -.29548640E+00  .17286970E+06
 .24804530E+03  .64995240E+03  .22545600E+07  .13708560E+06 -.27278290E+00  .12046500E+06
 .23337430E+03  .65031610E+03  .22909670E+07  .14189900E+06 -.25140810E+00  .84334340E+05
 .21986120E+03  .65082910E+03  .23273980E+07  .14737870E+06 -.23144460E+00  .60678500E+05
 .20742520E+03  .65153010E+03  .23638630E+07  .15343970E+06 -.21294520E+00  .45183710E+05
 .19598370E+03  .65245600E+03  .24003740E+07  .15999300E+06 -.19592310E+00  .34799990E+05
 .18545470E+03  .65364090E+03  .24369430E+07  .16694840E+06 -.18034970E+00  .27624770E+05
 .17575870E+03  .65511600E+03  .24735870E+07  .17422020E+06 -.16615980E+00  .22506370E+05
 .16682070E+03  .65691020E+03  .25103220E+07  .18173350E+06 -.15326200E+00  .18743680E+05
 .15857120E+03  .65904990E+03  .25471670E+07  .18943340E+06 -.14155020E+00  .15901320E+05
 .15094700E+03  .66156020E+03  .25841430E+07  .19729510E+06 -.13091520E+00  .13701970E+05
 .15094700E+03  .66156020E+03  .25841430E+07  .19729510E+06 -.13091520E+00  .13701970E+05
 .13642590E+03  .66840350E+03  .26638700E+07  .21500090E+06 -.11213610E+00  .10083910E+05
 .12391740E+03  .67739540E+03  .27445960E+07  .23664170E+06 -.96944570E-01  .80435110E+04
 .11303810E+03  .68877270E+03  .28265400E+07  .26070490E+06 -.84788430E-01  .64951480E+04
 .10348670E+03  .70298330E+03  .29100150E+07  .28641260E+06 -.74681830E-01  .53552500E+04
 .95057980E+02  .72035810E+03  .29953830E+07  .31312010E+06 -.65997410E-01  .45446780E+04
 .87604020E+02  .74104440E+03  .30830340E+07  .34032680E+06 -.58402280E-01  .39783260E+04
 .81002920E+02  .76505840E+03  .31733670E+07  .36779090E+06 -.51771580E-01  .35759790E+04
 .75143000E+02  .79238740E+03  .32667800E+07  .39552610E+06 -.46034870E-01  .32809160E+04
 .69923250E+02  .82300620E+03  .33636710E+07  .42358120E+06 -.41080000E-01  .30631900E+04
 .65257770E+02  .85682400E+03  .34644300E+07  .45192630E+06 -.36776970E-01  .29073970E+04
 .61074820E+02  .89366650E+03  .35694300E+07  .48050240E+06 -.33024090E-01  .28011550E+04
 .57312670E+02  .93332400E+03  .36790220E+07  .50929610E+06 -.29754620E-01  .27316500E+04
 .53916400E+02  .97561770E+03  .37935330E+07  .53835790E+06 -.26918010E-01  .26871480E+04
 .50837000E+02  .10204340E+04  .39132710E+07  .56778140E+06 -.24465120E-01  .26587080E+04
 .48031440E+02  .10677250E+04  .40385360E+07  .59768010E+06 -.22345600E-01  .26404150E+04
 .45462670E+02  .11174920E+04  .41696240E+07  .62817710E+06 -.20510940E-01  .26286460E+04
 .10000000E+02  .28000000E+02  .00000000E+00  .14000000E+02  .17000000E+02  .70908650E+04
 .31987280E+03  .64932320E+03  .21091110E+07  .12649320E+06 -.37004750E+00  .30193240E+06
 .34131290E+03  .64919680E+03  .20727520E+07  .12690880E+06 -.39553560E+00  .26551420E+06
 .36413900E+03  .64903770E+03  .20364020E+07  .12944610E+06 -.41917260E+00  .19198410E+06
 .38817350E+03  .64879640E+03  .20000620E+07  .13500600E+06 -.43814050E+00  .11824930E+06
 .41305940E+03  .64838820E+03  .19637390E+07  .14471160E+06 -.44903330E+00  .68563790E+05
 .43826820E+03  .64769380E+03  .19274470E+07  .15963620E+06 -.44946590E+00  .41175850E+05
 .46320990E+03  .64658690E+03  .18912050E+07  .18091470E+06 -.44009010E+00  .26809420E+05
 .48749120E+03  .64496140E+03  .18550390E+07  .21466370E+06 -.42681380E+00  .18878350E+05
 .51099490E+03  .64274300E+03  .18189810E+07  .26140760E+06 -.41245640E+00  .14239320E+05
 .53365520E+03  .63990780E+03  .17830640E+07  .31705900E+06 -.39637150E+00  .11426610E+05
 .53365520E+03  .63990780E+03  .17830640E+07  .31705900E+06 -.39637150E+00  .11426610E+05
 .58855480E+03  .62977650E+03  .16878000E+07  .42554330E+06 -.32774340E+00  .83078690E+04
 .63326100E+03  .61760060E+03  .15944350E+07  .56607630E+06 -.28428070E+00  .69293340E+04
 .67349490E+03  .60346840E+03  .15028370E+07  .72493130E+06 -.25314480E+00  .61114440E+04
 .70943630E+03  .58812870E+03  .14134550E+07  .88788890E+06 -.22673560E+00  .55837660E+04
 .74169770E+03  .57199290E+03  .13264380E+07  .10546430E+07 -.20398030E+00  .52259060E+04
 .77078800E+03  .55538750E+03  .12418800E+07  .12222390E+07 -.18437290E+00  .49730210E+04
 .79714060E+03  .53855930E+03  .11598330E+07  .13863650E+07 -.16738550E+00  .47874000E+04
 .82110830E+03  .52169100E+03  .10803140E+07  .15431050E+07 -.15249400E+00  .46469030E+04
 .84297160E+03  .50491820E+03  .10033200E+07  .16898680E+07 -.13926430E+00  .45382300E+04
 .86295430E+03  .48834230E+03  .92882890E+06  .18254050E+07 -.12737350E+00  .44528790E+04
 .88123880E+03  .47203900E+03  .85680410E+06  .19493840E+07 -.11658640E+00  .43849920E+04
 .89797640E+03  .45606320E+03  .78720080E+06  .20619080E+07 -.10672330E+00  .43303520E+04
 .91329460E+03  .44045460E+03  .71996680E+06  .21631710E+07 -.97636390E-01  .42859380E+04
 .92729970E+03  .42524060E+03  .65504460E+06  .22532700E+07 -.89196530E-01  .42496720E+04
 .94008010E+03  .41044050E+03  .59237380E+06  .23321040E+07 -.81288050E-01  .42201670E+04
 .95170750E+03  .39606700E+03  .53189120E+06  .23993260E+07 -.73806980E-01  .41964600E+04
 .96223880E+03  .38212800E+03  .47353200E+06  .24542870E+07 -.66659580E-01  .41777480E+04
 .97171770E+03  .36862720E+03  .41723090E+06  .24959800E+07 -.59759960E-01  .41632070E+04
 .98017520E+03  .35556390E+03  .36292200E+06  .25229550E+07 -.53027090E-01  .41519180E+04
 .98763040E+03  .34293350E+03  .31054000E+06  .25332830E+07 -.46385560E-01  .41429620E+04
 .99409230E+03  .33072840E+03  .26002070E+06  .25245650E+07 -.39775390E-01  .41356170E+04
 .99956260E+03  .31893880E+03  .21130070E+06  .24939420E+07 -.33157100E-01  .41293560E+04
 .10040360E+04  .30755320E+03  .16431880E+06  .24380610E+07 -.26458250E-01  .41234910E+04
 .10074850E+04  .29655850E+03  .11901520E+06  .23537210E+07 -.19457810E-01  .41173880E+04
 .10098360E+04  .28594120E+03  .75332390E+05  .22400160E+07 -.11702070E-01  .41112520E+04
 .10109200E+04  .27569000E+03  .33214570E+05  .21013860E+07 -.24147140E-02  .41061290E+04
 .10104200E+04  .26579710E+03 -.73925060E+04  .19509570E+07  .97033270E-02  .41039930E+04
 .31987280E+03  .64932320E+03  .21091110E+07  .12649320E+06 -.37004750E+00  .30193240E+06
 .29986980E+03  .64944520E+03  .21454770E+07  .12759590E+06 -.34441070E+00  .28647450E+06
 .28128580E+03  .64958470E+03  .21818490E+07  .12985890E+06 -.31945600E+00  .23287660E+06
 .26407110E+03  .64976700E+03  .22182310E+07  .13308030E+06 -.29554550E+00  .17033910E+06
 .24816200E+03  .65002330E+03  .22546250E+07  .13713940E+06 -.27285050E+00  .11929310E+06
 .23348710E+03  .65039000E+03  .22910350E+07  .14194730E+06 -.25148120E+00  .83793710E+05
 .21996980E+03  .65090570E+03  .23274710E+07  .14742200E+06 -.23152070E+00  .60417640E+05
 .20752940E+03  .65160930E+03  .23639400E+07  .15347850E+06 -.21302190E+00  .45049690E+05
 .19608370E+03  .65253760E+03  .24004550E+07  .16002790E+06 -.19599870E+00  .34726550E+05
 .18555060E+03  .65372470E+03  .24370290E+07  .16698010E+06 -.18042280E+00  .27582080E+05
 .17585060E+03  .65520210E+03  .24736780E+07  .17424960E+06 -.16622950E+00  .22480280E+05
 .16690870E+03  .65699820E+03  .25104180E+07  .18176170E+06 -.15332780E+00  .18727090E+05
 .15865570E+03  .65913990E+03  .25472680E+07  .18946200E+06 -.14161220E+00  .15890450E+05
 .15102810E+03  .66165220E+03  .25842490E+07  .19732620E+06 -.13097350E+00  .13694690E+05
 .15102810E+03  .66165220E+03  .25842490E+07  .19732620E+06 -.13097350E+00  .13694690E+05
 .13650030E+03  .66849990E+03  .26639870E+07  .21505110E+06 -.11219440E+00  .10079910E+05
 .12398500E+03  .67749650E+03  .27447250E+07  .23670530E+06 -.96999290E-01  .80407940E+04
 .11309950E+03  .68887880E+03  .28266820E+07  .26077630E+06 -.84837470E-01  .64934240E+04
 .10354250E+03  .70309480E+03  .29101700E+07  .28648800E+06 -.74724580E-01  .53542630E+04
 .95109080E+02  .72047490E+03  .29955510E+07  .31319740E+06 -.66034160E-01  .45441930E+04
 .87651020E+02  .74116610E+03  .30832160E+07  .34040460E+06 -.58433760E-01  .39781480E+04
 .81046420E+02  .76518460E+03  .31735640E+07  .36786890E+06 -.51798770E-01  .35759670E+04
 .75183450E+02  .79251780E+03  .32669930E+07  .39560460E+06 -.46058640E-01  .32809920E+04
 .69961020E+02  .82314060E+03  .33639000E+07  .42366070E+06 -.41100960E-01  .30633230E+04
 .65293170E+02  .85696220E+03  .34646750E+07  .45200710E+06 -.36795560E-01  .29075700E+04
 .61108120E+02  .89380810E+03  .35696920E+07  .48058460E+06 -.33040650E-01  .28013530E+04
 .57344090E+02  .93346890E+03  .36793010E+07  .50937970E+06 -.29769480E-01  .27318590E+04
 .53946120E+02  .97576590E+03  .37938300E+07  .53844310E+06 -.26931450E-01  .26873560E+04
 .50865180E+02  .10205860E+04  .39135860E+07  .56786840E+06 -.24477380E-01  .26589070E+04
 .48058210E+02  .10678800E+04  .40388690E+07  .59776910E+06 -.22356860E-01  .26405990E+04
 .45488140E+02  .11176510E+04  .41699760E+07  .62826820E+06 -.20521360E-01  .26288140E+04
 .10000000E+02  .28000000E+02  .00000000E+00  .14000000E+02  .17000000E+02  .70908650E+04
 .31999920E+03  .64938110E+03  .21091610E+07  .12657860E+06 -.37005480E+00  .29350530E+06
 .34143890E+03  .64925110E+03  .20727990E+07  .12700680E+06 -.39551150E+00  .25868730E+06
 .36426250E+03  .64908820E+03  .20364450E+07  .12956000E+06 -.41910650E+00  .18814020E+06
 .38829200E+03  .64884300E+03  .20001030E+07  .13513920E+06 -.43802390E+00  .11664930E+06
 .41316990E+03  .64843030E+03  .19637780E+07  .14486650E+06 -.44886740E+00  .67981050E+05
 .43836830E+03  .64773130E+03  .19274840E+07  .15981260E+06 -.44926640E+00  .40959140E+05
 .46329830E+03  .64661980E+03  .18912400E+07  .18110210E+06 -.43985570E+00  .26723720E+05
 .48756570E+03  .64499010E+03  .18550720E+07  .21481650E+06 -.42656270E+00  .18842220E+05
 .51105610E+03  .64276830E+03  .18190120E+07  .26155860E+06 -.41223760E+00  .14221910E+05
 .53370560E+03  .63993010E+03  .17830940E+07  .31724270E+06 -.39620900E+00  .11416660E+05
 .53370560E+03  .63993010E+03  .17830940E+07  .31724270E+06 -.39620900E+00  .11416660E+05
 .58859230E+03  .62979160E+03  .16878270E+07  .42588920E+06 -.32772000E+00  .83030770E+04
 .63328920E+03  .61761190E+03  .15944600E+07  .56627870E+06 -.28422840E+00  .69279590E+04
 .67351700E+03  .60347740E+03  .15028610E+07  .72511960E+06 -.25311210E+00  .61107060E+04
 .70945440E+03  .58813590E+03  .14134770E+07  .88806750E+06 -.22671330E+00  .55833150E+04
 .74171280E+03  .57199880E+03  .13264590E+07  .10548150E+07 -.20396420E+00  .52256090E+04
 .77080110E+03  .55539250E+03  .12419010E+07  .12224070E+07 -.18436100E+00  .49728150E+04
 .79715210E+03  .53856350E+03  .11598530E+07  .13865290E+07 -.16737650E+00  .47872500E+04
 .82111870E+03  .52169460E+03  .10803340E+07  .15432650E+07 -.15248720E+00  .46467880E+04
 .84298110E+03  .50492130E+03  .10033390E+07  .16900220E+07 -.13925910E+00  .45381390E+04
 .86296310E+03  .48834510E+03  .92884740E+06  .18255540E+07 -.12736940E+00  .44528050E+04
 .88124700E+03  .47204140E+03  .85682230E+06  .19495270E+07 -.11658310E+00  .43849310E+04
 .89798420E+03  .45606530E+03  .78721860E+06  .20620450E+07 -.10672060E+00  .43303000E+04
 .91330190E+03  .44045650E+03  .71998430E+06  .21633040E+07 -.97634200E-01  .42858930E+04
 .92730680E+03  .42524230E+03  .65506190E+06  .22533980E+07 -.89194740E-01  .42496320E+04
 .94008690E+03  .41044190E+03  .59239090E+06  .23322280E+07 -.81286620E-01  .42201310E+04
 .95171410E+03  .39606820E+03  .53190800E+06  .23994460E+07 -.73805850E-01  .41964260E+04
 .96224540E+03  .38212920E+03  .47354860E+06  .24544040E+07 -.66658730E-01  .41777160E+04
 .97172410E+03  .36862820E+03  .41724730E+06  .24960930E+07 -.59759370E-01  .41631760E+04
 .98018150E+03  .35556480E+03  .36293830E+06  .25230650E+07 -.53026770E-01  .41518880E+04
 .98763670E+03  .34293430E+03  .31055630E+06  .25333900E+07 -.46385540E-01  .41429320E+04
 .99409870E+03  .33072910E+03  .26003670E+06  .25246670E+07 -.39775710E-01  .41355850E+04
 .99956900E+03  .31893930E+03  .21131670E+06  .24940380E+07 -.33157830E-01  .41293230E+04
 .10040420E+04  .30755360E+03  .16433470E+06  .24381500E+07 -.26459500E-01  .41234560E+04
 .10074920E+04  .29655880E+03  .11903110E+06  .23538010E+07 -.19459720E-01  .41173480E+04
 .10098430E+04  .28594140E+03  .75348230E+05  .22400850E+07 -.11704780E-01  .41112030E+04
 .10109280E+04  .27569000E+03  .33230400E+05  .21014430E+07 -.24182800E-02  .41060630E+04
 .10104280E+04  .26579690E+03 -.73766710E+04  .19510050E+07  .96991510E-02  .41038970E+04
 .31999920E+03  .64938110E+03  .21091610E+07  .12657860E+06 -.37005480E+00  .29350530E+06
 .29999510E+03  .64950650E+03  .21455300E+07  .12767120E+06 -.34444090E+00  .27910160E+06
 .28140900E+03  .64964920E+03  .21819060E+07  .12992590E+06 -.31950280E+00  .22812710E+06
 .26419130E+03  .64983480E+03  .22182910E+07  .13314030E+06 -.29560430E+00  .16788280E+06
 .24827860E+03  .65009420E+03  .22546890E+07  .13719310E+06 -.27291800E+00  .11814430E+06
 .23359980E+03  .65046370E+03  .22911040E+07  .14199540E+06 -.25155430E+00  .83260210E+05
 .22007830E+03  .65098220E+03  .23275440E+07  .14746510E+06 -.23159660E+00  .60159130E+05
 .20763370E+03  .65168840E+03  .23640170E+07  .15351720E+06 -.21309850E+00  .44916540E+05
 .19618370E+03  .65261910E+03  .24005370E+07  .16006270E+06 -.19607410E+00  .34653460E+05
 .18564640E+03  .65380850E+03  .24371160E+07  .16701180E+06 -.18049570E+00  .27539560E+05
 .17594240E+03  .65528800E+03  .24737690E+07  .17427890E+06 -.16629910E+00  .22454280E+05
 .16699680E+03  .65708620E+03  .25105140E+07  .18178990E+06 -.15339370E+00  .18710540E+05
 .15874010E+03  .65922990E+03  .25473690E+07  .18949060E+06 -.14167410E+00  .15879590E+05
 .15110920E+03  .66174400E+03  .25843550E+07  .19735720E+06 -.13103180E+00  .13687420E+05
 .15110920E+03  .66174400E+03  .25843550E+07  .19735720E+06 -.13103180E+00  .13687420E+05
 .13657470E+03  .66859620E+03  .26641040E+07  .21510140E+06 -.11225270E+00  .10075900E+05
 .12405260E+03  .67759740E+03  .27448540E+07  .23676900E+06 -.97054000E-01  .80380800E+04
 .11316080E+03  .68898490E+03  .28268230E+07  .26084780E+06 -.84886510E-01  .64917020E+04
 .10359840E+03  .70320640E+03  .29103240E+07  .28656340E+06 -.74767310E-01  .53532780E+04
 .95160160E+02  .72059170E+03  .29957190E+07  .31327470E+06 -.66070880E-01  .45437080E+04
 .87698020E+02  .74128780E+03  .30833990E+07  .34048240E+06 -.58465220E-01  .39779700E+04
 .81089900E+02  .76531070E+03  .31737610E+07  .36794680E+06 -.51825940E-01  .35759560E+04
 .75223880E+02  .79264810E+03  .32672060E+07  .39568310E+06 -.46082400E-01  .32810690E+04
 .69998790E+02  .82327480E+03  .33641290E+07  .42374020E+06 -.41121920E-01  .30634550E+04
 .65328570E+02  .85710020E+03  .34649200E+07  .45208780E+06 -.36814130E-01  .29077420E+04
 .61141410E+02  .89394960E+03  .35699540E+07  .48066670E+06 -.33057210E-01  .28015510E+04
 .57375490E+02  .93361370E+03  .36795800E+07  .50946330E+06 -.29784340E-01  .27320680E+04
 .53975830E+02  .97591390E+03  .37941260E+07  .53852830E+06 -.26944890E-01  .26875640E+04
 .50893350E+02  .10207370E+04  .39139010E+07  .56795540E+06 -.24489630E-01  .26591060E+04
 .48084970E+02  .10680350E+04  .40392020E+07  .59785810E+06 -.22368120E-01  .26407840E+04
 .45513600E+02  .11178090E+04  .41703280E+07  .62835930E+06 -.20531770E-01  .26289830E+04
 .10000000E+02  .28000000E+02  .00000000E+00  .14000000E+02  .17000000E+02  .70908650E+04
 .32012560E+03  .64943890E+03  .21092110E+07  .12666400E+06 -.37006210E+00  .28553990E+06
 .34156480E+03  .64930540E+03  .20728460E+07  .12710490E+06 -.39548720E+00  .25220570E+06
 .36438600E+03  .64913870E+03  .20364890E+07  .12967390E+06 -.41904010E+00  .18444900E+06
 .38841030E+03  .64888940E+03  .20001440E+07  .13527240E+06 -.43790710E+00  .11509290E+06
 .41328020E+03  .64847240E+03  .19638170E+07  .14502130E+06 -.44870160E+00  .67408660E+05
 .43846840E+03  .64776870E+03  .19275200E+07  .15998900E+06 -.44906710E+00  .40744950E+05
 .46338660E+03  .64665250E+03  .18912740E+07  .18128810E+06 -.43962230E+00  .26638620E+05
 .48764010E+03  .64501880E+03  .18551050E+07  .21496850E+06 -.42631220E+00  .18806290E+05
 .51111730E+03  .64279350E+03  .18190430E+07  .26170890E+06 -.41201900E+00  .14204580E+05
 .53375600E+03  .63995230E+03  .17831240E+07  .31742580E+06 -.39604650E+00  .11406740E+05
 .53375600E+03  .63995230E+03  .17831240E+07  .31742580E+06 -.39604650E+00  .11406740E+05
 .58862990E+03  .62980680E+03  .16878540E+07  .42623500E+06 -.32769680E+00  .82982940E+04
 .63331750E+03  .61762330E+03  .15944850E+07  .56648100E+06 -.28417620E+00  .69265850E+04
 .67353900E+03  .60348630E+03  .15028840E+07  .72530780E+06 -.25307960E+00  .61099670E+04
 .70947240E+03  .58814310E+03  .14135000E+07  .88824610E+06 -.22669100E+00  .55828650E+04
 .74172800E+03  .57200480E+03  .13264810E+07  .10549880E+07 -.20394820E+00  .52253120E+04
 .77081410E+03  .55539740E+03  .12419220E+07  .12225760E+07 -.18434910E+00  .49726080E+04
 .79716360E+03  .53856770E+03  .11598730E+07  .13866930E+07 -.16736760E+00  .47870980E+04
 .82112900E+03  .52169820E+03  .10803530E+07  .15434240E+07 -.15248040E+00  .46466730E+04
 .84299050E+03  .50492450E+03  .10033580E+07  .16901760E+07 -.13925380E+00  .45380480E+04
 .86297190E+03  .48834780E+03  .92886590E+06  .18257020E+07 -.12736520E+00  .44527320E+04
 .88125520E+03  .47204380E+03  .85684040E+06  .19496700E+07 -.11657970E+00  .43848700E+04
 .89799190E+03  .45606750E+03  .78723640E+06  .20621830E+07 -.10671790E+00  .43302480E+04
 .91330930E+03  .44045830E+03  .72000180E+06  .21634360E+07 -.97632030E-01  .42858480E+04
 .92731390E+03  .42524390E+03  .65507920E+06  .22535260E+07 -.89192970E-01  .42495920E+04
 .94009380E+03  .41044340E+03  .59240790E+06  .23323520E+07 -.81285190E-01  .42200950E+04
 .95172080E+03  .39606950E+03  .53192480E+06  .23995660E+07 -.73804710E-01  .41963930E+04
 .96225180E+03  .38213030E+03  .47356530E+06  .24545210E+07 -.66657870E-01  .41776850E+04
 .97173050E+03  .36862920E+03  .41726380E+06  .24962060E+07 -.59758770E-01  .41631460E+04
 .98018780E+03  .35556570E+03  .36295460E+06  .25231760E+07 -.53026450E-01  .41518580E+04
 .98764300E+03  .34293510E+03  .31057240E+06  .25334960E+07 -.46385520E-01  .41429010E+04
 .99410500E+03  .33072970E+03  .26005280E+06  .25247690E+07 -.39776030E-01  .41355540E+04
 .99957540E+03  .31893980E+03  .21133280E+06  .24941340E+07 -.33158560E-01  .41292900E+04
 .10040490E+04  .30755400E+03  .16435070E+06  .24382380E+07 -.26460750E-01  .41234200E+04
 .10074990E+04  .29655910E+03  .11904700E+06  .23538800E+07 -.19461630E-01  .41173080E+04
 .10098500E+04  .28594160E+03  .75364080E+05  .22401530E+07 -.11707490E-01  .41111530E+04
 .10109350E+04  .27569000E+03  .33246230E+05  .21014990E+07 -.24218460E-02  .41059970E+04
 .10104360E+04  .26579680E+03 -.73608360E+04  .19510530E+07  .96949750E-02  .41038010E+04
 .32012560E+03  .64943890E+03  .21092110E+07  .12666400E+06 -.37006210E+00  .28553990E+06
 .30012040E+03  .64956770E+03  .21455830E+07  .12774660E+06 -.34447090E+00  .27210270E+06
 .28153210E+03  .64971380E+03  .21819630E+07  .12999300E+06 -.31954940E+00  .22356990E+06
 .26431150E+03  .64990250E+03  .22183520E+07  .13320030E+06 -.29566310E+00  .16549750E+06
 .24839520E+03  .65016500E+03  .22547530E+07  .13724680E+06 -.27298540E+00  .11701790E+06
 .23371240E+03  .65053750E+03  .22911720E+07  .14204350E+06 -.25162720E+00  .82733700E+05
 .22018680E+03  .65105870E+03  .23276160E+07  .14750820E+06 -.23167240E+00  .59902940E+05
 .20773790E+03  .65176750E+03  .23640950E+07  .15355590E+06 -.21317500E+00  .44784230E+05
 .19628360E+03  .65270060E+03  .24006190E+07  .16009750E+06 -.19614950E+00  .34580730E+05
 .18574220E+03  .65389230E+03  .24372020E+07  .16704340E+06 -.18056870E+00  .27497200E+05
 .17603420E+03  .65537400E+03  .24738600E+07  .17430830E+06 -.16636870E+00  .22428360E+05
 .16708480E+03  .65717430E+03  .25106100E+07  .18181810E+06 -.15345950E+00  .18694040E+05
 .15882460E+03  .65931980E+03  .25474700E+07  .18951920E+06 -.14173600E+00  .15868770E+05
 .15119020E+03  .66183580E+03  .25844600E+07  .19738840E+06 -.13109010E+00  .13680160E+05
 .15119020E+03  .66183580E+03  .25844600E+07  .19738840E+06 -.13109010E+00  .13680160E+05
 .13664910E+03  .66869250E+03  .26642210E+07  .21515180E+06 -.11231110E+00  .10071900E+05
 .12412010E+03  .67769820E+03  .27449830E+07  .23683280E+06 -.97108710E-01  .80353670E+04
 .11322220E+03  .68909090E+03  .28269640E+07  .26091930E+06 -.84935520E-01  .64899810E+04
 .10365420E+03  .70331770E+03  .29104790E+07  .28663880E+06 -.74810010E-01  .53522940E+04
 .95211230E+02  .72070840E+03  .29958870E+07  .31335190E+06 -.66107590E-01  .45432250E+04
 .87745010E+02  .74140940E+03  .30835810E+07  .34056020E+06 -.58496670E-01  .39777930E+04
 .81133380E+02  .76543680E+03  .31739590E+07  .36802480E+06 -.51853110E-01  .35759450E+04
 .75264320E+02  .79277840E+03  .32674190E+07  .39576160E+06 -.46106150E-01  .32811460E+04
 .70036540E+02  .82340910E+03  .33643570E+07  .42381970E+06 -.41142860E-01  .30635880E+04
 .65363950E+02  .85723820E+03  .34651650E+07  .45216860E+06 -.36832710E-01  .29079140E+04
 .61174690E+02  .89409110E+03  .35702150E+07  .48074880E+06 -.33073760E-01  .28017490E+04
 .57406890E+02  .93375840E+03  .36798590E+07  .50954680E+06 -.29799190E-01  .27322770E+04
 .54005540E+02  .97606180E+03  .37944230E+07  .53861350E+06 -.26958320E-01  .26877720E+04
 .50921520E+02  .10208880E+04  .39142150E+07  .56804240E+06 -.24501890E-01  .26593040E+04
 .48111730E+02  .10681900E+04  .40395350E+07  .59794700E+06 -.22379380E-01  .26409690E+04
 .45539060E+02  .11179680E+04  .41706790E+07  .62845040E+06 -.20542190E-01  .26291510E+04
 .10000000E+02  .28000000E+02  .00000000E+00  .14000000E+02  .17000000E+02  .70908650E+04
 .32025190E+03  .64949660E+03  .21092610E+07  .12674950E+06 -.37006900E+00  .27799940E+06
 .34169060E+03  .64935960E+03  .20728930E+07  .12720300E+06 -.39546270E+00  .24604370E+06
 .36450930E+03  .64918920E+03  .20365330E+07  .12978790E+06 -.41897360E+00  .18090140E+06
 .38852850E+03  .64893590E+03  .20001850E+07  .13540570E+06 -.43779030E+00  .11357850E+06
 .41339050E+03  .64851430E+03  .19638560E+07  .14517620E+06 -.44853580E+00  .66846310E+05
 .43856840E+03  .64780600E+03  .19275570E+07  .16016540E+06 -.44886810E+00  .40533250E+05
 .46347480E+03  .64668520E+03  .18913090E+07  .18147260E+06 -.43938980E+00  .26554110E+05
 .48771450E+03  .64504740E+03  .18551380E+07  .21511950E+06 -.42606210E+00  .18770540E+05
 .51117840E+03  .64281880E+03  .18190750E+07  .26185860E+06 -.41180060E+00  .14187320E+05
 .53380640E+03  .63997450E+03  .17831540E+07  .31760830E+06 -.39588410E+00  .11396860E+05
 .53380640E+03  .63997450E+03  .17831540E+07  .31760830E+06 -.39588410E+00  .11396860E+05
 .58866750E+03  .62982190E+03  .16878810E+07  .42658060E+06 -.32767350E+00  .82935200E+04
 .63334570E+03  .61763460E+03  .15945110E+07  .56668340E+06 -.28412400E+00  .69252140E+04
 .67356100E+03  .60349520E+03  .15029080E+07  .72549600E+06 -.25304700E+00  .61092290E+04
 .70949040E+03  .58815030E+03  .14135220E+07  .88842460E+06 -.22666870E+00  .55824140E+04
 .74174320E+03  .57201070E+03  .13265030E+07  .10551600E+07 -.20393210E+00  .52250160E+04
 .77082730E+03  .55540240E+03  .12419420E+07  .12227440E+07 -.18433720E+00  .49724010E+04
 .79717520E+03  .53857190E+03  .11598930E+07  .13868570E+07 -.16735870E+00  .47869470E+04
 .82113930E+03  .52170180E+03  .10803730E+07  .15435840E+07 -.15247360E+00  .46465580E+04
 .84300000E+03  .50492760E+03  .10033770E+07  .16903310E+07 -.13924850E+00  .45379580E+04
 .86298070E+03  .48835060E+03  .92888450E+06  .18258510E+07 -.12736110E+00  .44526580E+04
 .88126340E+03  .47204620E+03  .85685850E+06  .19498130E+07 -.11657640E+00  .43848090E+04
 .89799970E+03  .45606960E+03  .78725430E+06  .20623200E+07 -.10671530E+00  .43301960E+04
 .91331670E+03  .44046020E+03  .72001930E+06  .21635690E+07 -.97629850E-01  .42858030E+04
 .92732100E+03  .42524560E+03  .65509640E+06  .22536540E+07 -.89191200E-01  .42495530E+04
 .94010060E+03  .41044490E+03  .59242490E+06  .23324760E+07 -.81283750E-01  .42200590E+04
 .95172750E+03  .39607090E+03  .53194160E+06  .23996860E+07 -.73803580E-01  .41963590E+04
 .96225840E+03  .38213150E+03  .47358190E+06  .24546370E+07 -.66657010E-01  .41776530E+04
 .97173690E+03  .36863020E+03  .41728030E+06  .24963200E+07 -.59758180E-01  .41631150E+04
 .98019420E+03  .35556650E+03  .36297090E+06  .25232860E+07 -.53026130E-01  .41518280E+04
 .98764940E+03  .34293580E+03  .31058860E+06  .25336030E+07 -.46385500E-01  .41428700E+04
 .99411140E+03  .33073030E+03  .26006890E+06  .25248710E+07 -.39776350E-01  .41355220E+04
 .99958180E+03  .31894040E+03  .21134880E+06  .24942310E+07 -.33159290E-01  .41292570E+04
 .10040550E+04  .30755450E+03  .16436660E+06  .24383270E+07 -.26462000E-01  .41233850E+04
 .10075060E+04  .29655940E+03  .11906290E+06  .23539600E+07 -.19463540E-01  .41172670E+04
 .10098570E+04  .28594170E+03  .75379920E+05  .22402220E+07 -.11710210E-01  .41111040E+04
 .10109430E+04  .27569010E+03  .33262050E+05  .21015560E+07 -.24254120E-02  .41059310E+04
 .10104450E+04  .26579660E+03 -.73450010E+04  .19511010E+07  .96907990E-02  .41037050E+04
 .32025190E+03  .64949660E+03  .21092610E+07  .12674950E+06 -.37006900E+00  .27799940E+06
 .30024560E+03  .64962880E+03  .21456360E+07  .12782190E+06 -.34450070E+00  .26544980E+06
 .28165510E+03  .64977830E+03  .21820200E+07  .13006000E+06 -.31959590E+00  .21919370E+06
 .26443150E+03  .64997020E+03  .22184120E+07  .13326020E+06 -.29572170E+00  .16318030E+06
 .24851180E+03  .65023580E+03  .22548180E+07  .13730050E+06 -.27305260E+00  .11591330E+06
 .23382510E+03  .65061110E+03  .22912410E+07  .14209160E+06 -.25170000E+00  .82214020E+05
 .22029520E+03  .65113510E+03  .23276890E+07  .14755130E+06 -.23174810E+00  .59649030E+05
 .20784210E+03  .65184640E+03  .23641720E+07  .15359450E+06 -.21325140E+00  .44652760E+05
 .19638360E+03  .65278200E+03  .24007000E+07  .16013230E+06 -.19622480E+00  .34508340E+05
 .18583790E+03  .65397610E+03  .24372880E+07  .16707500E+06 -.18064150E+00  .27455000E+05
 .17612600E+03  .65545980E+03  .24739510E+07  .17433750E+06 -.16643830E+00  .22402520E+05
 .16717280E+03  .65726210E+03  .25107050E+07  .18184630E+06 -.15352520E+00  .18677580E+05
 .15890900E+03  .65940970E+03  .25475710E+07  .18954790E+06 -.14179800E+00  .15857970E+05
 .15127130E+03  .66192760E+03  .25845660E+07  .19741950E+06 -.13114850E+00  .13672910E+05
 .15127130E+03  .66192760E+03  .25845660E+07  .19741950E+06 -.13114850E+00  .13672910E+05
 .13672340E+03  .66878870E+03  .26643380E+07  .21520240E+06 -.11236940E+00  .10067890E+05
 .12418770E+03  .67779910E+03  .27451120E+07  .23689660E+06 -.97163410E-01  .80326550E+04
 .11328350E+03  .68919700E+03  .28271060E+07  .26099070E+06 -.84984530E-01  .64882630E+04
 .10371000E+03  .70342910E+03  .29106330E+07  .28671410E+06 -.74852710E-01  .53513130E+04
 .95262280E+02  .72082510E+03  .29960550E+07  .31342920E+06 -.66144290E-01  .45427420E+04
 .87791980E+02  .74153090E+03  .30837630E+07  .34063800E+06 -.58528100E-01  .39776170E+04
 .81176860E+02  .76556280E+03  .31741560E+07  .36810270E+06 -.51880260E-01  .35759340E+04
 .75304740E+02  .79290860E+03  .32676310E+07  .39584000E+06 -.46129890E-01  .32812230E+04
 .70074290E+02  .82354330E+03  .33645860E+07  .42389910E+06 -.41163800E-01  .30637200E+04
 .65399340E+02  .85737610E+03  .34654100E+07  .45224920E+06 -.36851270E-01  .29080870E+04
 .61207970E+02  .89423250E+03  .35704770E+07  .48083080E+06 -.33090300E-01  .28019470E+04
 .57438290E+02  .93390310E+03  .36801380E+07  .50963030E+06 -.29814040E-01  .27324860E+04
 .54035240E+02  .97620970E+03  .37947190E+07  .53869860E+06 -.26971760E-01  .26879790E+04
 .50949680E+02  .10210390E+04  .39145290E+07  .56812930E+06 -.24514140E-01  .26595020E+04
 .48138490E+02  .10683440E+04  .40398670E+07  .59803590E+06 -.22390640E-01  .26411530E+04
 .45564520E+02  .11181260E+04  .41710310E+07  .62854140E+06 -.20552600E-01  .26293190E+04
 .10000000E+02  .28000000E+02  .00000000E+00  .14000000E+02  .17000000E+02  .70908650E+04
 .32037810E+03  .64955440E+03  .21093110E+07  .12683490E+06 -.37007580E+00  .27085060E+06
 .34181640E+03  .64941380E+03  .20729400E+07  .12730110E+06 -.39543800E+00  .24017840E+06
 .36463250E+03  .64923960E+03  .20365770E+07  .12990190E+06 -.41890690E+00  .17748920E+06
 .38864660E+03  .64898220E+03  .20002260E+07  .13553910E+06 -.43767340E+00  .11210430E+06
 .41350070E+03  .64855630E+03  .19638940E+07  .14533120E+06 -.44837010E+00  .66293760E+05
 .43866820E+03  .64784330E+03  .19275930E+07  .16034180E+06 -.44866920E+00  .40323980E+05
 .46356290E+03  .64671800E+03  .18913440E+07  .18165580E+06 -.43915830E+00  .26470180E+05
 .48778890E+03  .64507610E+03  .18551710E+07  .21526960E+06 -.42581240E+00  .18734990E+05
 .51123950E+03  .64284390E+03  .18191060E+07  .26200750E+06 -.41158240E+00  .14170140E+05
 .53385680E+03  .63999680E+03  .17831840E+07  .31779030E+06 -.39572170E+00  .11387020E+05
 .53385680E+03  .63999680E+03  .17831840E+07  .31779030E+06 -.39572170E+00  .11387020E+05
 .58870500E+03  .62983700E+03  .16879080E+07  .42692610E+06 -.32765020E+00  .82887560E+04
 .63337400E+03  .61764590E+03  .15945360E+07  .56688580E+06 -.28407180E+00  .69238440E+04
 .67358310E+03  .60350420E+03  .15029320E+07  .72568430E+06 -.25301440E+00  .61084910E+04
 .70950840E+03  .58815750E+03  .14135450E+07  .88860310E+06 -.22664630E+00  .55819640E+04
 .74175830E+03  .57201670E+03  .13265240E+07  .10553330E+07 -.20391600E+00  .52247190E+04
 .77084030E+03  .55540730E+03  .12419630E+07  .12229120E+07 -.18432540E+00  .49721950E+04
 .79718670E+03  .53857610E+03  .11599130E+07  .13870220E+07 -.16734980E+00  .47867960E+04
 .82114970E+03  .52170540E+03  .10803920E+07  .15437430E+07 -.15246670E+00  .46464430E+04
 .84300950E+03  .50493070E+03  .10033960E+07  .16904850E+07 -.13924320E+00  .45378670E+04
 .86298940E+03  .48835330E+03  .92890310E+06  .18259990E+07 -.12735690E+00  .44525840E+04
 .88127160E+03  .47204860E+03  .85687670E+06  .19499560E+07 -.11657310E+00  .43847480E+04
 .89800740E+03  .45607170E+03  .78727210E+06  .20624580E+07 -.10671260E+00  .43301440E+04
 .91332420E+03  .44046200E+03  .72003680E+06  .21637010E+07 -.97627660E-01  .42857580E+04
 .92732810E+03  .42524730E+03  .65511370E+06  .22537810E+07 -.89189430E-01  .42495130E+04
 .94010750E+03  .41044640E+03  .59244190E+06  .23325990E+07 -.81282320E-01  .42200230E+04
 .95173410E+03  .39607220E+03  .53195840E+06  .23998060E+07 -.73802440E-01  .41963260E+04
 .96226490E+03  .38213260E+03  .47359850E+06  .24547540E+07 -.66656150E-01  .41776220E+04
 .97174330E+03  .36863120E+03  .41729670E+06  .24964330E+07 -.59757590E-01  .41630850E+04
 .98020050E+03  .35556740E+03  .36298730E+06  .25233960E+07 -.53025820E-01  .41517970E+04
 .98765560E+03  .34293660E+03  .31060480E+06  .25337090E+07 -.46385480E-01  .41428400E+04
 .99411770E+03  .33073100E+03  .26008500E+06  .25249730E+07 -.39776670E-01  .41354910E+04
 .99958830E+03  .31894090E+03  .21136480E+06  .24943270E+07 -.33160020E-01  .41292240E+04
 .10040620E+04  .30755490E+03  .16438250E+06  .24384160E+07 -.26463250E-01  .41233500E+04
 .10075130E+04  .29655970E+03  .11907880E+06  .23540390E+07 -.19465450E-01  .41172270E+04
 .10098640E+04  .28594190E+03  .75395770E+05  .22402900E+07 -.11712920E-01  .41110550E+04
 .10109510E+04  .27569010E+03  .33277880E+05  .21016130E+07 -.24289780E-02  .41058650E+04
 .10104530E+04  .26579650E+03 -.73291670E+04  .19511490E+07  .96866230E-02  .41036090E+04
 .32037810E+03  .64955440E+03  .21093110E+07  .12683490E+06 -.37007580E+00  .27085060E+06
 .30037080E+03  .64968990E+03  .21456900E+07  .12789730E+06 -.34453030E+00  .25911800E+06
 .28177810E+03  .64984270E+03  .21820770E+07  .13012700E+06 -.31964210E+00  .21498780E+06
 .26455160E+03  .65003780E+03  .22184730E+07  .13332010E+06 -.29578010E+00  .16092820E+06
 .24862830E+03  .65030650E+03  .22548820E+07  .13735410E+06 -.27311970E+00  .11482990E+06
 .23393770E+03  .65068480E+03  .22913090E+07  .14213960E+06 -.25177260E+00  .81701070E+05
 .22040360E+03  .65121150E+03  .23277620E+07  .14759430E+06 -.23182380E+00  .59397380E+05
 .20794620E+03  .65192540E+03  .23642480E+07  .15363300E+06 -.21332770E+00  .44522120E+05
 .19648350E+03  .65286340E+03  .24007810E+07  .16016690E+06 -.19630000E+00  .34436290E+05
 .18593370E+03  .65405970E+03  .24373740E+07  .16710650E+06 -.18071430E+00  .27412950E+05
 .17621770E+03  .65554570E+03  .24740420E+07  .17436680E+06 -.16650780E+00  .22376760E+05
 .16726070E+03  .65735000E+03  .25108010E+07  .18187450E+06 -.15359100E+00  .18661170E+05
 .15899340E+03  .65949950E+03  .25476710E+07  .18957660E+06 -.14185990E+00  .15847200E+05
 .15135230E+03  .66201920E+03  .25846720E+07  .19745080E+06 -.13120680E+00  .13665680E+05
 .15135230E+03  .66201920E+03  .25846720E+07  .19745080E+06 -.13120680E+00  .13665680E+05
 .13679780E+03  .66888480E+03  .26644550E+07  .21525300E+06 -.11242780E+00  .10063890E+05
 .12425520E+03  .67789980E+03  .27452410E+07  .23696050E+06 -.97218100E-01  .80299450E+04
 .11334480E+03  .68930290E+03  .28272470E+07  .26106230E+06 -.85033510E-01  .64865470E+04
 .10376580E+03  .70354050E+03  .29107870E+07  .28678950E+06 -.74895370E-01  .53503320E+04
 .95313320E+02  .72094170E+03  .29962230E+07  .31350640E+06 -.66180970E-01  .45422600E+04
 .87838950E+02  .74165240E+03  .30839460E+07  .34071570E+06 -.58559520E-01  .39774410E+04
 .81220320E+02  .76568880E+03  .31743530E+07  .36818060E+06 -.51907400E-01  .35759230E+04
 .75345160E+02  .79303870E+03  .32678440E+07  .39591840E+06 -.46153620E-01  .32813000E+04
 .70112030E+02  .82367740E+03  .33648140E+07  .42397850E+06 -.41184730E-01  .30638520E+04
 .65434710E+02  .85751390E+03  .34656540E+07  .45232990E+06 -.36869830E-01  .29082590E+04
 .61241250E+02  .89437370E+03  .35707380E+07  .48091280E+06 -.33106840E-01  .28021450E+04
 .57469680E+02  .93404760E+03  .36804160E+07  .50971380E+06 -.29828890E-01  .27326950E+04
 .54064940E+02  .97635740E+03  .37950150E+07  .53878380E+06 -.26985190E-01  .26881870E+04
 .50977840E+02  .10211900E+04  .39148430E+07  .56821620E+06 -.24526380E-01  .26597010E+04
 .48165240E+02  .10684990E+04  .40402000E+07  .59812470E+06 -.22401890E-01  .26413370E+04
 .45589970E+02  .11182850E+04  .41713820E+07  .62863240E+06 -.20563010E-01  .26294880E+04
 .10000000E+02  .28000000E+02  .00000000E+00  .14000000E+02  .17000000E+02  .70908650E+04
 .32050420E+03  .64961210E+03  .21093610E+07  .12692040E+06 -.37008240E+00  .26406370E+06
 .34194200E+03  .64946790E+03  .20729860E+07  .12739920E+06 -.39541310E+00  .23458880E+06
 .36475560E+03  .64929000E+03  .20366210E+07  .13001600E+06 -.41884000E+00  .17420490E+06
 .38876460E+03  .64902860E+03  .20002680E+07  .13567250E+06 -.43755640E+00  .11066870E+06
 .41361070E+03  .64859830E+03  .19639330E+07  .14548610E+06 -.44820440E+00  .65750760E+05
 .43876790E+03  .64788060E+03  .19276300E+07  .16051820E+06 -.44847060E+00  .40117110E+05
 .46365100E+03  .64675070E+03  .18913780E+07  .18183760E+06 -.43892770E+00  .26386830E+05
 .48786320E+03  .64510470E+03  .18552030E+07  .21541880E+06 -.42556320E+00  .18699640E+05
 .51130050E+03  .64286910E+03  .18191370E+07  .26215580E+06 -.41136430E+00  .14153040E+05
 .53390710E+03  .64001900E+03  .17832140E+07  .31797160E+06 -.39555930E+00  .11377210E+05
 .53390710E+03  .64001900E+03  .17832140E+07  .31797160E+06 -.39555930E+00  .11377210E+05
 .58874240E+03  .62985220E+03  .16879360E+07  .42727140E+06 -.32762690E+00  .82840010E+04
 .63340220E+03  .61765730E+03  .15945610E+07  .56708810E+06 -.28401960E+00  .69224750E+04
 .67360520E+03  .60351310E+03  .15029560E+07  .72587240E+06 -.25298190E+00  .61077540E+04
 .70952640E+03  .58816470E+03  .14135670E+07  .88878160E+06 -.22662410E+00  .55815140E+04
 .74177350E+03  .57202260E+03  .13265460E+07  .10555060E+07 -.20389990E+00  .52244220E+04
 .77085350E+03  .55541230E+03  .12419840E+07  .12230800E+07 -.18431350E+00  .49719880E+04
 .79719820E+03  .53858030E+03  .11599330E+07  .13871860E+07 -.16734080E+00  .47866450E+04
 .82116010E+03  .52170900E+03  .10804120E+07  .15439030E+07 -.15245990E+00  .46463290E+04
 .84301900E+03  .50493390E+03  .10034150E+07  .16906390E+07 -.13923800E+00  .45377760E+04
 .86299820E+03  .48835600E+03  .92892160E+06  .18261480E+07 -.12735280E+00  .44525110E+04
 .88127980E+03  .47205100E+03  .85689480E+06  .19500990E+07 -.11656980E+00  .43846870E+04
 .89801530E+03  .45607380E+03  .78728990E+06  .20625950E+07 -.10670990E+00  .43300920E+04
 .91333150E+03  .44046390E+03  .72005430E+06  .21638330E+07 -.97625490E-01  .42857130E+04
 .92733520E+03  .42524890E+03  .65513090E+06  .22539090E+07 -.89187650E-01  .42494730E+04
 .94011440E+03  .41044780E+03  .59245890E+06  .23327230E+07 -.81280890E-01  .42199870E+04
 .95174080E+03  .39607350E+03  .53197530E+06  .23999260E+07 -.73801310E-01  .41962930E+04
 .96227140E+03  .38213380E+03  .47361520E+06  .24548710E+07 -.66655290E-01  .41775900E+04
 .97174980E+03  .36863230E+03  .41731320E+06  .24965470E+07 -.59757000E-01  .41630540E+04
 .98020680E+03  .35556830E+03  .36300360E+06  .25235060E+07 -.53025500E-01  .41517670E+04
 .98766200E+03  .34293730E+03  .31062100E+06  .25338150E+07 -.46385460E-01  .41428090E+04
 .99412400E+03  .33073160E+03  .26010110E+06  .25250750E+07 -.39777000E-01  .41354590E+04
 .99959470E+03  .31894140E+03  .21138080E+06  .24944230E+07 -.33160750E-01  .41291910E+04
 .10040680E+04  .30755530E+03  .16439850E+06  .24385050E+07 -.26464500E-01  .41233140E+04
 .10075190E+04  .29656000E+03  .11909460E+06  .23541190E+07 -.19467360E-01  .41171870E+04
 .10098720E+04  .28594210E+03  .75411610E+05  .22403590E+07 -.11715630E-01  .41110060E+04
 .10109580E+04  .27569020E+03  .33293700E+05  .21016700E+07 -.24325440E-02  .41057990E+04
 .10104610E+04  .26579630E+03 -.73133330E+04  .19511960E+07  .96824470E-02  .41035130E+04
 .32050420E+03  .64961210E+03  .21093610E+07  .12692040E+06 -.37008240E+00  .26406370E+06
 .30049580E+03  .64975100E+03  .21457430E+07  .12797270E+06 -.34455970E+00  .25308470E+06
 .28190100E+03  .64990710E+03  .21821330E+07  .13019410E+06 -.31968820E+00  .21094250E+06
 .26467160E+03  .65010550E+03  .22185330E+07  .13338000E+06 -.29583840E+00  .15873860E+06
 .24874480E+03  .65037710E+03  .22549460E+07  .13740770E+06 -.27318660E+00  .11376710E+06
 .23405020E+03  .65075840E+03  .22913780E+07  .14218760E+06 -.25184520E+00  .81194700E+05
 .22051200E+03  .65128780E+03  .23278340E+07  .14763720E+06 -.23189930E+00  .59147950E+05
 .20805040E+03  .65200430E+03  .23643250E+07  .15367150E+06 -.21340400E+00  .44392320E+05
 .19658340E+03  .65294480E+03  .24008630E+07  .16020160E+06 -.19637520E+00  .34364580E+05
 .18602940E+03  .65414330E+03  .24374600E+07  .16713800E+06 -.18078710E+00  .27371060E+05
 .17630950E+03  .65563140E+03  .24741320E+07  .17439600E+06 -.16657720E+00  .22351090E+05
 .16734870E+03  .65743790E+03  .25108970E+07  .18190260E+06 -.15365670E+00  .18644800E+05
 .15907780E+03  .65958930E+03  .25477720E+07  .18960530E+06 -.14192180E+00  .15836450E+05
 .15143330E+03  .66211080E+03  .25847780E+07  .19748200E+06 -.13126520E+00  .13658470E+05
 .15143330E+03  .66211080E+03  .25847780E+07  .19748200E+06 -.13126520E+00  .13658470E+05
 .13687210E+03  .66898100E+03  .26645720E+07  .21530380E+06 -.11248620E+00  .10059880E+05
 .12432270E+03  .67800060E+03  .27453700E+07  .23702450E+06 -.97272790E-01  .80272360E+04
 .11340610E+03  .68940880E+03  .28273880E+07  .26113380E+06 -.85082480E-01  .64848330E+04
 .10382160E+03  .70365170E+03  .29109410E+07  .28686490E+06 -.74938030E-01  .53493520E+04
 .95364350E+02  .72105820E+03  .29963910E+07  .31358360E+06 -.66217630E-01  .45417790E+04
 .87885900E+02  .74177380E+03  .30841280E+07  .34079340E+06 -.58590930E-01  .39772650E+04
 .81263770E+02  .76581460E+03  .31745500E+07  .36825840E+06 -.51934530E-01  .35759120E+04
 .75385570E+02  .79316870E+03  .32680560E+07  .39599680E+06 -.46177350E-01  .32813770E+04
 .70149770E+02  .82381140E+03  .33650420E+07  .42405790E+06 -.41205660E-01  .30639850E+04
 .65470080E+02  .85765170E+03  .34658990E+07  .45241050E+06 -.36888380E-01  .29084310E+04
 .61274510E+02  .89451500E+03  .35709990E+07  .48099480E+06 -.33123380E-01  .28023430E+04
 .57501080E+02  .93419210E+03  .36806950E+07  .50979730E+06 -.29843730E-01  .27329040E+04
 .54094640E+02  .97650510E+03  .37953110E+07  .53886880E+06 -.26998610E-01  .26883950E+04
 .51006000E+02  .10213410E+04  .39151570E+07  .56830300E+06 -.24538630E-01  .26598990E+04
 .48191990E+02  .10686530E+04  .40405320E+07  .59821350E+06 -.22413140E-01  .26415210E+04
 .45615430E+02  .11184430E+04  .41717330E+07  .62872330E+06 -.20573420E-01  .26296560E+04
 .10000000E+02  .28000000E+02  .00000000E+00  .14000000E+02  .17000000E+02  .70908650E+04
 .32063020E+03  .64966970E+03  .21094110E+07  .12700590E+06 -.37008880E+00  .25761200E+06
 .34206760E+03  .64952200E+03  .20730330E+07  .12749740E+06 -.39538790E+00  .22925590E+06
 .36487870E+03  .64934040E+03  .20366650E+07  .13013010E+06 -.41877300E+00  .17104140E+06
 .38888250E+03  .64907480E+03  .20003090E+07  .13580590E+06 -.43743930E+00  .10927030E+06
 .41372060E+03  .64864010E+03  .19639720E+07  .14564110E+06 -.44803880E+00  .65217050E+05
 .43886760E+03  .64791780E+03  .19276660E+07  .16069460E+06 -.44827210E+00  .39912610E+05
 .46373890E+03  .64678330E+03  .18914130E+07  .18201790E+06 -.43869810E+00  .26304040E+05
 .48793740E+03  .64513330E+03  .18552360E+07  .21556710E+06 -.42531450E+00  .18664470E+05
 .51136150E+03  .64289430E+03  .18191690E+07  .26230350E+06 -.41114650E+00  .14136020E+05
 .53395740E+03  .64004120E+03  .17832440E+07  .31815230E+06 -.39539700E+00  .11367450E+05
 .53395740E+03  .64004120E+03  .17832440E+07  .31815230E+06 -.39539700E+00  .11367450E+05
 .58877980E+03  .62986730E+03  .16879630E+07  .42761650E+06 -.32760370E+00  .82792560E+04
 .63343040E+03  .61766860E+03  .15945870E+07  .56729040E+06 -.28396760E+00  .69211080E+04
 .67362720E+03  .60352200E+03  .15029790E+07  .72606060E+06 -.25294940E+00  .61070180E+04
 .70954440E+03  .58817190E+03  .14135900E+07  .88896020E+06 -.22660170E+00  .55810640E+04
 .74178860E+03  .57202850E+03  .13265670E+07  .10556780E+07 -.20388390E+00  .52241260E+04
 .77086650E+03  .55541730E+03  .12420050E+07  .12232490E+07 -.18430160E+00  .49717820E+04
 .79720980E+03  .53858450E+03  .11599530E+07  .13873500E+07 -.16733190E+00  .47864950E+04
 .82117050E+03  .52171260E+03  .10804310E+07  .15440620E+07 -.15245310E+00  .46462130E+04
 .84302840E+03  .50493700E+03  .10034340E+07  .16907930E+07 -.13923270E+00  .45376860E+04
 .86300700E+03  .48835880E+03  .92894010E+06  .18262960E+07 -.12734860E+00  .44524380E+04
 .88128800E+03  .47205340E+03  .85691300E+06  .19502420E+07 -.11656650E+00  .43846250E+04
 .89802300E+03  .45607590E+03  .78730770E+06  .20627330E+07 -.10670720E+00  .43300400E+04
 .91333890E+03  .44046580E+03  .72007180E+06  .21639660E+07 -.97623310E-01  .42856680E+04
 .92734230E+03  .42525060E+03  .65514820E+06  .22540370E+07 -.89185880E-01  .42494330E+04
 .94012120E+03  .41044930E+03  .59247590E+06  .23328470E+07 -.81279450E-01  .42199510E+04
 .95174740E+03  .39607480E+03  .53199210E+06  .24000460E+07 -.73800180E-01  .41962590E+04
 .96227800E+03  .38213490E+03  .47363180E+06  .24549870E+07 -.66654440E-01  .41775590E+04
 .97175620E+03  .36863330E+03  .41732970E+06  .24966600E+07 -.59756410E-01  .41630240E+04
 .98021320E+03  .35556920E+03  .36301990E+06  .25236160E+07 -.53025180E-01  .41517370E+04
 .98766830E+03  .34293810E+03  .31063730E+06  .25339220E+07 -.46385440E-01  .41427780E+04
 .99413040E+03  .33073230E+03  .26011720E+06  .25251770E+07 -.39777320E-01  .41354280E+04
 .99960110E+03  .31894200E+03  .21139680E+06  .24945190E+07 -.33161490E-01  .41291590E+04
 .10040750E+04  .30755570E+03  .16441440E+06  .24385930E+07 -.26465750E-01  .41232790E+04
 .10075260E+04  .29656030E+03  .11911050E+06  .23541980E+07 -.19469270E-01  .41171470E+04
 .10098790E+04  .28594230E+03  .75427450E+05  .22404270E+07 -.11718340E-01  .41109570E+04
 .10109660E+04  .27569020E+03  .33309530E+05  .21017270E+07 -.24361110E-02  .41057330E+04
 .10104690E+04  .26579620E+03 -.72974990E+04  .19512440E+07  .96782720E-02  .41034170E+04
 .32063020E+03  .64966970E+03  .21094110E+07  .12700590E+06 -.37008880E+00  .25761200E+06
 .30062080E+03  .64981210E+03  .21457960E+07  .12804810E+06 -.34458900E+00  .24732910E+06
 .28202390E+03  .64997140E+03  .21821900E+07  .13026110E+06 -.31973410E+00  .20704870E+06
 .26479150E+03  .65017300E+03  .22185940E+07  .13343990E+06 -.29589650E+00  .15660880E+06
 .24886120E+03  .65044780E+03  .22550110E+07  .13746130E+06 -.27325340E+00  .11272420E+06
 .23416270E+03  .65083190E+03  .22914460E+07  .14223550E+06 -.25191760E+00  .80694790E+05
 .22062040E+03  .65136410E+03  .23279070E+07  .14768010E+06 -.23197470E+00  .58900720E+05
 .20815450E+03  .65208320E+03  .23644020E+07  .15370990E+06 -.21348010E+00  .44263320E+05
 .19668320E+03  .65302600E+03  .24009440E+07  .16023610E+06 -.19645030E+00  .34293210E+05
 .18612520E+03  .65422690E+03  .24375460E+07  .16716940E+06 -.18085980E+00  .27329330E+05
 .17640120E+03  .65571720E+03  .24742230E+07  .17442520E+06 -.16664670E+00  .22325490E+05
 .16743670E+03  .65752560E+03  .25109920E+07  .18193080E+06 -.15372240E+00  .18628480E+05
 .15916220E+03  .65967900E+03  .25478720E+07  .18963400E+06 -.14198370E+00  .15825720E+05
 .15151430E+03  .66220240E+03  .25848830E+07  .19751330E+06 -.13132360E+00  .13651270E+05
 .15151430E+03  .66220240E+03  .25848830E+07  .19751330E+06 -.13132360E+00  .13651270E+05
 .13694640E+03  .66907700E+03  .26646890E+07  .21535470E+06 -.11254460E+00  .10055880E+05
 .12439020E+03  .67810130E+03  .27454980E+07  .23708860E+06 -.97327490E-01  .80245290E+04
 .11346730E+03  .68951460E+03  .28275290E+07  .26120540E+06 -.85131430E-01  .64831200E+04
 .10387730E+03  .70376290E+03  .29110950E+07  .28694030E+06 -.74980660E-01  .53483750E+04
 .95415370E+02  .72117460E+03  .29965590E+07  .31366080E+06 -.66254270E-01  .45412990E+04
 .87932850E+02  .74189510E+03  .30843100E+07  .34087110E+06 -.58622320E-01  .39770910E+04
 .81307210E+02  .76594040E+03  .31747470E+07  .36833630E+06 -.51961650E-01  .35759020E+04
 .75425960E+02  .79329870E+03  .32682680E+07  .39607520E+06 -.46201070E-01  .32814540E+04
 .70187490E+02  .82394530E+03  .33652700E+07  .42413720E+06 -.41226580E-01  .30641170E+04
 .65505440E+02  .85778930E+03  .34661430E+07  .45249100E+06 -.36906930E-01  .29086030E+04
 .61307770E+02  .89465600E+03  .35712600E+07  .48107670E+06 -.33139910E-01  .28025400E+04
 .57532460E+02  .93433640E+03  .36809730E+07  .50988070E+06 -.29858560E-01  .27331120E+04
 .54124320E+02  .97665270E+03  .37956070E+07  .53895380E+06 -.27012030E-01  .26886020E+04
 .51034150E+02  .10214920E+04  .39154700E+07  .56838980E+06 -.24550860E-01  .26600970E+04
 .48218730E+02  .10688080E+04  .40408640E+07  .59830230E+06 -.22424380E-01  .26417060E+04
 .45640870E+02  .11186010E+04  .41720830E+07  .62881420E+06 -.20583820E-01  .26298230E+04
 .10000000E+02  .28000000E+02  .00000000E+00  .14000000E+02  .17000000E+02  .70908650E+04
 .32075610E+03  .64972720E+03  .21094610E+07  .12709150E+06 -.37009490E+00  .25147130E+06
 .34219300E+03  .64957600E+03  .20730800E+07  .12759560E+06 -.39536260E+00  .22416240E+06
 .36500150E+03  .64939070E+03  .20367090E+07  .13024420E+06 -.41870570E+00  .16799220E+06
 .38900020E+03  .64912110E+03  .20003500E+07  .13593930E+06 -.43732210E+00  .10790760E+06
 .41383040E+03  .64868200E+03  .19640100E+07  .14579610E+06 -.44787330E+00  .64692410E+05
 .43896710E+03  .64795510E+03  .19277030E+07  .16087100E+06 -.44807390E+00  .39710410E+05
 .46382680E+03  .64681590E+03  .18914470E+07  .18219690E+06 -.43846930E+00  .26221820E+05
 .48801160E+03  .64516190E+03  .18552690E+07  .21571450E+06 -.42506610E+00  .18629490E+05
 .51142250E+03  .64291940E+03  .18192000E+07  .26245040E+06 -.41092880E+00  .14119080E+05
 .53400770E+03  .64006340E+03  .17832740E+07  .31833230E+06 -.39523470E+00  .11357720E+05
 .53400770E+03  .64006340E+03  .17832740E+07  .31833230E+06 -.39523470E+00  .11357720E+05
 .58881720E+03  .62988240E+03  .16879900E+07  .42796150E+06 -.32758040E+00  .82745200E+04
 .63345860E+03  .61767990E+03  .15946120E+07  .56749280E+06 -.28391550E+00  .69197430E+04
 .67364920E+03  .60353090E+03  .15030030E+07  .72624890E+06 -.25291680E+00  .61062820E+04
 .70956240E+03  .58817910E+03  .14136130E+07  .88913870E+06 -.22657950E+00  .55806150E+04
 .74180380E+03  .57203440E+03  .13265890E+07  .10558510E+07 -.20386780E+00  .52238300E+04
 .77087960E+03  .55542220E+03  .12420250E+07  .12234170E+07 -.18428970E+00  .49715750E+04
 .79722130E+03  .53858870E+03  .11599730E+07  .13875140E+07 -.16732300E+00  .47863430E+04
 .82118080E+03  .52171630E+03  .10804510E+07  .15442220E+07 -.15244630E+00  .46460990E+04
 .84303790E+03  .50494010E+03  .10034530E+07  .16909470E+07 -.13922740E+00  .45375950E+04
 .86301570E+03  .48836150E+03  .92895860E+06  .18264450E+07 -.12734450E+00  .44523640E+04
 .88129620E+03  .47205580E+03  .85693110E+06  .19503840E+07 -.11656320E+00  .43845640E+04
 .89803080E+03  .45607810E+03  .78732550E+06  .20628700E+07 -.10670450E+00  .43299880E+04
 .91334630E+03  .44046770E+03  .72008940E+06  .21640980E+07 -.97621130E-01  .42856230E+04
 .92734940E+03  .42525220E+03  .65516540E+06  .22541650E+07 -.89184110E-01  .42493930E+04
 .94012810E+03  .41045080E+03  .59249300E+06  .23329710E+07 -.81278020E-01  .42199150E+04
 .95175420E+03  .39607610E+03  .53200890E+06  .24001660E+07 -.73799040E-01  .41962260E+04
 .96228440E+03  .38213600E+03  .47364840E+06  .24551040E+07 -.66653570E-01  .41775270E+04
 .97176260E+03  .36863430E+03  .41734610E+06  .24967730E+07 -.59755810E-01  .41629930E+04
 .98021950E+03  .35557010E+03  .36303630E+06  .25237260E+07 -.53024860E-01  .41517070E+04
 .98767460E+03  .34293890E+03  .31065340E+06  .25340280E+07 -.46385420E-01  .41427480E+04
 .99413670E+03  .33073290E+03  .26013330E+06  .25252790E+07 -.39777640E-01  .41353960E+04
 .99960750E+03  .31894250E+03  .21141280E+06  .24946150E+07 -.33162220E-01  .41291250E+04
 .10040820E+04  .30755620E+03  .16443030E+06  .24386820E+07 -.26467000E-01  .41232440E+04
 .10075330E+04  .29656060E+03  .11912640E+06  .23542780E+07 -.19471180E-01  .41171070E+04
 .10098860E+04  .28594250E+03  .75443300E+05  .22404950E+07 -.11721050E-01  .41109070E+04
 .10109740E+04  .27569020E+03  .33325360E+05  .21017840E+07 -.24396770E-02  .41056670E+04
 .10104770E+04  .26579610E+03 -.72816640E+04  .19512920E+07  .96740960E-02  .41033200E+04
 .32075610E+03  .64972720E+03  .21094610E+07  .12709150E+06 -.37009490E+00  .25147130E+06
 .30074570E+03  .64987300E+03  .21458490E+07  .12812350E+06 -.34461800E+00  .24183250E+06
 .28214670E+03  .65003580E+03  .21822470E+07  .13032810E+06 -.31977990E+00  .20329820E+06
 .26491140E+03  .65024050E+03  .22186540E+07  .13349970E+06 -.29595450E+00  .15453660E+06
 .24897750E+03  .65051830E+03  .22550750E+07  .13751480E+06 -.27332000E+00  .11170080E+06
 .23427520E+03  .65090540E+03  .22915140E+07  .14228340E+06 -.25198990E+00  .80201210E+05
 .22072870E+03  .65144040E+03  .23279790E+07  .14772300E+06 -.23205000E+00  .58655660E+05
 .20825860E+03  .65216200E+03  .23644790E+07  .15374830E+06 -.21355620E+00  .44135140E+05
 .19678310E+03  .65310720E+03  .24010260E+07  .16027070E+06 -.19652530E+00  .34222180E+05
 .18622090E+03  .65431040E+03  .24376320E+07  .16720080E+06 -.18093240E+00  .27287760E+05
 .17649290E+03  .65580280E+03  .24743140E+07  .17445430E+06 -.16671610E+00  .22299970E+05
 .16752460E+03  .65761330E+03  .25110880E+07  .18195890E+06 -.15378810E+00  .18612200E+05
 .15924650E+03  .65976860E+03  .25479730E+07  .18966270E+06 -.14204560E+00  .15815020E+05
 .15159540E+03  .66229390E+03  .25849890E+07  .19754470E+06 -.13138190E+00  .13644080E+05
 .15159540E+03  .66229390E+03  .25849890E+07  .19754470E+06 -.13138190E+00  .13644080E+05
 .13702070E+03  .66917300E+03  .26648060E+07  .21540580E+06 -.11260310E+00  .10051880E+05
 .12445770E+03  .67820190E+03  .27456270E+07  .23715270E+06 -.97382170E-01  .80218240E+04
 .11352860E+03  .68962040E+03  .28276700E+07  .26127700E+06 -.85180360E-01  .64814090E+04
 .10393310E+03  .70387410E+03  .29112490E+07  .28701570E+06 -.75023280E-01  .53473970E+04
 .95466380E+02  .72129110E+03  .29967270E+07  .31373800E+06 -.66290900E-01  .45408200E+04
 .87979780E+02  .74201640E+03  .30844920E+07  .34094880E+06 -.58653690E-01  .39769160E+04
 .81350650E+02  .76606620E+03  .31749430E+07  .36841410E+06 -.51988760E-01  .35758920E+04
 .75466360E+02  .79342860E+03  .32684800E+07  .39615350E+06 -.46224770E-01  .32815310E+04
 .70225210E+02  .82407920E+03  .33654980E+07  .42421650E+06 -.41247490E-01  .30642500E+04
 .65540800E+02  .85792690E+03  .34663870E+07  .45257160E+06 -.36925470E-01  .29087750E+04
 .61341030E+02  .89479710E+03  .35715210E+07  .48115860E+06 -.33156440E-01  .28027380E+04
 .57563840E+02  .93448070E+03  .36812510E+07  .50996400E+06 -.29873400E-01  .27333210E+04
 .54154010E+02  .97680020E+03  .37959020E+07  .53903880E+06 -.27025450E-01  .26888100E+04
 .51062300E+02  .10216430E+04  .39157840E+07  .56847660E+06 -.24563100E-01  .26602950E+04
 .48245470E+02  .10689620E+04  .40411950E+07  .59839090E+06 -.22435630E-01  .26418900E+04
 .45666310E+02  .11187590E+04  .41724340E+07  .62890500E+06 -.20594230E-01  .26299910E+04
 .10000000E+02  .28000000E+02  .00000000E+00  .14000000E+02  .17000000E+02  .70908650E+04
 .32088200E+03  .64978480E+03  .21095110E+07  .12717700E+06 -.37010090E+00  .24561950E+06
 .34231840E+03  .64963000E+03  .20731270E+07  .12769390E+06 -.39533700E+00  .21929260E+06
 .36512430E+03  .64944090E+03  .20367530E+07  .13035850E+06 -.41863830E+00  .16505120E+06
 .38911790E+03  .64916740E+03  .20003910E+07  .13607280E+06 -.43720480E+00  .10657930E+06
 .41394010E+03  .64872390E+03  .19640490E+07  .14595110E+06 -.44770780E+00  .64176610E+05
 .43906650E+03  .64799230E+03  .19277390E+07  .16104730E+06 -.44787590E+00  .39510500E+05
 .46391460E+03  .64684850E+03  .18914820E+07  .18237450E+06 -.43824150E+00  .26140150E+05
 .48808580E+03  .64519040E+03  .18553020E+07  .21586100E+06 -.42481820E+00  .18594690E+05
 .51148350E+03  .64294460E+03  .18192310E+07  .26259670E+06 -.41071130E+00  .14102210E+05
 .53405790E+03  .64008550E+03  .17833040E+07  .31851180E+06 -.39507250E+00  .11348030E+05
 .53405790E+03  .64008550E+03  .17833040E+07  .31851180E+06 -.39507250E+00  .11348030E+05
 .58885460E+03  .62989750E+03  .16880170E+07  .42830630E+06 -.32755710E+00  .82697930E+04
 .63348680E+03  .61769120E+03  .15946370E+07  .56769520E+06 -.28386350E+00  .69183790E+04
 .67367130E+03  .60353980E+03  .15030270E+07  .72643710E+06 -.25288440E+00  .61055470E+04
 .70958040E+03  .58818630E+03  .14136350E+07  .88931720E+06 -.22655720E+00  .55801660E+04
 .74181900E+03  .57204030E+03  .13266100E+07  .10560230E+07 -.20385170E+00  .52235340E+04
 .77089260E+03  .55542720E+03  .12420460E+07  .12235850E+07 -.18427790E+00  .49713690E+04
 .79723280E+03  .53859300E+03  .11599930E+07  .13876780E+07 -.16731410E+00  .47861930E+04
 .82119120E+03  .52171990E+03  .10804700E+07  .15443810E+07 -.15243950E+00  .46459840E+04
 .84304740E+03  .50494330E+03  .10034720E+07  .16911010E+07 -.13922220E+00  .45375050E+04
 .86302450E+03  .48836430E+03  .92897720E+06  .18265930E+07 -.12734030E+00  .44522910E+04
 .88130440E+03  .47205820E+03  .85694930E+06  .19505270E+07 -.11655990E+00  .43845030E+04
 .89803850E+03  .45608020E+03  .78734330E+06  .20630080E+07 -.10670190E+00  .43299370E+04
 .91335370E+03  .44046950E+03  .72010690E+06  .21642310E+07 -.97618950E-01  .42855780E+04
 .92735650E+03  .42525390E+03  .65518270E+06  .22542930E+07 -.89182330E-01  .42493530E+04
 .94013490E+03  .41045220E+03  .59251000E+06  .23330950E+07 -.81276590E-01  .42198790E+04
 .95176080E+03  .39607740E+03  .53202570E+06  .24002860E+07 -.73797910E-01  .41961930E+04
 .96229100E+03  .38213720E+03  .47366500E+06  .24552210E+07 -.66652720E-01  .41774960E+04
 .97176900E+03  .36863530E+03  .41736260E+06  .24968870E+07 -.59755220E-01  .41629630E+04
 .98022580E+03  .35557100E+03  .36305260E+06  .25238360E+07 -.53024540E-01  .41516760E+04
 .98768090E+03  .34293960E+03  .31066960E+06  .25341340E+07 -.46385400E-01  .41427170E+04
 .99414300E+03  .33073360E+03  .26014940E+06  .25253800E+07 -.39777960E-01  .41353650E+04
 .99961400E+03  .31894310E+03  .21142880E+06  .24947110E+07 -.33162950E-01  .41290930E+04
 .10040880E+04  .30755660E+03  .16444630E+06  .24387710E+07 -.26468250E-01  .41232080E+04
 .10075400E+04  .29656090E+03  .11914230E+06  .23543570E+07 -.19473090E-01  .41170670E+04
 .10098930E+04  .28594270E+03  .75459140E+05  .22405640E+07 -.11723760E-01  .41108580E+04
 .10109810E+04  .27569020E+03  .33341180E+05  .21018410E+07 -.24432440E-02  .41056020E+04
 .10104850E+04  .26579590E+03 -.72658300E+04  .19513400E+07  .96699190E-02  .41032240E+04
 .32088200E+03  .64978480E+03  .21095110E+07  .12717700E+06 -.37010090E+00  .24561950E+06
 .30087060E+03  .64993400E+03  .21459030E+07  .12819890E+06 -.34464680E+00  .23657780E+06
 .28226940E+03  .65010000E+03  .21823030E+07  .13039510E+06 -.31982540E+00  .19968320E+06
 .26503120E+03  .65030790E+03  .22187150E+07  .13355950E+06 -.29601230E+00  .15251940E+06
 .24909390E+03  .65058890E+03  .22551390E+07  .13756830E+06 -.27338650E+00  .11069620E+06
 .23438760E+03  .65097880E+03  .22915830E+07  .14233130E+06 -.25206210E+00  .79713860E+05
 .22083700E+03  .65151650E+03  .23280520E+07  .14776580E+06 -.23212520E+00  .58412730E+05
 .20836260E+03  .65224070E+03  .23645560E+07  .15378660E+06 -.21363210E+00  .44007760E+05
 .19688290E+03  .65318840E+03  .24011070E+07  .16030510E+06 -.19660020E+00  .34151480E+05
 .18631650E+03  .65439390E+03  .24377180E+07  .16723210E+06 -.18100500E+00  .27246340E+05
 .17658460E+03  .65588840E+03  .24744040E+07  .17448350E+06 -.16678540E+00  .22274530E+05
 .16761250E+03  .65770100E+03  .25111830E+07  .18198710E+06 -.15385380E+00  .18595960E+05
 .15933090E+03  .65985820E+03  .25480730E+07  .18969150E+06 -.14210750E+00  .15804350E+05
 .15167630E+03  .66238530E+03  .25850940E+07  .19757620E+06 -.13144030E+00  .13636910E+05
 .15167630E+03  .66238530E+03  .25850940E+07  .19757620E+06 -.13144030E+00  .13636910E+05
 .13709500E+03  .66926890E+03  .26649230E+07  .21545690E+06 -.11266150E+00  .10047870E+05
 .12452510E+03  .67830240E+03  .27457550E+07  .23721690E+06 -.97436840E-01  .80191200E+04
 .11358980E+03  .68972610E+03  .28278110E+07  .26134860E+06 -.85229280E-01  .64797000E+04
 .10398880E+03  .70398520E+03  .29114030E+07  .28709110E+06 -.75065880E-01  .53464220E+04
 .95517360E+02  .72140740E+03  .29968940E+07  .31381520E+06 -.66327500E-01  .45403420E+04
 .88026700E+02  .74213760E+03  .30846730E+07  .34102640E+06 -.58685060E-01  .39767420E+04
 .81394070E+02  .76619180E+03  .31751400E+07  .36849190E+06 -.52015860E-01  .35758820E+04
 .75506740E+02  .79355840E+03  .32686920E+07  .39623180E+06 -.46248470E-01  .32816090E+04
 .70262920E+02  .82421300E+03  .33657260E+07  .42429580E+06 -.41268400E-01  .30643820E+04
 .65576150E+02  .85806440E+03  .34666310E+07  .45265210E+06 -.36944010E-01  .29089480E+04
 .61374280E+02  .89493800E+03  .35717820E+07  .48124040E+06 -.33172960E-01  .28029360E+04
 .57595210E+02  .93462490E+03  .36815290E+07  .51004730E+06 -.29888230E-01  .27335290E+04
 .54183690E+02  .97694760E+03  .37961970E+07  .53912380E+06 -.27038870E-01  .26890170E+04
 .51090440E+02  .10217940E+04  .39160970E+07  .56856330E+06 -.24575340E-01  .26604930E+04
 .48272210E+02  .10691160E+04  .40415270E+07  .59847960E+06 -.22446870E-01  .26420730E+04
 .45691750E+02  .11189170E+04  .41727840E+07  .62899580E+06 -.20604630E-01  .26301590E+04
