 .10000000E+02  .28000000E+02  .00000000E+00  .14000000E+02  .17000000E+02  .70908650E+04
 .32088200E+03  .64978480E+03  .21095110E+07  .12717700E+06 -.37010090E+00  .24561950E+06
 .34231840E+03  .64963000E+03  .20731270E+07  .12769390E+06 -.39533700E+00  .21929260E+06
 .36512430E+03  .64944090E+03  .20367530E+07  .13035850E+06 -.41863830E+00  .16505120E+06
 .38911790E+03  .64916740E+03  .20003910E+07  .13607280E+06 -.43720480E+00  .10657930E+06
 .41394010E+03  .64872390E+03  .19640490E+07  .14595110E+06 -.44770780E+00  .64176610E+05
 .43906650E+03  .64799230E+03  .19277390E+07  .16104730E+06 -.44787590E+00  .39510500E+05
 .46391460E+03  .64684850E+03  .18914820E+07  .18237450E+06 -.43824150E+00  .26140150E+05
 .48808580E+03  .64519040E+03  .18553020E+07  .21586100E+06 -.42481820E+00  .18594690E+05
 .51148350E+03  .64294460E+03  .18192310E+07  .26259670E+06 -.41071130E+00  .14102210E+05
 .53405790E+03  .64008550E+03  .17833040E+07  .31851180E+06 -.39507250E+00  .11348030E+05
 .53405790E+03  .64008550E+03  .17833040E+07  .31851180E+06 -.39507250E+00  .11348030E+05
 .58885460E+03  .62989750E+03  .16880170E+07  .42830630E+06 -.32755710E+00  .82697930E+04
 .63348680E+03  .61769120E+03  .15946370E+07  .56769520E+06 -.28386350E+00  .69183790E+04
 .67367130E+03  .60353980E+03  .15030270E+07  .72643710E+06 -.25288440E+00  .61055470E+04
 .70958040E+03  .58818630E+03  .14136350E+07  .88931720E+06 -.22655720E+00  .55801660E+04
 .74181900E+03  .57204030E+03  .13266100E+07  .10560230E+07 -.20385170E+00  .52235340E+04
 .77089260E+03  .55542720E+03  .12420460E+07  .12235850E+07 -.18427790E+00  .49713690E+04
 .79723280E+03  .53859300E+03  .11599930E+07  .13876780E+07 -.16731410E+00  .47861930E+04
 .82119120E+03  .52171990E+03  .10804700E+07  .15443810E+07 -.15243950E+00  .46459840E+04
 .84304740E+03  .50494330E+03  .10034720E+07  .16911010E+07 -.13922220E+00  .45375050E+04
 .86302450E+03  .48836430E+03  .92897720E+06  .18265930E+07 -.12734030E+00  .44522910E+04
 .88130440E+03  .47205820E+03  .85694930E+06  .19505270E+07 -.11655990E+00  .43845030E+04
 .89803850E+03  .45608020E+03  .78734330E+06  .20630080E+07 -.10670190E+00  .43299370E+04
 .91335370E+03  .44046950E+03  .72010690E+06  .21642310E+07 -.97618950E-01  .42855780E+04
 .92735650E+03  .42525390E+03  .65518270E+06  .22542930E+07 -.89182330E-01  .42493530E+04
 .94013490E+03  .41045220E+03  .59251000E+06  .23330950E+07 -.81276590E-01  .42198790E+04
 .95176080E+03  .39607740E+03  .53202570E+06  .24002860E+07 -.73797910E-01  .41961930E+04
 .96229100E+03  .38213720E+03  .47366500E+06  .24552210E+07 -.66652720E-01  .41774960E+04
 .97176900E+03  .36863530E+03  .41736260E+06  .24968870E+07 -.59755220E-01  .41629630E+04
 .98022580E+03  .35557100E+03  .36305260E+06  .25238360E+07 -.53024540E-01  .41516760E+04
 .98768090E+03  .34293960E+03  .31066960E+06  .25341340E+07 -.46385400E-01  .41427170E+04
 .99414300E+03  .33073360E+03  .26014940E+06  .25253800E+07 -.39777960E-01  .41353650E+04
 .99961400E+03  .31894310E+03  .21142880E+06  .24947110E+07 -.33162950E-01  .41290930E+04
 .10040880E+04  .30755660E+03  .16444630E+06  .24387710E+07 -.26468250E-01  .41232080E+04
 .10075400E+04  .29656090E+03  .11914230E+06  .23543570E+07 -.19473090E-01  .41170670E+04
 .10098930E+04  .28594270E+03  .75459140E+05  .22405640E+07 -.11723760E-01  .41108580E+04
 .10109810E+04  .27569020E+03  .33341180E+05  .21018410E+07 -.24432440E-02  .41056020E+04
 .10104850E+04  .26579590E+03 -.72658300E+04  .19513400E+07  .96699190E-02  .41032240E+04
 .32088200E+03  .64978480E+03  .21095110E+07  .12717700E+06 -.37010090E+00  .24561950E+06
 .30087060E+03  .64993400E+03  .21459030E+07  .12819890E+06 -.34464680E+00  .23657780E+06
 .28226940E+03  .65010000E+03  .21823030E+07  .13039510E+06 -.31982540E+00  .19968320E+06
 .26503120E+03  .65030790E+03  .22187150E+07  .13355950E+06 -.29601230E+00  .15251940E+06
 .24909390E+03  .65058890E+03  .22551390E+07  .13756830E+06 -.27338650E+00  .11069620E+06
 .23438760E+03  .65097880E+03  .22915830E+07  .14233130E+06 -.25206210E+00  .79713860E+05
 .22083700E+03  .65151650E+03  .23280520E+07  .14776580E+06 -.23212520E+00  .58412730E+05
 .20836260E+03  .65224070E+03  .23645560E+07  .15378660E+06 -.21363210E+00  .44007760E+05
 .19688290E+03  .65318840E+03  .24011070E+07  .16030510E+06 -.19660020E+00  .34151480E+05
 .18631650E+03  .65439390E+03  .24377180E+07  .16723210E+06 -.18100500E+00  .27246340E+05
 .17658460E+03  .65588840E+03  .24744040E+07  .17448350E+06 -.16678540E+00  .22274530E+05
 .16761250E+03  .65770100E+03  .25111830E+07  .18198710E+06 -.15385380E+00  .18595960E+05
 .15933090E+03  .65985820E+03  .25480730E+07  .18969150E+06 -.14210750E+00  .15804350E+05
 .15167630E+03  .66238530E+03  .25850940E+07  .19757620E+06 -.13144030E+00  .13636910E+05
 .15167630E+03  .66238530E+03  .25850940E+07  .19757620E+06 -.13144030E+00  .13636910E+05
 .13709500E+03  .66926890E+03  .26649230E+07  .21545690E+06 -.11266150E+00  .10047870E+05
 .12452510E+03  .67830240E+03  .27457550E+07  .23721690E+06 -.97436840E-01  .80191200E+04
 .11358980E+03  .68972610E+03  .28278110E+07  .26134860E+06 -.85229280E-01  .64797000E+04
 .10398880E+03  .70398520E+03  .29114030E+07  .28709110E+06 -.75065880E-01  .53464220E+04
 .95517360E+02  .72140740E+03  .29968940E+07  .31381520E+06 -.66327500E-01  .45403420E+04
 .88026700E+02  .74213760E+03  .30846730E+07  .34102640E+06 -.58685060E-01  .39767420E+04
 .81394070E+02  .76619180E+03  .31751400E+07  .36849190E+06 -.52015860E-01  .35758820E+04
 .75506740E+02  .79355840E+03  .32686920E+07  .39623180E+06 -.46248470E-01  .32816090E+04
 .70262920E+02  .82421300E+03  .33657260E+07  .42429580E+06 -.41268400E-01  .30643820E+04
 .65576150E+02  .85806440E+03  .34666310E+07  .45265210E+06 -.36944010E-01  .29089480E+04
 .61374280E+02  .89493800E+03  .35717820E+07  .48124040E+06 -.33172960E-01  .28029360E+04
 .57595210E+02  .93462490E+03  .36815290E+07  .51004730E+06 -.29888230E-01  .27335290E+04
 .54183690E+02  .97694760E+03  .37961970E+07  .53912380E+06 -.27038870E-01  .26890170E+04
 .51090440E+02  .10217940E+04  .39160970E+07  .56856330E+06 -.24575340E-01  .26604930E+04
 .48272210E+02  .10691160E+04  .40415270E+07  .59847960E+06 -.22446870E-01  .26420730E+04
 .45691750E+02  .11189170E+04  .41727840E+07  .62899580E+06 -.20604630E-01  .26301590E+04
 .10000000E+02  .28000000E+02  .00000000E+00  .14000000E+02  .17000000E+02  .70908650E+04
 .32205770E+03  .65032200E+03  .21099770E+07  .12798050E+06 -.37014660E+00  .20173100E+06
 .34348880E+03  .65013420E+03  .20735640E+07  .12861700E+06 -.39508720E+00  .18226260E+06
 .36627030E+03  .64991020E+03  .20371630E+07  .13143140E+06 -.41799750E+00  .14183000E+06
 .39021520E+03  .64959870E+03  .20007760E+07  .13732650E+06 -.43610100E+00  .95584060E+05
 .41496280E+03  .64911410E+03  .19644110E+07  .14740560E+06 -.44615930E+00  .59732570E+05
 .43999310E+03  .64833930E+03  .19280810E+07  .16270050E+06 -.44602970E+00  .37740410E+05
 .46473340E+03  .64715270E+03  .18918050E+07  .18397140E+06 -.43614720E+00  .25400160E+05
 .48877850E+03  .64545680E+03  .18556090E+07  .21719120E+06 -.42251390E+00  .18277220E+05
 .51205320E+03  .64317930E+03  .18195240E+07  .26393590E+06 -.40868090E+00  .13947660E+05
 .53452760E+03  .64029270E+03  .17835840E+07  .32016500E+06 -.39355290E+00  .11258950E+05
 .53452760E+03  .64029270E+03  .17835840E+07  .32016500E+06 -.39355290E+00  .11258950E+05
 .58920350E+03  .63003910E+03  .16882720E+07  .43153070E+06 -.32733930E+00  .82259350E+04
 .63375050E+03  .61779720E+03  .15948740E+07  .56959240E+06 -.28337790E+00  .69056700E+04
 .67387750E+03  .60362330E+03  .15032490E+07  .72820130E+06 -.25258080E+00  .60986810E+04
 .70974890E+03  .58825380E+03  .14138460E+07  .89099040E+06 -.22634890E+00  .55759670E+04
 .74196090E+03  .57209590E+03  .13268130E+07  .10576410E+07 -.20370150E+00  .52207650E+04
 .77101520E+03  .55547370E+03  .12422410E+07  .12251630E+07 -.18416680E+00  .49694380E+04
 .79734080E+03  .53863240E+03  .11601810E+07  .13892170E+07 -.16723060E+00  .47847800E+04
 .82128830E+03  .52175380E+03  .10806530E+07  .15458760E+07 -.15237590E+00  .46449080E+04
 .84313600E+03  .50497260E+03  .10036500E+07  .16925460E+07 -.13917280E+00  .45366560E+04
 .86310660E+03  .48838990E+03  .92915100E+06  .18279850E+07 -.12730150E+00  .44516020E+04
 .88138130E+03  .47208070E+03  .85711950E+06  .19518660E+07 -.11652880E+00  .43839310E+04
 .89811120E+03  .45610000E+03  .78751030E+06  .20642960E+07 -.10667680E+00  .43294500E+04
 .91342300E+03  .44048710E+03  .72027110E+06  .21654720E+07 -.97598550E-01  .42851550E+04
 .92742300E+03  .42526940E+03  .65534440E+06  .22554920E+07 -.89165720E-01  .42489790E+04
 .94019920E+03  .41046600E+03  .59266960E+06  .23342550E+07 -.81263170E-01  .42195410E+04
 .95182330E+03  .39608960E+03  .53218330E+06  .24014110E+07 -.73787290E-01  .41958800E+04
 .96235210E+03  .38214800E+03  .47382090E+06  .24563140E+07 -.66644680E-01  .41772000E+04
 .97182900E+03  .36864480E+03  .41751690E+06  .24979500E+07 -.59749680E-01  .41626770E+04
 .98028530E+03  .35557920E+03  .36320560E+06  .25248670E+07 -.53021570E-01  .41513930E+04
 .98774010E+03  .34294670E+03  .31082150E+06  .25351310E+07 -.46385210E-01  .41424310E+04
 .99420240E+03  .33073960E+03  .26030030E+06  .25263350E+07 -.39780970E-01  .41350700E+04
 .99967410E+03  .31894800E+03  .21157880E+06  .24956120E+07 -.33169820E-01  .41287850E+04
 .10041500E+04  .30756050E+03  .16459570E+06  .24396030E+07 -.26479980E-01  .41228780E+04
 .10076040E+04  .29656380E+03  .11929110E+06  .23551020E+07 -.19491010E-01  .41166910E+04
 .10099600E+04  .28594440E+03  .75607660E+05  .22412060E+07 -.11749180E-01  .41103970E+04
 .10110530E+04  .27569060E+03  .33489550E+05  .21023740E+07 -.24766830E-02  .41049830E+04
 .10105620E+04  .26579450E+03 -.71173920E+04  .19517900E+07  .96307730E-02  .41023240E+04
 .32205770E+03  .65032200E+03  .21099770E+07  .12798050E+06 -.37014660E+00  .20173100E+06
 .30203740E+03  .65050310E+03  .21464000E+07  .12890640E+06 -.34490790E+00  .19663930E+06
 .28341700E+03  .65070010E+03  .21828340E+07  .13102340E+06 -.32024400E+00  .17122220E+06
 .26615190E+03  .65093800E+03  .22192790E+07  .13411980E+06 -.29654630E+00  .13593080E+06
 .25018230E+03  .65124760E+03  .22557400E+07  .13806860E+06 -.27400300E+00  .10210870E+06
 .23543980E+03  .65166490E+03  .22922210E+07  .14277810E+06 -.25273260E+00  .75426800E+05
 .22185080E+03  .65222830E+03  .23287290E+07  .14816480E+06 -.23282500E+00  .56234360E+05
 .20933690E+03  .65297660E+03  .23652740E+07  .15414350E+06 -.21434000E+00  .42851230E+05
 .19781770E+03  .65394700E+03  .24018670E+07  .16062610E+06 -.19729940E+00  .33504480E+05
 .18721270E+03  .65517360E+03  .24385210E+07  .16752430E+06 -.18168290E+00  .26865360E+05
 .17744360E+03  .65668840E+03  .24752520E+07  .17475580E+06 -.16743380E+00  .22039780E+05
 .16843620E+03  .65852000E+03  .25120760E+07  .18225120E+06 -.15446830E+00  .18445790E+05
 .16012110E+03  .66069540E+03  .25490120E+07  .18996260E+06 -.14268750E+00  .15705440E+05
 .15243500E+03  .66323980E+03  .25860810E+07  .19787360E+06 -.13198820E+00  .13570300E+05
 .15243500E+03  .66323980E+03  .25860810E+07  .19787360E+06 -.13198820E+00  .13570300E+05
 .13779040E+03  .67016560E+03  .26660140E+07  .21594250E+06 -.11321040E+00  .10010370E+05
 .12515670E+03  .67924270E+03  .27469570E+07  .23782200E+06 -.97949130E-01  .79938520E+04
 .11416300E+03  .69071460E+03  .28291280E+07  .26202140E+06 -.85687060E-01  .64637720E+04
 .10451070E+03  .70502400E+03  .29128420E+07  .28779820E+06 -.75464370E-01  .53373490E+04
 .95994800E+02  .72249520E+03  .29984610E+07  .31453840E+06 -.66669920E-01  .45359030E+04
 .88466080E+02  .74327080E+03  .30863730E+07  .34175340E+06 -.58978390E-01  .39751360E+04
 .81800740E+02  .76736650E+03  .31769780E+07  .36921980E+06 -.52269350E-01  .35758010E+04
 .75884960E+02  .79477200E+03  .32706740E+07  .39696440E+06 -.46470230E-01  .32823380E+04
 .70616140E+02  .82546350E+03  .33678550E+07  .42503740E+06 -.41464040E-01  .30656250E+04
 .65907260E+02  .85934960E+03  .34689130E+07  .45340510E+06 -.37117510E-01  .29105600E+04
 .61685730E+02  .89625540E+03  .35742200E+07  .48200610E+06 -.33327630E-01  .28047850E+04
 .57889070E+02  .93597270E+03  .36841270E+07  .51082670E+06 -.30027050E-01  .27354790E+04
 .54461720E+02  .97832520E+03  .37989590E+07  .53991810E+06 -.27164470E-01  .26909540E+04
 .51354080E+02  .10232020E+04  .39190250E+07  .56937410E+06 -.24689890E-01  .26623420E+04
 .48522670E+02  .10705570E+04  .40446260E+07  .59930860E+06 -.22552130E-01  .26437920E+04
 .45930070E+02  .11203930E+04  .41760580E+07  .62984480E+06 -.20702030E-01  .26317240E+04
 .10000000E+02  .28000000E+02  .00000000E+00  .14000000E+02  .17000000E+02  .70908650E+04
 .32322610E+03  .65085530E+03  .21104420E+07  .12878680E+06 -.37017430E+00  .17127800E+06
 .34465090E+03  .65063460E+03  .20740000E+07  .12954390E+06 -.39481930E+00  .15603210E+06
 .36740700E+03  .65037570E+03  .20375720E+07  .13250870E+06 -.41734170E+00  .12440620E+06
 .39130250E+03  .65002660E+03  .20011600E+07  .13858410E+06 -.43499000E+00  .86693180E+05
 .41597540E+03  .64950120E+03  .19647720E+07  .14886230E+06 -.44461630E+00  .55894970E+05
 .44091040E+03  .64868350E+03  .19284210E+07  .16435330E+06 -.44420170E+00  .36139580E+05
 .46554520E+03  .64745440E+03  .18921270E+07  .18563970E+06 -.43418340E+00  .24700320E+05
 .48946720E+03  .64572100E+03  .18559160E+07  .21844430E+06 -.42024250E+00  .17974660E+05
 .51262020E+03  .64341220E+03  .18198170E+07  .26521780E+06 -.40666480E+00  .13799360E+05
 .53499500E+03  .64049880E+03  .17838650E+07  .32176580E+06 -.39203590E+00  .11172980E+05
 .53499500E+03  .64049880E+03  .17838650E+07  .32176580E+06 -.39203590E+00  .11172980E+05
 .58954980E+03  .63018040E+03  .16885260E+07  .43474010E+06 -.32712160E+00  .81828830E+04
 .63401350E+03  .61790290E+03  .15951100E+07  .57148990E+06 -.28289610E+00  .68930970E+04
 .67408330E+03  .60370670E+03  .15034720E+07  .72996530E+06 -.25227890E+00  .60918630E+04
 .70991710E+03  .58832110E+03  .14140580E+07  .89266310E+06 -.22614150E+00  .55717890E+04
 .74210260E+03  .57215140E+03  .13270150E+07  .10592570E+07 -.20355180E+00  .52180060E+04
 .77113750E+03  .55552010E+03  .12424350E+07  .12267390E+07 -.18405600E+00  .49675120E+04
 .79744880E+03  .53867190E+03  .11603690E+07  .13907550E+07 -.16714730E+00  .47833720E+04
 .82138530E+03  .52178770E+03  .10808350E+07  .15473690E+07 -.15231240E+00  .46438340E+04
 .84322460E+03  .50500200E+03  .10038280E+07  .16939900E+07 -.13912360E+00  .45358100E+04
 .86318860E+03  .48841550E+03  .92932480E+06  .18293760E+07 -.12726270E+00  .44509150E+04
 .88145810E+03  .47210320E+03  .85728970E+06  .19532040E+07 -.11649790E+00  .43833580E+04
 .89818380E+03  .45611980E+03  .78767740E+06  .20655830E+07 -.10665180E+00  .43289630E+04
 .91349220E+03  .44050460E+03  .72043530E+06  .21667130E+07 -.97578180E-01  .42847330E+04
 .92748950E+03  .42528500E+03  .65550620E+06  .22566890E+07 -.89149140E-01  .42486050E+04
 .94026350E+03  .41047980E+03  .59282910E+06  .23354140E+07 -.81249770E-01  .42192030E+04
 .95188570E+03  .39610180E+03  .53234090E+06  .24025360E+07 -.73776700E-01  .41955670E+04
 .96241310E+03  .38215880E+03  .47397680E+06  .24574060E+07 -.66636650E-01  .41769040E+04
 .97188910E+03  .36865430E+03  .41767130E+06  .24990120E+07 -.59744150E-01  .41623910E+04
 .98034470E+03  .35558750E+03  .36335860E+06  .25258980E+07 -.53018600E-01  .41511100E+04
 .98779930E+03  .34295390E+03  .31097340E+06  .25361270E+07 -.46385030E-01  .41421450E+04
 .99426180E+03  .33074560E+03  .26045120E+06  .25272890E+07 -.39783980E-01  .41347750E+04
 .99973410E+03  .31895300E+03  .21172890E+06  .24965130E+07 -.33176690E-01  .41284770E+04
 .10042110E+04  .30756450E+03  .16474500E+06  .24404340E+07 -.26491720E-01  .41225470E+04
 .10076670E+04  .29656670E+03  .11944000E+06  .23558470E+07 -.19508930E-01  .41163160E+04
 .10100270E+04  .28594610E+03  .75756180E+05  .22418470E+07 -.11774610E-01  .41099370E+04
 .10111240E+04  .27569100E+03  .33637910E+05  .21029080E+07 -.25101280E-02  .41043660E+04
 .10106390E+04  .26579310E+03 -.69689660E+04  .19522410E+07  .95916330E-02  .41014240E+04
 .32322610E+03  .65085530E+03  .21104420E+07  .12878680E+06 -.37017430E+00  .17127800E+06
 .30319780E+03  .65106820E+03  .21468960E+07  .12961560E+06 -.34515210E+00  .16836680E+06
 .28455910E+03  .65129600E+03  .21833620E+07  .13165210E+06 -.32064710E+00  .14996050E+06
 .26726800E+03  .65156380E+03  .22198420E+07  .13467940E+06 -.29706640E+00  .12265550E+06
 .25126670E+03  .65190220E+03  .22563380E+07  .13856730E+06 -.27460700E+00  .94788050E+05
 .23648880E+03  .65234660E+03  .22928570E+07  .14322240E+06 -.25339230E+00  .71592540E+05
 .22286180E+03  .65293570E+03  .23294040E+07  .14856080E+06 -.23351550E+00  .54220710E+05
 .21030890E+03  .65370810E+03  .23659890E+07  .15449730E+06 -.21504030E+00  .41758730E+05
 .19875060E+03  .65470100E+03  .24026230E+07  .16094410E+06 -.19799240E+00  .32884710E+05
 .18810730E+03  .65594900E+03  .24393200E+07  .16781430E+06 -.18235610E+00  .26497140E+05
 .17830130E+03  .65748370E+03  .24760950E+07  .17502730E+06 -.16807890E+00  .21811570E+05
 .16925860E+03  .65933440E+03  .25129640E+07  .18251650E+06 -.15508110E+00  .18299210E+05
 .16091010E+03  .66152780E+03  .25499470E+07  .19023720E+06 -.14326710E+00  .15608570E+05
 .15319250E+03  .66408940E+03  .25870620E+07  .19817660E+06 -.13253700E+00  .13504810E+05
 .15319250E+03  .66408940E+03  .25870620E+07  .19817660E+06 -.13253700E+00  .13504810E+05
 .13848420E+03  .67105780E+03  .26671000E+07  .21643860E+06 -.11376040E+00  .99729370E+04
 .12578660E+03  .68017830E+03  .27481520E+07  .23843290E+06 -.98460810E-01  .79687370E+04
 .11473470E+03  .69169840E+03  .28304390E+07  .26269640E+06 -.86143310E-01  .64480130E+04
 .10503120E+03  .70605790E+03  .29142740E+07  .28850560E+06 -.75861260E-01  .53283980E+04
 .96471150E+02  .72357790E+03  .30000190E+07  .31526060E+06 -.67010860E-01  .45315420E+04
 .88904530E+02  .74439840E+03  .30880650E+07  .34247860E+06 -.59270490E-01  .39735730E+04
 .82206600E+02  .76853530E+03  .31788080E+07  .36994530E+06 -.52521860E-01  .35757390E+04
 .76262480E+02  .79597940E+03  .32726450E+07  .39769450E+06 -.46691220E-01  .32830740E+04
 .70968740E+02  .82670750E+03  .33699740E+07  .42577630E+06 -.41659080E-01  .30668680E+04
 .66237810E+02  .86062790E+03  .34711830E+07  .45415520E+06 -.37290500E-01  .29121700E+04
 .61996680E+02  .89756560E+03  .35766460E+07  .48276850E+06 -.33481870E-01  .28066290E+04
 .58182490E+02  .93731300E+03  .36867110E+07  .51160270E+06 -.30165520E-01  .27374220E+04
 .54739330E+02  .97969510E+03  .38017060E+07  .54070890E+06 -.27289760E-01  .26928830E+04
 .51617340E+02  .10246020E+04  .39219390E+07  .57018140E+06 -.24804180E-01  .26641810E+04
 .48772790E+02  .10719900E+04  .40477100E+07  .60013390E+06 -.22657170E-01  .26454990E+04
 .46168060E+02  .11218610E+04  .41793160E+07  .63068980E+06 -.20799230E-01  .26332800E+04
 .10000000E+02  .28000000E+02  .00000000E+00  .14000000E+02  .17000000E+02  .70908650E+04
 .32438720E+03  .65138490E+03  .21109050E+07  .12959610E+06 -.37018430E+00  .14891000E+06
 .34580470E+03  .65113130E+03  .20744350E+07  .13047480E+06 -.39453390E+00  .13647860E+06
 .36853430E+03  .65083760E+03  .20379790E+07  .13359040E+06 -.41667120E+00  .11085080E+06
 .39238000E+03  .65045100E+03  .20015430E+07  .13984560E+06 -.43387260E+00  .79356210E+05
 .41697810E+03  .64988500E+03  .19651320E+07  .15032120E+06 -.44307930E+00  .52547990E+05
 .44181850E+03  .64902480E+03  .19287610E+07  .16600550E+06 -.44239210E+00  .34684930E+05
 .46634930E+03  .64775370E+03  .18924490E+07  .18745950E+06 -.43231320E+00  .24042270E+05
 .49015190E+03  .64598300E+03  .18562220E+07  .21962240E+06 -.41800030E+00  .17685850E+05
 .51318440E+03  .64364350E+03  .18201100E+07  .26644390E+06 -.40466170E+00  .13656940E+05
 .53546000E+03  .64070370E+03  .17841450E+07  .32331500E+06 -.39052090E+00  .11089990E+05
 .53546000E+03  .64070370E+03  .17841450E+07  .32331500E+06 -.39052090E+00  .11089990E+05
 .58989360E+03  .63032140E+03  .16887810E+07  .43793410E+06 -.32690370E+00  .81406210E+04
 .63427550E+03  .61800840E+03  .15953470E+07  .57338780E+06 -.28241790E+00  .68806590E+04
 .67428850E+03  .60378990E+03  .15036940E+07  .73172880E+06 -.25197870E+00  .60850920E+04
 .71008500E+03  .58838840E+03  .14142690E+07  .89433510E+06 -.22593490E+00  .55676310E+04
 .74224410E+03  .57220680E+03  .13272170E+07  .10608730E+07 -.20340260E+00  .52152580E+04
 .77125970E+03  .55556650E+03  .12426300E+07  .12283150E+07 -.18394550E+00  .49655930E+04
 .79755660E+03  .53871130E+03  .11605580E+07  .13922920E+07 -.16706430E+00  .47819670E+04
 .82148210E+03  .52182150E+03  .10810180E+07  .15488620E+07 -.15224900E+00  .46427640E+04
 .84331310E+03  .50503130E+03  .10040060E+07  .16954330E+07 -.13907450E+00  .45349640E+04
 .86327060E+03  .48844110E+03  .92949860E+06  .18307670E+07 -.12722400E+00  .44502280E+04
 .88153490E+03  .47212570E+03  .85745980E+06  .19545420E+07 -.11646690E+00  .43827870E+04
 .89825640E+03  .45613970E+03  .78784430E+06  .20668700E+07 -.10662680E+00  .43284780E+04
 .91356150E+03  .44052220E+03  .72059950E+06  .21679530E+07 -.97557840E-01  .42843120E+04
 .92755600E+03  .42530050E+03  .65566790E+06  .22578870E+07 -.89132580E-01  .42482320E+04
 .94032760E+03  .41049360E+03  .59298860E+06  .23365730E+07 -.81236400E-01  .42188650E+04
 .95194810E+03  .39611400E+03  .53249840E+06  .24036600E+07 -.73766110E-01  .41952550E+04
 .96247410E+03  .38216960E+03  .47413260E+06  .24584980E+07 -.66628630E-01  .41766090E+04
 .97194910E+03  .36866380E+03  .41782560E+06  .25000730E+07 -.59738620E-01  .41621050E+04
 .98040410E+03  .35559580E+03  .36351160E+06  .25269290E+07 -.53015630E-01  .41508270E+04
 .98785830E+03  .34296100E+03  .31112520E+06  .25371230E+07 -.46384860E-01  .41418580E+04
 .99432110E+03  .33075170E+03  .26060200E+06  .25282420E+07 -.39787010E-01  .41344810E+04
 .99979430E+03  .31895800E+03  .21187890E+06  .24974130E+07 -.33183560E-01  .41281700E+04
 .10042730E+04  .30756840E+03  .16489440E+06  .24412660E+07 -.26503450E-01  .41222170E+04
 .10077310E+04  .29656960E+03  .11958890E+06  .23565920E+07 -.19526860E-01  .41159410E+04
 .10100940E+04  .28594780E+03  .75904690E+05  .22424890E+07 -.11800050E-01  .41094770E+04
 .10111950E+04  .27569130E+03  .33786250E+05  .21034430E+07 -.25435790E-02  .41037500E+04
 .10107160E+04  .26579170E+03 -.68205500E+04  .19526940E+07  .95524960E-02  .41005250E+04
 .32438720E+03  .65138490E+03  .21109050E+07  .12959610E+06 -.37018430E+00  .14891000E+06
 .30435200E+03  .65162950E+03  .21473900E+07  .13032690E+06 -.34537970E+00  .14730030E+06
 .28569580E+03  .65188800E+03  .21838880E+07  .13228190E+06 -.32103480E+00  .13347330E+06
 .26837950E+03  .65218560E+03  .22204020E+07  .13523920E+06 -.29757270E+00  .11179130E+06
 .25234730E+03  .65255250E+03  .22569340E+07  .13906530E+06 -.27519870E+00  .88473380E+05
 .23753450E+03  .65302410E+03  .22934900E+07  .14366530E+06 -.25404120E+00  .68142980E+05
 .22387010E+03  .65363880E+03  .23300760E+07  .14895490E+06 -.23419690E+00  .52353750E+05
 .21127860E+03  .65443520E+03  .23667010E+07  .15484900E+06 -.21573300E+00  .40725040E+05
 .19968170E+03  .65545060E+03  .24033760E+07  .16126050E+06 -.19867940E+00  .32290430E+05
 .18900040E+03  .65671980E+03  .24401160E+07  .16810350E+06 -.18302480E+00  .26140980E+05
 .17915770E+03  .65827450E+03  .24769340E+07  .17529940E+06 -.16872100E+00  .21589560E+05
 .17007980E+03  .66014400E+03  .25138480E+07  .18278410E+06 -.15569220E+00  .18156040E+05
 .16169810E+03  .66235550E+03  .25508770E+07  .19051620E+06 -.14384650E+00  .15513610E+05
 .15394880E+03  .66493410E+03  .25880390E+07  .19848610E+06 -.13308690E+00  .13440360E+05
 .15394880E+03  .66493410E+03  .25880390E+07  .19848610E+06 -.13308690E+00  .13440360E+05
 .13917640E+03  .67194530E+03  .26681800E+07  .21694500E+06 -.11431160E+00  .99355870E+04
 .12641490E+03  .68110960E+03  .27493420E+07  .23904950E+06 -.98971730E-01  .79437870E+04
 .11530500E+03  .69267770E+03  .28317430E+07  .26337340E+06 -.86598010E-01  .64324220E+04
 .10555050E+03  .70708700E+03  .29156980E+07  .28921320E+06 -.76256540E-01  .53195670E+04
 .96946400E+02  .72465530E+03  .30015700E+07  .31598190E+06 -.67350340E-01  .45272590E+04
 .89342060E+02  .74552050E+03  .30897480E+07  .34320200E+06 -.59561350E-01  .39720530E+04
 .82611670E+02  .76969810E+03  .31806280E+07  .37066870E+06 -.52773400E-01  .35756960E+04
 .76639310E+02  .79718050E+03  .32746070E+07  .39842200E+06 -.46911460E-01  .32838160E+04
 .71320740E+02  .82794490E+03  .33720820E+07  .42651240E+06 -.41853510E-01  .30681130E+04
 .66567830E+02  .86189940E+03  .34734420E+07  .45490230E+06 -.37463000E-01  .29137770E+04
 .62307140E+02  .89886880E+03  .35790590E+07  .48352790E+06 -.33635700E-01  .28084670E+04
 .58475460E+02  .93864610E+03  .36892830E+07  .51237540E+06 -.30303630E-01  .27393560E+04
 .55016540E+02  .98105750E+03  .38044390E+07  .54149640E+06 -.27414770E-01  .26948020E+04
 .51880230E+02  .10259950E+04  .39248370E+07  .57098510E+06 -.24918220E-01  .26660100E+04
 .49022560E+02  .10734140E+04  .40507770E+07  .60095540E+06 -.22761990E-01  .26471960E+04
 .46405740E+02  .11233210E+04  .41825560E+07  .63153100E+06 -.20896240E-01  .26348250E+04
 .10000000E+02  .28000000E+02  .00000000E+00  .14000000E+02  .17000000E+02  .70908650E+04
 .32554100E+03  .65191080E+03  .21113670E+07  .13040910E+06 -.37017690E+00  .13178490E+06
 .34695020E+03  .65162440E+03  .20748680E+07  .13141010E+06 -.39423130E+00  .12134110E+06
 .36965260E+03  .65129610E+03  .20383860E+07  .13467670E+06 -.41598690E+00  .10000520E+06
 .39344780E+03  .65087200E+03  .20019240E+07  .14111110E+06 -.43274910E+00  .73199270E+05
 .41797120E+03  .65026570E+03  .19654910E+07  .15178230E+06 -.44154850E+00  .49603520E+05
 .44271770E+03  .64936340E+03  .19291000E+07  .16765730E+06 -.44060060E+00  .33357390E+05
 .46714560E+03  .64805070E+03  .18927700E+07  .18927600E+06 -.43046770E+00  .23426250E+05
 .49083320E+03  .64624300E+03  .18565280E+07  .22072780E+06 -.41578340E+00  .17409790E+05
 .51374620E+03  .64387320E+03  .18204020E+07  .26761600E+06 -.40267010E+00  .13520070E+05
 .53592290E+03  .64090740E+03  .17844250E+07  .32481360E+06 -.38900750E+00  .11009850E+05
 .53592290E+03  .64090740E+03  .17844250E+07  .32481360E+06 -.38900750E+00  .11009850E+05
 .59023490E+03  .63046220E+03  .16890350E+07  .44111210E+06 -.32668540E+00  .80991330E+04
 .63453670E+03  .61811350E+03  .15955830E+07  .57528590E+06 -.28194330E+00  .68683530E+04
 .67449320E+03  .60387290E+03  .15039170E+07  .73349210E+06 -.25168010E+00  .60783670E+04
 .71025260E+03  .58845560E+03  .14144800E+07  .89600670E+06 -.22572920E+00  .55634940E+04
 .74238540E+03  .57226210E+03  .13274190E+07  .10624880E+07 -.20325380E+00  .52125210E+04
 .77138180E+03  .55561290E+03  .12428240E+07  .12298900E+07 -.18383530E+00  .49636790E+04
 .79766420E+03  .53875070E+03  .11607460E+07  .13938280E+07 -.16698140E+00  .47805650E+04
 .82157890E+03  .52185530E+03  .10812010E+07  .15503550E+07 -.15218570E+00  .46416950E+04
 .84340160E+03  .50506070E+03  .10041840E+07  .16968750E+07 -.13902550E+00  .45341210E+04
 .86335240E+03  .48846670E+03  .92967230E+06  .18321560E+07 -.12718540E+00  .44495420E+04
 .88161160E+03  .47214820E+03  .85763000E+06  .19558790E+07 -.11643610E+00  .43822170E+04
 .89832900E+03  .45615950E+03  .78801130E+06  .20681560E+07 -.10660180E+00  .43279930E+04
 .91363060E+03  .44053970E+03  .72076370E+06  .21691920E+07 -.97537540E-01  .42838910E+04
 .92762240E+03  .42531610E+03  .65582960E+06  .22590830E+07 -.89116040E-01  .42478590E+04
 .94039180E+03  .41050740E+03  .59314810E+06  .23377310E+07 -.81223050E-01  .42185270E+04
 .95201060E+03  .39612620E+03  .53265600E+06  .24047830E+07 -.73755550E-01  .41949430E+04
 .96253520E+03  .38218040E+03  .47428850E+06  .24595900E+07 -.66620630E-01  .41763140E+04
 .97200910E+03  .36867320E+03  .41797990E+06  .25011340E+07 -.59733110E-01  .41618190E+04
 .98046340E+03  .35560410E+03  .36366460E+06  .25279580E+07 -.53012680E-01  .41505440E+04
 .98791750E+03  .34296810E+03  .31127710E+06  .25381180E+07 -.46384690E-01  .41415720E+04
 .99438040E+03  .33075770E+03  .26075290E+06  .25291950E+07 -.39790030E-01  .41341870E+04
 .99985430E+03  .31896300E+03  .21202900E+06  .24983120E+07 -.33190440E-01  .41278630E+04
 .10043340E+04  .30757230E+03  .16504380E+06  .24420970E+07 -.26515200E-01  .41218880E+04
 .10077940E+04  .29657250E+03  .11973770E+06  .23573360E+07 -.19544790E-01  .41155670E+04
 .10101610E+04  .28594960E+03  .76053180E+05  .22431320E+07 -.11825490E-01  .41090180E+04
 .10112660E+04  .27569170E+03  .33934580E+05  .21039790E+07 -.25770370E-02  .41031350E+04
 .10107930E+04  .26579030E+03 -.66721460E+04  .19531490E+07  .95133630E-02  .40996270E+04
 .32554100E+03  .65191080E+03  .21113670E+07  .13040910E+06 -.37017690E+00  .13178490E+06
 .30549980E+03  .65218680E+03  .21478820E+07  .13104080E+06 -.34559080E+00  .13099640E+06
 .28682700E+03  .65247600E+03  .21844120E+07  .13291350E+06 -.32140750E+00  .12031480E+06
 .26948630E+03  .65280330E+03  .22209600E+07  .13579990E+06 -.29806510E+00  .10273610E+06
 .25342400E+03  .65319870E+03  .22575270E+07  .13956350E+06 -.27577810E+00  .82970710E+05
 .23857700E+03  .65369740E+03  .22941200E+07  .14410790E+06 -.25467940E+00  .65022980E+05
 .22487580E+03  .65433760E+03  .23307440E+07  .14934830E+06 -.23486910E+00  .50617970E+05
 .21224620E+03  .65515800E+03  .23674090E+07  .15519990E+06 -.21641820E+00  .39745460E+05
 .20061090E+03  .65619590E+03  .24041260E+07  .16157630E+06 -.19936060E+00  .31720020E+05
 .18989200E+03  .65748610E+03  .24409080E+07  .16839300E+06 -.18368920E+00  .25796240E+05
 .18001270E+03  .65906070E+03  .24777700E+07  .17557320E+06 -.16936020E+00  .21373450E+05
 .17089990E+03  .66094900E+03  .25147280E+07  .18305510E+06 -.15630180E+00  .18016080E+05
 .16248480E+03  .66317830E+03  .25518020E+07  .19080040E+06 -.14442570E+00  .15420450E+05
 .15470390E+03  .66577400E+03  .25890110E+07  .19880260E+06 -.13363790E+00  .13376870E+05
 .15470390E+03  .66577400E+03  .25890110E+07  .19880260E+06 -.13363790E+00  .13376870E+05
 .13986700E+03  .67282820E+03  .26692550E+07  .21746160E+06 -.11486360E+00  .98983430E+04
 .12704150E+03  .68203640E+03  .27505260E+07  .23967140E+06 -.99481780E-01  .79190110E+04
 .11587380E+03  .69365250E+03  .28330410E+07  .26405230E+06 -.87051100E-01  .64170000E+04
 .10606850E+03  .70811140E+03  .29171160E+07  .28992100E+06 -.76650190E-01  .53108560E+04
 .97420570E+02  .72572770E+03  .30031140E+07  .31670220E+06 -.67688340E-01  .45230530E+04
 .89778660E+02  .74663700E+03  .30914230E+07  .34392350E+06 -.59850980E-01  .39705750E+04
 .83015950E+02  .77085510E+03  .31824390E+07  .37138970E+06 -.53023980E-01  .35756720E+04
 .77015460E+02  .79837550E+03  .32765600E+07  .39914700E+06 -.47130960E-01  .32845650E+04
 .71672130E+02  .82917600E+03  .33741800E+07  .42724580E+06 -.42047340E-01  .30693580E+04
 .66897290E+02  .86316420E+03  .34756900E+07  .45564660E+06 -.37635000E-01  .29153820E+04
 .62617120E+02  .90016490E+03  .35814600E+07  .48428430E+06 -.33789110E-01  .28103000E+04
 .58768000E+02  .93997170E+03  .36918420E+07  .51314500E+06 -.30441400E-01  .27412830E+04
 .55293350E+02  .98241240E+03  .38071590E+07  .54228050E+06 -.27539470E-01  .26967110E+04
 .52142750E+02  .10273800E+04  .39277210E+07  .57178530E+06 -.25032000E-01  .26678290E+04
 .49271990E+02  .10748310E+04  .40538290E+07  .60177330E+06 -.22866590E-01  .26488840E+04
 .46643100E+02  .11247720E+04  .41857800E+07  .63236840E+06 -.20993060E-01  .26363600E+04
 .10000000E+02  .28000000E+02  .00000000E+00  .14000000E+02  .17000000E+02  .70908650E+04
 .32668770E+03  .65243290E+03  .21118270E+07  .13122610E+06 -.37015240E+00  .11825290E+06
 .34808760E+03  .65211390E+03  .20752990E+07  .13235010E+06 -.39391200E+00  .10927600E+06
 .37076190E+03  .65175100E+03  .20387910E+07  .13576790E+06 -.41528920E+00  .91131520E+05
 .39450600E+03  .65128970E+03  .20023050E+07  .14238070E+06 -.43162040E+00  .67959520E+05
 .41895470E+03  .65064320E+03  .19658500E+07  .15324570E+06 -.44002440E+00  .46993350E+05
 .44360800E+03  .64969920E+03  .19294390E+07  .16930870E+06 -.43882710E+00  .32141080E+05
 .46793440E+03  .64834550E+03  .18930910E+07  .19108930E+06 -.42864640E+00  .22848350E+05
 .49151120E+03  .64650080E+03  .18568330E+07  .22176280E+06 -.41358850E+00  .17145580E+05
 .51430550E+03  .64410120E+03  .18206930E+07  .26873550E+06 -.40068880E+00  .13388440E+05
 .53638370E+03  .64111000E+03  .17847050E+07  .32626260E+06 -.38749510E+00  .10932450E+05
 .53638370E+03  .64111000E+03  .17847050E+07  .32626260E+06 -.38749510E+00  .10932450E+05
 .59057370E+03  .63060270E+03  .16892890E+07  .44427370E+06 -.32646650E+00  .80584040E+04
 .63479700E+03  .61821840E+03  .15958200E+07  .57718430E+06 -.28147230E+00  .68561760E+04
 .67469750E+03  .60395580E+03  .15041390E+07  .73525510E+06 -.25138320E+00  .60716890E+04
 .71041980E+03  .58852260E+03  .14146910E+07  .89767760E+06 -.22552440E+00  .55593770E+04
 .74252650E+03  .57231740E+03  .13276210E+07  .10641030E+07 -.20310560E+00  .52097930E+04
 .77150370E+03  .55565920E+03  .12430190E+07  .12314650E+07 -.18372550E+00  .49617720E+04
 .79777180E+03  .53879000E+03  .11609340E+07  .13953640E+07 -.16689870E+00  .47791680E+04
 .82167570E+03  .52188920E+03  .10813830E+07  .15518460E+07 -.15212260E+00  .46406280E+04
 .84348990E+03  .50509000E+03  .10043620E+07  .16983170E+07 -.13897650E+00  .45332780E+04
 .86343430E+03  .48849230E+03  .92984600E+06  .18335450E+07 -.12714690E+00  .44488580E+04
 .88168830E+03  .47217060E+03  .85780010E+06  .19572150E+07 -.11640530E+00  .43816470E+04
 .89840150E+03  .45617930E+03  .78817830E+06  .20694420E+07 -.10657690E+00  .43275080E+04
 .91369980E+03  .44055720E+03  .72092790E+06  .21704300E+07 -.97517270E-01  .42834710E+04
 .92768870E+03  .42533160E+03  .65599130E+06  .22602790E+07 -.89099540E-01  .42474860E+04
 .94045600E+03  .41052110E+03  .59330760E+06  .23388880E+07 -.81209710E-01  .42181900E+04
 .95207290E+03  .39613840E+03  .53281360E+06  .24059060E+07 -.73745000E-01  .41946310E+04
 .96259610E+03  .38219120E+03  .47444430E+06  .24606810E+07 -.66612640E-01  .41760190E+04
 .97206900E+03  .36868270E+03  .41813430E+06  .25021940E+07 -.59727600E-01  .41615340E+04
 .98052270E+03  .35561230E+03  .36381760E+06  .25289870E+07 -.53009730E-01  .41502620E+04
 .98797660E+03  .34297530E+03  .31142890E+06  .25391120E+07 -.46384530E-01  .41412870E+04
 .99443980E+03  .33076380E+03  .26090370E+06  .25301480E+07 -.39793070E-01  .41338930E+04
 .99991430E+03  .31896790E+03  .21217900E+06  .24992110E+07 -.33197320E-01  .41275560E+04
 .10043960E+04  .30757630E+03  .16519310E+06  .24429270E+07 -.26526950E-01  .41215590E+04
 .10078580E+04  .29657530E+03  .11988650E+06  .23580800E+07 -.19562730E-01  .41151930E+04
 .10102270E+04  .28595130E+03  .76201670E+05  .22437740E+07 -.11850940E-01  .41085590E+04
 .10113380E+04  .27569210E+03  .34082910E+05  .21045150E+07 -.26105000E-02  .41025200E+04
 .10108700E+04  .26578880E+03 -.65237540E+04  .19536060E+07  .94742370E-02  .40987290E+04
 .32668770E+03  .65243290E+03  .21118270E+07  .13122610E+06 -.37015240E+00  .11825290E+06
 .30664140E+03  .65274040E+03  .21483720E+07  .13175790E+06 -.34578570E+00  .11800410E+06
 .28795290E+03  .65306010E+03  .21849340E+07  .13354740E+06 -.32176500E+00  .10956960E+06
 .27058860E+03  .65341690E+03  .22215150E+07  .13636210E+06 -.29854390E+00  .95073030E+05
 .25449680E+03  .65384070E+03  .22581180E+07  .14006260E+06 -.27634520E+00  .78132970E+05
 .23961630E+03  .65436650E+03  .22947470E+07  .14455090E+06 -.25530690E+00  .62187480E+05
 .22587890E+03  .65503220E+03  .23314100E+07  .14974180E+06 -.23553230E+00  .48999980E+05
 .21321160E+03  .65587650E+03  .23681140E+07  .15555100E+06 -.21709610E+00  .38815810E+05
 .20153840E+03  .65693680E+03  .24048720E+07  .16189290E+06 -.20003590E+00  .31172020E+05
 .19078200E+03  .65824800E+03  .24416960E+07  .16868410E+06 -.18434930E+00  .25462310E+05
 .18086640E+03  .65984240E+03  .24786010E+07  .17584970E+06 -.16999660E+00  .21162940E+05
 .17171870E+03  .66174950E+03  .25156040E+07  .18333050E+06 -.15691010E+00  .17879190E+05
 .16327040E+03  .66399660E+03  .25527230E+07  .19109060E+06 -.14500490E+00  .15328990E+05
 .15545780E+03  .66660930E+03  .25899780E+07  .19912690E+06 -.13419000E+00  .13314280E+05
 .15545780E+03  .66660930E+03  .25899780E+07  .19912690E+06 -.13419000E+00  .13314280E+05
 .14055600E+03  .67370670E+03  .26703250E+07  .21798810E+06 -.11541640E+00  .98612220E+04
 .12766660E+03  .68295870E+03  .27517030E+07  .24029840E+06 -.99990850E-01  .78944170E+04
 .11644110E+03  .69462270E+03  .28343320E+07  .26473310E+06 -.87502550E-01  .64017470E+04
 .10658530E+03  .70913090E+03  .29185270E+07  .29062900E+06 -.77042220E-01  .53022630E+04
 .97893660E+02  .72679500E+03  .30046500E+07  .31742150E+06 -.68024870E-01  .45189200E+04
 .90214340E+02  .74774820E+03  .30930890E+07  .34464320E+06 -.60139380E-01  .39691370E+04
 .83419450E+02  .77200630E+03  .31842420E+07  .37210850E+06 -.53273600E-01  .35756640E+04
 .77390910E+02  .79956430E+03  .32785030E+07  .39986950E+06 -.47349710E-01  .32853200E+04
 .72022910E+02  .83040060E+03  .33762680E+07  .42797660E+06 -.42240570E-01  .30706040E+04
 .67226230E+02  .86442230E+03  .34779270E+07  .45638810E+06 -.37806510E-01  .29169830E+04
 .62926620E+02  .90145410E+03  .35838500E+07  .48503770E+06 -.33942110E-01  .28121280E+04
 .59060100E+02  .94129030E+03  .36943880E+07  .51391140E+06 -.30578830E-01  .27432020E+04
 .55569760E+02  .98375980E+03  .38098650E+07  .54306130E+06 -.27663880E-01  .26986120E+04
 .52404900E+02  .10287570E+04  .39305910E+07  .57258200E+06 -.25145530E-01  .26696390E+04
 .49521090E+02  .10762400E+04  .40568660E+07  .60258760E+06 -.22970970E-01  .26505610E+04
 .46880140E+02  .11262160E+04  .41889880E+07  .63320210E+06 -.21089680E-01  .26378850E+04
 .10000000E+02  .28000000E+02  .00000000E+00  .14000000E+02  .17000000E+02  .70908650E+04
 .32782710E+03  .65295130E+03  .21122850E+07  .13204730E+06 -.37011110E+00  .10729060E+06
 .34921690E+03  .65259970E+03  .20757300E+07  .13329490E+06 -.39357640E+00  .99434540E+05
 .37186230E+03  .65220240E+03  .20391950E+07  .13686410E+06 -.41457880E+00  .83737470E+05
 .39555480E+03  .65170400E+03  .20026850E+07  .14365450E+06 -.43048700E+00  .63446770E+05
 .41992890E+03  .65101780E+03  .19662070E+07  .15471130E+06 -.43850720E+00  .44663860E+05
 .44448960E+03  .65003240E+03  .19297760E+07  .17095970E+06 -.43707160E+00  .31022650E+05
 .46871560E+03  .64863810E+03  .18934110E+07  .19289950E+06 -.42684890E+00  .22305150E+05
 .49218610E+03  .64675660E+03  .18571380E+07  .22272990E+06 -.41141230E+00  .16892410E+05
 .51486250E+03  .64432760E+03  .18209850E+07  .26980440E+06 -.39871670E+00  .13261780E+05
 .53684250E+03  .64131150E+03  .17849840E+07  .32766300E+06 -.38598350E+00  .10857650E+05
 .53684250E+03  .64131150E+03  .17849840E+07  .32766300E+06 -.38598350E+00  .10857650E+05
 .59091020E+03  .63074300E+03  .16895430E+07  .44741840E+06 -.32624660E+00  .80184190E+04
 .63505650E+03  .61832310E+03  .15960560E+07  .57908300E+06 -.28100480E+00  .68441270E+04
 .67490120E+03  .60403860E+03  .15043620E+07  .73701790E+06 -.25108780E+00  .60650570E+04
 .71058670E+03  .58858960E+03  .14149030E+07  .89934800E+06 -.22532040E+00  .55552810E+04
 .74266730E+03  .57237260E+03  .13278230E+07  .10657170E+07 -.20295780E+00  .52070770E+04
 .77162540E+03  .55570550E+03  .12432130E+07  .12330390E+07 -.18361590E+00  .49598700E+04
 .79787920E+03  .53882930E+03  .11611220E+07  .13968990E+07 -.16681630E+00  .47777730E+04
 .82177230E+03  .52192300E+03  .10815660E+07  .15533370E+07 -.15205970E+00  .46395640E+04
 .84357820E+03  .50511930E+03  .10045400E+07  .16997580E+07 -.13892770E+00  .45324380E+04
 .86351610E+03  .48851790E+03  .93001980E+06  .18349330E+07 -.12710840E+00  .44481750E+04
 .88176490E+03  .47219310E+03  .85797030E+06  .19585500E+07 -.11637450E+00  .43810780E+04
 .89847390E+03  .45619910E+03  .78834530E+06  .20707270E+07 -.10655200E+00  .43270240E+04
 .91376890E+03  .44057470E+03  .72109200E+06  .21716680E+07 -.97497030E-01  .42830500E+04
 .92775510E+03  .42534710E+03  .65615300E+06  .22614740E+07 -.89083060E-01  .42471140E+04
 .94052010E+03  .41053490E+03  .59346710E+06  .23400450E+07 -.81196400E-01  .42178540E+04
 .95213530E+03  .39615060E+03  .53297110E+06  .24070280E+07 -.73734450E-01  .41943200E+04
 .96265700E+03  .38220190E+03  .47460010E+06  .24617710E+07 -.66604660E-01  .41757250E+04
 .97212900E+03  .36869220E+03  .41828860E+06  .25032540E+07 -.59722110E-01  .41612490E+04
 .98058200E+03  .35562060E+03  .36397060E+06  .25300160E+07 -.53006790E-01  .41499800E+04
 .98803560E+03  .34298240E+03  .31158070E+06  .25401060E+07 -.46384380E-01  .41410010E+04
 .99449900E+03  .33076980E+03  .26105450E+06  .25311000E+07 -.39796100E-01  .41336000E+04
 .99997430E+03  .31897290E+03  .21232900E+06  .25001100E+07 -.33204220E-01  .41272500E+04
 .10044570E+04  .30758020E+03  .16534250E+06  .24437570E+07 -.26538700E-01  .41212300E+04
 .10079220E+04  .29657820E+03  .12003540E+06  .23588240E+07 -.19580680E-01  .41148200E+04
 .10102940E+04  .28595310E+03  .76350150E+05  .22444160E+07 -.11876400E-01  .41081020E+04
 .10114090E+04  .27569250E+03  .34231220E+05  .21050520E+07 -.26439680E-02  .41019060E+04
 .10109460E+04  .26578750E+03 -.63753720E+04  .19540640E+07  .94351170E-02  .40978330E+04
 .32782710E+03  .65295130E+03  .21122850E+07  .13204730E+06 -.37011110E+00  .10729060E+06
 .30777670E+03  .65329000E+03  .21488600E+07  .13247850E+06 -.34596450E+00  .10740760E+06
 .28907340E+03  .65364020E+03  .21854540E+07  .13418410E+06 -.32210770E+00  .10062960E+06
 .27168630E+03  .65402660E+03  .22220680E+07  .13692670E+06 -.29900900E+00  .88503990E+05
 .25556590E+03  .65447870E+03  .22587060E+07  .14056350E+06 -.27690020E+00  .73846550E+05
 .24065240E+03  .65503140E+03  .22953720E+07  .14499520E+06 -.25592380E+00  .59599260E+05
 .22687930E+03  .65572250E+03  .23320720E+07  .15013650E+06 -.23618660E+00  .47488150E+05
 .21417490E+03  .65659070E+03  .23688160E+07  .15590340E+06 -.21776660E+00  .37932300E+05
 .20246400E+03  .65767330E+03  .24056140E+07  .16221110E+06 -.20070550E+00  .30645060E+05
 .19167040E+03  .65900560E+03  .24424800E+07  .16897770E+06 -.18500520E+00  .25138620E+05
 .18171870E+03  .66061970E+03  .24794280E+07  .17613000E+06 -.17063030E+00  .20957750E+05
 .17253630E+03  .66254550E+03  .25164750E+07  .18361100E+06 -.15751700E+00  .17745200E+05
 .16405470E+03  .66481020E+03  .25536400E+07  .19138770E+06 -.14558410E+00  .15239130E+05
 .15621050E+03  .66743990E+03  .25909410E+07  .19945950E+06 -.13474340E+00  .13252520E+05
 .15621050E+03  .66743990E+03  .25909410E+07  .19945950E+06 -.13474340E+00  .13252520E+05
 .14124320E+03  .67458090E+03  .26713900E+07  .21852420E+06 -.11596970E+00  .98242440E+04
 .12829000E+03  .68387680E+03  .27528750E+07  .24093040E+06 -.10049880E+00  .78700150E+04
 .11700700E+03  .69558860E+03  .28356170E+07  .26541570E+06 -.87952320E-01  .63866620E+04
 .10710080E+03  .71014590E+03  .29199310E+07  .29133710E+06 -.77432610E-01  .52937850E+04
 .98365680E+02  .72785720E+03  .30061780E+07  .31813980E+06 -.68359930E-01  .45148620E+04
 .90649120E+02  .74885390E+03  .30947480E+07  .34536120E+06 -.60426560E-01  .39677380E+04
 .83822170E+02  .77315180E+03  .31860350E+07  .37282500E+06 -.53522260E-01  .35756740E+04
 .77765700E+02  .80074720E+03  .32804360E+07  .40058950E+06 -.47567710E-01  .32860800E+04
 .72373100E+02  .83161890E+03  .33783460E+07  .42870480E+06 -.42433220E-01  .30718510E+04
 .67554630E+02  .86567390E+03  .34801520E+07  .45712670E+06 -.37977540E-01  .29185830E+04
 .63235630E+02  .90273650E+03  .35862280E+07  .48578810E+06 -.34094710E-01  .28139500E+04
 .59351760E+02  .94260180E+03  .36969210E+07  .51467470E+06 -.30715900E-01  .27451140E+04
 .55845780E+02  .98509990E+03  .38125580E+07  .54383890E+06 -.27787990E-01  .27005040E+04
 .52666690E+02  .10301270E+04  .39334460E+07  .57337530E+06 -.25258810E-01  .26714380E+04
 .49769850E+02  .10776410E+04  .40598870E+07  .60339840E+06 -.23075120E-01  .26522280E+04
 .47116880E+02  .11276510E+04  .41921800E+07  .63403200E+06 -.21186120E-01  .26394000E+04
 .10000000E+02  .28000000E+02  .00000000E+00  .14000000E+02  .17000000E+02  .70908650E+04
 .32895960E+03  .65346610E+03  .21127420E+07  .13287330E+06 -.37005330E+00  .98229690E+05
 .35033830E+03  .65308210E+03  .20761580E+07  .13424490E+06 -.39322500E+00  .91254180E+05
 .37295390E+03  .65265040E+03  .20395980E+07  .13796530E+06 -.41385630E+00  .77482030E+05
 .39659440E+03  .65211510E+03  .20030630E+07  .14493250E+06 -.42934960E+00  .59519980E+05
 .42089380E+03  .65138930E+03  .19665640E+07  .15617920E+06 -.43699740E+00  .42572280E+05
 .44536280E+03  .65036290E+03  .19301140E+07  .17261030E+06 -.43533390E+00  .29990780E+05
 .46948960E+03  .64892840E+03  .18937310E+07  .19470660E+06 -.42507480E+00  .21793620E+05
 .49285820E+03  .64701030E+03  .18574430E+07  .22363170E+06 -.40925170E+00  .16649570E+05
 .51541740E+03  .64455240E+03  .18212760E+07  .27082420E+06 -.39675290E+00  .13139820E+05
 .53729930E+03  .64151180E+03  .17852640E+07  .32901590E+06 -.38447220E+00  .10785370E+05
 .53729930E+03  .64151180E+03  .17852640E+07  .32901590E+06 -.38447220E+00  .10785370E+05
 .59124430E+03  .63088310E+03  .16897970E+07  .45054590E+06 -.32602560E+00  .79791640E+04
 .63531510E+03  .61842740E+03  .15962920E+07  .58098210E+06 -.28054090E+00  .68322030E+04
 .67510460E+03  .60412120E+03  .15045840E+07  .73878030E+06 -.25079420E+00  .60584690E+04
 .71075340E+03  .58865650E+03  .14151140E+07  .90101790E+06 -.22511720E+00  .55512040E+04
 .74280800E+03  .57242780E+03  .13280250E+07  .10673300E+07 -.20281060E+00  .52043700E+04
 .77174690E+03  .55575180E+03  .12434070E+07  .12346120E+07 -.18350670E+00  .49579740E+04
 .79798660E+03  .53886870E+03  .11613100E+07  .13984330E+07 -.16673400E+00  .47763830E+04
 .82186880E+03  .52195670E+03  .10817480E+07  .15548270E+07 -.15199690E+00  .46385020E+04
 .84366640E+03  .50514850E+03  .10047170E+07  .17011980E+07 -.13887900E+00  .45315990E+04
 .86359780E+03  .48854350E+03  .93019340E+06  .18363210E+07 -.12707000E+00  .44474930E+04
 .88184150E+03  .47221550E+03  .85814040E+06  .19598850E+07 -.11634380E+00  .43805100E+04
 .89854630E+03  .45621890E+03  .78851220E+06  .20720110E+07 -.10652720E+00  .43265410E+04
 .91383790E+03  .44059230E+03  .72125620E+06  .21729060E+07 -.97476820E-01  .42826310E+04
 .92782140E+03  .42536260E+03  .65631460E+06  .22626690E+07 -.89066600E-01  .42467420E+04
 .94058420E+03  .41054870E+03  .59362660E+06  .23412010E+07 -.81183100E-01  .42175170E+04
 .95219750E+03  .39616280E+03  .53312860E+06  .24081490E+07 -.73723930E-01  .41940080E+04
 .96271800E+03  .38221270E+03  .47475590E+06  .24628600E+07 -.66596690E-01  .41754300E+04
 .97218890E+03  .36870170E+03  .41844280E+06  .25043130E+07 -.59716620E-01  .41609640E+04
 .98064130E+03  .35562880E+03  .36412350E+06  .25310440E+07 -.53003860E-01  .41496980E+04
 .98809470E+03  .34298950E+03  .31173250E+06  .25410990E+07 -.46384230E-01  .41407160E+04
 .99455820E+03  .33077580E+03  .26120540E+06  .25320510E+07 -.39799150E-01  .41333060E+04
 .10000340E+04  .31897790E+03  .21247900E+06  .25010080E+07 -.33211110E-01  .41269440E+04
 .10045180E+04  .30758420E+03  .16549180E+06  .24445870E+07 -.26550460E-01  .41209020E+04
 .10079850E+04  .29658110E+03  .12018420E+06  .23595680E+07 -.19598630E-01  .41144480E+04
 .10103610E+04  .28595480E+03  .76498610E+05  .22450580E+07 -.11901860E-01  .41076450E+04
 .10114800E+04  .27569290E+03  .34379520E+05  .21055890E+07 -.26774420E-02  .41012930E+04
 .10110230E+04  .26578610E+03 -.62270020E+04  .19545250E+07  .93960040E-02  .40969370E+04
 .32895960E+03  .65346610E+03  .21127420E+07  .13287330E+06 -.37005330E+00  .98229690E+05
 .30890590E+03  .65383600E+03  .21493460E+07  .13320320E+06 -.34612740E+00  .98600210E+05
 .29018860E+03  .65421650E+03  .21859720E+07  .13482430E+06 -.32243560E+00  .93075350E+05
 .27277960E+03  .65463210E+03  .22226190E+07  .13749410E+06 -.29946070E+00  .82810450E+05
 .25663110E+03  .65511260E+03  .22592920E+07  .14106680E+06 -.27744310E+00  .70022340E+05
 .24168530E+03  .65569220E+03  .22959940E+07  .14544170E+06 -.25653010E+00  .57227310E+05
 .22787700E+03  .65640870E+03  .23327320E+07  .15053330E+06 -.23683190E+00  .46072300E+05
 .21513590E+03  .65730070E+03  .23695150E+07  .15625790E+06 -.21842980E+00  .37091510E+05
 .20338780E+03  .65840560E+03  .24063540E+07  .16253190E+06 -.20136950E+00  .30137890E+05
 .19255730E+03  .65975880E+03  .24432610E+07  .16927460E+06 -.18565710E+00  .24824640E+05
 .18256960E+03  .66139260E+03  .24802520E+07  .17641480E+06 -.17126150E+00  .20757620E+05
 .17335260E+03  .66333690E+03  .25173430E+07  .18389750E+06 -.15812290E+00  .17613960E+05
 .16483790E+03  .66561940E+03  .25545520E+07  .19169230E+06 -.14616340E+00  .15150790E+05
 .15696190E+03  .66826590E+03  .25918990E+07  .19980090E+06 -.13529810E+00  .13191540E+05
 .15696190E+03  .66826590E+03  .25918990E+07  .19980090E+06 -.13529810E+00  .13191540E+05
 .14192880E+03  .67545070E+03  .26724490E+07  .21906970E+06 -.11652330E+00  .97874280E+04
 .12891180E+03  .68479060E+03  .27540420E+07  .24156710E+06 -.10100560E+00  .78458100E+04
 .11757140E+03  .69655000E+03  .28368960E+07  .26609980E+06 -.88400390E-01  .63717460E+04
 .10761500E+03  .71115610E+03  .29213280E+07  .29204530E+06 -.77821350E-01  .52854220E+04
 .98836650E+02  .72891450E+03  .30077000E+07  .31885710E+06 -.68693530E-01  .45108750E+04
 .91083000E+02  .74995420E+03  .30963990E+07  .34607730E+06 -.60712520E-01  .39663780E+04
 .84224110E+02  .77429160E+03  .31878210E+07  .37353940E+06 -.53769980E-01  .35757000E+04
 .78139820E+02  .80192410E+03  .32823610E+07  .40130720E+06 -.47784990E-01  .32868450E+04
 .72722690E+02  .83283100E+03  .33804130E+07  .42943030E+06 -.42625280E-01  .30730970E+04
 .67882500E+02  .86691890E+03  .34823670E+07  .45786260E+06 -.38148080E-01  .29201790E+04
 .63544170E+02  .90401200E+03  .35885940E+07  .48653560E+06 -.34246900E-01  .28157660E+04
 .59642990E+02  .94390630E+03  .36994420E+07  .51543490E+06 -.30852640E-01  .27470180E+04
 .56121400E+02  .98643280E+03  .38152370E+07  .54461320E+06 -.27911820E-01  .27023870E+04
 .52928120E+02  .10314890E+04  .39362870E+07  .57416530E+06 -.25371830E-01  .26732280E+04
 .50018270E+02  .10790350E+04  .40628940E+07  .60420560E+06 -.23179070E-01  .26538850E+04
 .47353310E+02  .11290790E+04  .41953560E+07  .63485830E+06 -.21282360E-01  .26409060E+04
 .10000000E+02  .28000000E+02  .00000000E+00  .14000000E+02  .17000000E+02  .70908650E+04
 .33008500E+03  .65397720E+03  .21131970E+07  .13370410E+06 -.36997940E+00  .90615130E+05
 .35145170E+03  .65356090E+03  .20765860E+07  .13520020E+06 -.39285840E+00  .84347480E+05
 .37403680E+03  .65309500E+03  .20399990E+07  .13907190E+06 -.41312210E+00  .72121510E+05
 .39762480E+03  .65252290E+03  .20034410E+07  .14621480E+06 -.42820850E+00  .56072390E+05
 .42184980E+03  .65175780E+03  .19669200E+07  .15764950E+06 -.43549510E+00  .40684130E+05
 .44622770E+03  .65069090E+03  .19304500E+07  .17426060E+06 -.43361390E+00  .29035870E+05
 .47025650E+03  .64921660E+03  .18940500E+07  .19651070E+06 -.42332360E+00  .21311070E+05
 .49352760E+03  .64726200E+03  .18577470E+07  .22447080E+06 -.40710400E+00  .16416410E+05
 .51597030E+03  .64477570E+03  .18215670E+07  .27179690E+06 -.39479610E+00  .13022330E+05
 .53775430E+03  .64171100E+03  .17855430E+07  .33032240E+06 -.38296080E+00  .10715500E+05
 .53775430E+03  .64171100E+03  .17855430E+07  .33032240E+06 -.38296080E+00  .10715500E+05
 .59157600E+03  .63102280E+03  .16900500E+07  .45365570E+06 -.32580330E+00  .79406240E+04
 .63557280E+03  .61853160E+03  .15965280E+07  .58288150E+06 -.28008040E+00  .68204030E+04
 .67530730E+03  .60420370E+03  .15048060E+07  .74054250E+06 -.25050210E+00  .60519260E+04
 .71091970E+03  .58872330E+03  .14153250E+07  .90268710E+06 -.22491490E+00  .55471470E+04
 .74294840E+03  .57248290E+03  .13282270E+07  .10689430E+07 -.20266380E+00  .52016740E+04
 .77186830E+03  .55579790E+03  .12436020E+07  .12361840E+07 -.18339770E+00  .49560840E+04
 .79809380E+03  .53890790E+03  .11614980E+07  .13999670E+07 -.16665200E+00  .47749960E+04
 .82196520E+03  .52199050E+03  .10819310E+07  .15563160E+07 -.15193420E+00  .46374420E+04
 .84375450E+03  .50517780E+03  .10048950E+07  .17026380E+07 -.13883040E+00  .45307610E+04
 .86367940E+03  .48856900E+03  .93036710E+06  .18377070E+07 -.12703170E+00  .44468110E+04
 .88191800E+03  .47223790E+03  .85831040E+06  .19612190E+07 -.11631320E+00  .43799420E+04
 .89861870E+03  .45623870E+03  .78867910E+06  .20732940E+07 -.10650240E+00  .43260580E+04
 .91390690E+03  .44060980E+03  .72142030E+06  .21741420E+07 -.97456650E-01  .42822110E+04
 .92788770E+03  .42537820E+03  .65647630E+06  .22638630E+07 -.89050170E-01  .42463710E+04
 .94064830E+03  .41056240E+03  .59378610E+06  .23423560E+07 -.81169820E-01  .42171810E+04
 .95225980E+03  .39617500E+03  .53328610E+06  .24092700E+07 -.73713440E-01  .41936970E+04
 .96277890E+03  .38222350E+03  .47491180E+06  .24639490E+07 -.66588740E-01  .41751360E+04
 .97224880E+03  .36871120E+03  .41859710E+06  .25053710E+07 -.59711140E-01  .41606800E+04
 .98070060E+03  .35563710E+03  .36427650E+06  .25320710E+07 -.53000930E-01  .41494160E+04
 .98815370E+03  .34299670E+03  .31188430E+06  .25420920E+07 -.46384080E-01  .41404310E+04
 .99461750E+03  .33078190E+03  .26135620E+06  .25330020E+07 -.39802190E-01  .41330130E+04
 .10000940E+04  .31898290E+03  .21262900E+06  .25019060E+07 -.33218010E-01  .41266380E+04
 .10045800E+04  .30758810E+03  .16564110E+06  .24454160E+07 -.26562220E-01  .41205740E+04
 .10080490E+04  .29658400E+03  .12033300E+06  .23603120E+07 -.19616590E-01  .41140760E+04
 .10104280E+04  .28595660E+03  .76647070E+05  .22457010E+07 -.11927340E-01  .41071880E+04
 .10115520E+04  .27569330E+03  .34527820E+05  .21061280E+07 -.27109200E-02  .41006810E+04
 .10111000E+04  .26578470E+03 -.60786430E+04  .19549870E+07  .93568970E-02  .40960420E+04
 .33008500E+03  .65397720E+03  .21131970E+07  .13370410E+06 -.36997940E+00  .90615130E+05
 .31002890E+03  .65437820E+03  .21498310E+07  .13393230E+06 -.34627470E+00  .91164170E+05
 .29129860E+03  .65478890E+03  .21864880E+07  .13546840E+06 -.32274900E+00  .86607820E+05
 .27386830E+03  .65523390E+03  .22231680E+07  .13806490E+06 -.29989900E+00  .77828380E+05
 .25769250E+03  .65574250E+03  .22598750E+07  .14157320E+06 -.27797400E+00  .66589450E+05
 .24271510E+03  .65634890E+03  .22966130E+07  .14589110E+06 -.25712600E+00  .55045610E+05
 .22887220E+03  .65709080E+03  .23333890E+07  .15093280E+06 -.23746850E+00  .44743540E+05
 .21609480E+03  .65800650E+03  .23702110E+07  .15661550E+06 -.21908590E+00  .36290360E+05
 .20430980E+03  .65913370E+03  .24070890E+07  .16285630E+06 -.20202800E+00  .29649340E+05
 .19344270E+03  .66050780E+03  .24440380E+07  .16957600E+06 -.18630500E+00  .24519880E+05
 .18341920E+03  .66216120E+03  .24810710E+07  .17670500E+06 -.17189020E+00  .20562310E+05
 .17416760E+03  .66412400E+03  .25182060E+07  .18419070E+06 -.15872760E+00  .17485340E+05
 .16561970E+03  .66642410E+03  .25554600E+07  .19200490E+06 -.14674290E+00  .15063860E+05
 .15771190E+03  .66908740E+03  .25928520E+07  .20015160E+06 -.13585400E+00  .13131270E+05
 .15771190E+03  .66908740E+03  .25928520E+07  .20015160E+06 -.13585400E+00  .13131270E+05
 .14261270E+03  .67631630E+03  .26735040E+07  .21962430E+06 -.11707710E+00  .97507870E+04
 .12953190E+03  .68570030E+03  .27552030E+07  .24220820E+06 -.10151110E+00  .78218090E+04
 .11813440E+03  .69750710E+03  .28381690E+07  .26678560E+06 -.88846710E-01  .63569960E+04
 .10812800E+03  .71216180E+03  .29227180E+07  .29275360E+06 -.78208440E-01  .52771730E+04
 .99306550E+02  .72996690E+03  .30092140E+07  .31957340E+06 -.69025650E-01  .45069600E+04
 .91515980E+02  .75104930E+03  .30980420E+07  .34679160E+06 -.60997260E-01  .39650560E+04
 .84625300E+02  .77542580E+03  .31895970E+07  .37425150E+06 -.54016750E-01  .35757420E+04
 .78513260E+02  .80309500E+03  .32842760E+07  .40202240E+06 -.48001540E-01  .32876160E+04
 .73071700E+02  .83403690E+03  .33824710E+07  .43015330E+06 -.42816750E-01  .30743440E+04
 .68209850E+02  .86815750E+03  .34845720E+07  .45859580E+06 -.38318140E-01  .29217720E+04
 .63852240E+02  .90528090E+03  .35909490E+07  .48728010E+06 -.34398680E-01  .28175770E+04
 .59933790E+02  .94520370E+03  .37019510E+07  .51619210E+06 -.30989040E-01  .27489140E+04
 .56396630E+02  .98775850E+03  .38179030E+07  .54538430E+06 -.28035350E-01  .27042600E+04
 .53189190E+02  .10328440E+04  .39391140E+07  .57495190E+06 -.25484610E-01  .26750090E+04
 .50266370E+02  .10804210E+04  .40658850E+07  .60500930E+06 -.23282790E-01  .26555330E+04
 .47589430E+02  .11304980E+04  .41985150E+07  .63568100E+06 -.21378420E-01  .26424020E+04
 .10000000E+02  .28000000E+02  .00000000E+00  .14000000E+02  .17000000E+02  .70908650E+04
 .33120330E+03  .65448470E+03  .21136510E+07  .13454030E+06 -.36988960E+00  .84126330E+05
 .35255730E+03  .65403630E+03  .20770120E+07  .13616100E+06 -.39247680E+00  .78438740E+05
 .37511110E+03  .65353630E+03  .20404000E+07  .14018380E+06 -.41237710E+00  .67477100E+05
 .39864620E+03  .65292760E+03  .20038180E+07  .14750140E+06 -.42706450E+00  .53021670E+05
 .42279680E+03  .65212350E+03  .19672750E+07  .15912200E+06 -.43400080E+00  .38971250E+05
 .44708440E+03  .65101620E+03  .19307860E+07  .17591050E+06 -.43191150E+00  .28149640E+05
 .47101630E+03  .64950270E+03  .18943690E+07  .19831180E+06 -.42159490E+00  .20855120E+05
 .49419350E+03  .64751180E+03  .18580500E+07  .22622050E+06 -.40541720E+00  .16175000E+05
 .51652120E+03  .64499730E+03  .18218580E+07  .27272420E+06 -.39284550E+00  .12909090E+05
 .53820750E+03  .64190910E+03  .17858220E+07  .33158380E+06 -.38144920E+00  .10647950E+05
 .53820750E+03  .64190910E+03  .17858220E+07  .33158380E+06 -.38144920E+00  .10647950E+05
 .59190560E+03  .63116240E+03  .16903040E+07  .45674730E+06 -.32557930E+00  .79027860E+04
 .63582970E+03  .61863540E+03  .15967640E+07  .58478130E+06 -.27962340E+00  .68087240E+04
 .67550960E+03  .60428600E+03  .15050280E+07  .74230440E+06 -.25021160E+00  .60454280E+04
 .71108580E+03  .58879000E+03  .14155360E+07  .90435590E+06 -.22471340E+00  .55431100E+04
 .74308860E+03  .57253800E+03  .13284290E+07  .10705540E+07 -.20251750E+00  .51989870E+04
 .77198960E+03  .55584410E+03  .12437960E+07  .12377560E+07 -.18328910E+00  .49541990E+04
 .79820090E+03  .53894710E+03  .11616850E+07  .14014990E+07 -.16657010E+00  .47736120E+04
 .82206150E+03  .52202420E+03  .10821130E+07  .15578050E+07 -.15187160E+00  .46363840E+04
 .84384260E+03  .50520700E+03  .10050730E+07  .17040770E+07 -.13878190E+00  .45299240E+04
 .86376100E+03  .48859450E+03  .93054080E+06  .18390940E+07 -.12699340E+00  .44461310E+04
 .88199440E+03  .47226040E+03  .85848050E+06  .19625520E+07 -.11628260E+00  .43793760E+04
 .89869100E+03  .45625850E+03  .78884610E+06  .20745770E+07 -.10647770E+00  .43255760E+04
 .91397590E+03  .44062730E+03  .72158440E+06  .21753780E+07 -.97436510E-01  .42817920E+04
 .92795390E+03  .42539370E+03  .65663790E+06  .22650560E+07 -.89033770E-01  .42460000E+04
 .94071230E+03  .41057620E+03  .59394550E+06  .23435110E+07 -.81156570E-01  .42168440E+04
 .95232200E+03  .39618720E+03  .53344370E+06  .24103900E+07 -.73702950E-01  .41933870E+04
 .96283970E+03  .38223430E+03  .47506750E+06  .24650370E+07 -.66580790E-01  .41748420E+04
 .97230870E+03  .36872060E+03  .41875140E+06  .25064290E+07 -.59705680E-01  .41603950E+04
 .98075980E+03  .35564540E+03  .36442940E+06  .25330980E+07 -.52998020E-01  .41491350E+04
 .98821270E+03  .34300380E+03  .31203610E+06  .25430840E+07 -.46383940E-01  .41401460E+04
 .99467670E+03  .33078790E+03  .26150700E+06  .25339530E+07 -.39805240E-01  .41327200E+04
 .10001540E+04  .31898790E+03  .21277890E+06  .25028030E+07 -.33224910E-01  .41263330E+04
 .10046410E+04  .30759210E+03  .16579040E+06  .24462450E+07 -.26573990E-01  .41202470E+04
 .10081120E+04  .29658690E+03  .12048180E+06  .23610550E+07 -.19634550E-01  .41137050E+04
 .10104950E+04  .28595830E+03  .76795520E+05  .22463440E+07 -.11952810E-01  .41067320E+04
 .10116230E+04  .27569370E+03  .34676100E+05  .21066670E+07 -.27444040E-02  .41000690E+04
 .10111770E+04  .26578330E+03 -.59302950E+04  .19554510E+07  .93177980E-02  .40951470E+04
 .33120330E+03  .65448470E+03  .21136510E+07  .13454030E+06 -.36988960E+00  .84126330E+05
 .31114580E+03  .65491680E+03  .21503140E+07  .13466620E+06 -.34640670E+00  .84802410E+05
 .29240320E+03  .65535750E+03  .21870020E+07  .13611680E+06 -.32304790E+00  .81008360E+05
 .27495250E+03  .65583170E+03  .22237150E+07  .13863970E+06 -.30032410E+00  .73432360E+05
 .25875020E+03  .65636840E+03  .22604560E+07  .14208330E+06 -.27849300E+00  .63490780E+05
 .24374160E+03  .65700160E+03  .22972300E+07  .14634400E+06 -.25771150E+00  .53032140E+05
 .22986470E+03  .65776870E+03  .23340430E+07  .15133600E+06 -.23809620E+00  .43494030E+05
 .21705140E+03  .65870820E+03  .23709030E+07  .15697690E+06 -.21973490E+00  .35526050E+05
 .20522990E+03  .65985760E+03  .24078220E+07  .16318490E+06 -.20268100E+00  .29178350E+05
 .19432640E+03  .66125240E+03  .24448120E+07  .16988240E+06 -.18694900E+00  .24223870E+05
 .18426740E+03  .66292540E+03  .24818870E+07  .17700130E+06 -.17251640E+00  .20371580E+05
 .17498130E+03  .66490670E+03  .25190650E+07  .18449120E+06 -.15933120E+00  .17359210E+05
 .16640030E+03  .66722430E+03  .25563630E+07  .19232610E+06 -.14732260E+00  .14978290E+05
 .15846070E+03  .66990450E+03  .25938010E+07  .20051190E+06 -.13641110E+00  .13071680E+05
 .15846070E+03  .66990450E+03  .25938010E+07  .20051190E+06 -.13641110E+00  .13071680E+05
 .14329480E+03  .67717770E+03  .26745530E+07  .22018770E+06 -.11763090E+00  .97143400E+04
 .13015040E+03  .68660570E+03  .27563580E+07  .24285360E+06 -.10201520E+00  .77980160E+04
 .11869600E+03  .69846000E+03  .28394350E+07  .26747280E+06 -.89291270E-01  .63424120E+04
 .10863980E+03  .71316290E+03  .29241020E+07  .29346190E+06 -.78593870E-01  .52690350E+04
 .99775400E+02  .73101430E+03  .30107210E+07  .32028860E+06 -.69356300E-01  .45031150E+04
 .91948070E+02  .75213920E+03  .30996770E+07  .34750420E+06 -.61280800E-01  .39637710E+04
 .85025720E+02  .77655440E+03  .31913660E+07  .37496150E+06 -.54262590E-01  .35758000E+04
 .78886040E+02  .80426020E+03  .32861820E+07  .40273530E+06 -.48217360E-01  .32883920E+04
 .73420120E+02  .83523660E+03  .33845190E+07  .43087380E+06 -.43007650E-01  .30755910E+04
 .68536670E+02  .86938970E+03  .34867660E+07  .45932630E+06 -.38487720E-01  .29233620E+04
 .64159840E+02  .90654320E+03  .35932930E+07  .48802190E+06 -.34550070E-01  .28193820E+04
 .60224170E+02  .94649440E+03  .37044480E+07  .51694620E+06 -.31125100E-01  .27508020E+04
 .56671470E+02  .98907720E+03  .38205560E+07  .54615230E+06 -.28158600E-01  .27061250E+04
 .53449900E+02  .10341910E+04  .39419280E+07  .57573530E+06 -.25597140E-01  .26767800E+04
 .50514130E+02  .10817990E+04  .40688620E+07  .60580970E+06 -.23386310E-01  .26571710E+04
 .47825240E+02  .11319110E+04  .42016600E+07  .63650010E+06 -.21474290E-01  .26438880E+04
 .10000000E+02  .28000000E+02  .00000000E+00  .14000000E+02  .17000000E+02  .70908650E+04
 .33231480E+03  .65498880E+03  .21141030E+07  .13538190E+06 -.36978440E+00  .78530940E+05
 .35365500E+03  .65450820E+03  .20774370E+07  .13712760E+06 -.39208090E+00  .73326530E+05
 .37617690E+03  .65397420E+03  .20407990E+07  .14130110E+06 -.41162160E+00  .63414670E+05
 .39965880E+03  .65332910E+03  .20041940E+07  .14879240E+06 -.42591810E+00  .50303330E+05
 .42373520E+03  .65248620E+03  .19676300E+07  .16059680E+06 -.43251450E+00  .37410480E+05
 .44793320E+03  .65133910E+03  .19311210E+07  .17756010E+06 -.43022660E+00  .27324990E+05
 .47176930E+03  .64978670E+03  .18946870E+07  .20011000E+06 -.41988830E+00  .20423630E+05
 .49485380E+03  .64776000E+03  .18583540E+07  .22813440E+06 -.40383180E+00  .15940530E+05
 .51707030E+03  .64521740E+03  .18221480E+07  .27360810E+06 -.39090030E+00  .12799900E+05
 .53865910E+03  .64210600E+03  .17861000E+07  .33280100E+06 -.37993690E+00  .10582620E+05
 .53865910E+03  .64210600E+03  .17861000E+07  .33280100E+06 -.37993690E+00  .10582620E+05
 .59223280E+03  .63130160E+03  .16905570E+07  .45982040E+06 -.32535360E+00  .78656370E+04
 .63608580E+03  .61873910E+03  .15970000E+07  .58668140E+06 -.27916970E+00  .67971640E+04
 .67571150E+03  .60436820E+03  .15052500E+07  .74406610E+06 -.24992280E+00  .60389730E+04
 .71125150E+03  .58885660E+03  .14157460E+07  .90602410E+06 -.22451280E+00  .55390930E+04
 .74322860E+03  .57259300E+03  .13286310E+07  .10721660E+07 -.20237170E+00  .51963110E+04
 .77211080E+03  .55589020E+03  .12439900E+07  .12393270E+07 -.18318070E+00  .49523210E+04
 .79830780E+03  .53898630E+03  .11618730E+07  .14030310E+07 -.16648850E+00  .47722310E+04
 .82215780E+03  .52205790E+03  .10822960E+07  .15592930E+07 -.15180920E+00  .46353290E+04
 .84393060E+03  .50523630E+03  .10052510E+07  .17055150E+07 -.13873340E+00  .45290900E+04
 .86384260E+03  .48862010E+03  .93071440E+06  .18404790E+07 -.12695530E+00  .44454520E+04
 .88207080E+03  .47228280E+03  .85865060E+06  .19638840E+07 -.11625200E+00  .43788100E+04
 .89876340E+03  .45627820E+03  .78901290E+06  .20758590E+07 -.10645300E+00  .43250940E+04
 .91404480E+03  .44064470E+03  .72174860E+06  .21766130E+07 -.97416400E-01  .42813740E+04
 .92802010E+03  .42540920E+03  .65679960E+06  .22662480E+07 -.89017390E-01  .42456280E+04
 .94077620E+03  .41059000E+03  .59410490E+06  .23446650E+07 -.81143330E-01  .42165090E+04
 .95238430E+03  .39619940E+03  .53360120E+06  .24115100E+07 -.73692470E-01  .41930760E+04
 .96290060E+03  .38224510E+03  .47522330E+06  .24661250E+07 -.66572870E-01  .41745480E+04
 .97236850E+03  .36873010E+03  .41890570E+06  .25074870E+07 -.59700220E-01  .41601110E+04
 .98081900E+03  .35565370E+03  .36458240E+06  .25341250E+07 -.52995110E-01  .41488530E+04
 .98827170E+03  .34301090E+03  .31218790E+06  .25440760E+07 -.46383810E-01  .41398620E+04
 .99473590E+03  .33079390E+03  .26165780E+06  .25349020E+07 -.39808300E-01  .41324280E+04
 .10002140E+04  .31899290E+03  .21292890E+06  .25037000E+07 -.33231820E-01  .41260280E+04
 .10047020E+04  .30759600E+03  .16593970E+06  .24470740E+07 -.26585760E-01  .41199190E+04
 .10081760E+04  .29658980E+03  .12063060E+06  .23617980E+07 -.19652520E-01  .41133330E+04
 .10105610E+04  .28596010E+03  .76943950E+05  .22469860E+07 -.11978290E-01  .41062770E+04
 .10116940E+04  .27569410E+03  .34824370E+05  .21072070E+07 -.27778920E-02  .40994580E+04
 .10112530E+04  .26578200E+03 -.57819590E+04  .19559170E+07  .92787060E-02  .40942540E+04
 .33231480E+03  .65498880E+03  .21141030E+07  .13538190E+06 -.36978440E+00  .78530940E+05
 .31225670E+03  .65545170E+03  .21507950E+07  .13540520E+06 -.34652350E+00  .79297880E+05
 .29350250E+03  .65592240E+03  .21875140E+07  .13676990E+06 -.32333260E+00  .76113270E+05
 .27603210E+03  .65642570E+03  .22242590E+07  .13921900E+06 -.30073600E+00  .69524780E+05
 .25980400E+03  .65699040E+03  .22610350E+07  .14259760E+06 -.27900030E+00  .60679810E+05
 .24476500E+03  .65765030E+03  .22978440E+07  .14680110E+06 -.25828670E+00  .51168150E+05
 .23085450E+03  .65844260E+03  .23346940E+07  .15174350E+06 -.23871530E+00  .42316830E+05
 .21800590E+03  .65940580E+03  .23715930E+07  .15734280E+06 -.22037680E+00  .34796040E+05
 .20614820E+03  .66057730E+03  .24085510E+07  .16351870E+06 -.20332870E+00  .28723920E+05
 .19520860E+03  .66199290E+03  .24455820E+07  .17019460E+06 -.18758920E+00  .23936190E+05
 .18511410E+03  .66368540E+03  .24827000E+07  .17730450E+06 -.17314030E+00  .20185230E+05
 .17579370E+03  .66568520E+03  .25199200E+07  .18479980E+06 -.15993390E+00  .17235440E+05
 .16717960E+03  .66802030E+03  .25572630E+07  .19265640E+06 -.14790240E+00  .14893980E+05
 .15920810E+03  .67071720E+03  .25947450E+07  .20088240E+06 -.13696960E+00  .13012720E+05
 .15920810E+03  .67071720E+03  .25947450E+07  .20088240E+06 -.13696960E+00  .13012720E+05
 .14397510E+03  .67803490E+03  .26755970E+07  .22075970E+06 -.11818450E+00  .96781000E+04
 .13076720E+03  .68750700E+03  .27575080E+07  .24350310E+06 -.10251780E+00  .77744360E+04
 .11925600E+03  .69940850E+03  .28406960E+07  .26816140E+06 -.89734040E-01  .63279920E+04
 .10915030E+03  .71415950E+03  .29254800E+07  .29417030E+06 -.78977640E-01  .52610070E+04
 .10024320E+03  .73205690E+03  .30122210E+07  .32100280E+06 -.69685470E-01  .44993380E+04
 .92379290E+02  .75322390E+03  .31013040E+07  .34821490E+06 -.61563130E-01  .39625210E+04
 .85425380E+02  .77767760E+03  .31931260E+07  .37566940E+06 -.54507510E-01  .35758720E+04
 .79258160E+02  .80541960E+03  .32880790E+07  .40344590E+06 -.48432460E-01  .32891710E+04
 .73767970E+02  .83643040E+03  .33865570E+07  .43159180E+06 -.43197960E-01  .30768370E+04
 .68862980E+02  .87061550E+03  .34889490E+07  .46005410E+06 -.38656830E-01  .29249500E+04
 .64466960E+02  .90779890E+03  .35956250E+07  .48876080E+06 -.34701060E-01  .28211820E+04
 .60514130E+02  .94777830E+03  .37069330E+07  .51769740E+06 -.31260820E-01  .27526840E+04
 .56945930E+02  .99038890E+03  .38231970E+07  .54691720E+06 -.28281570E-01  .27079810E+04
 .53710260E+02  .10355320E+04  .39447270E+07  .57651530E+06 -.25709430E-01  .26785410E+04
 .50761570E+02  .10831700E+04  .40718240E+07  .60660660E+06 -.23489610E-01  .26588000E+04
 .48060760E+02  .11333150E+04  .42047880E+07  .63731570E+06 -.21569980E-01  .26453650E+04
