 .10000000E+02  .28000000E+02  .00000000E+00  .14000000E+02  .16000000E+02  .69708650E+04
 .33231480E+03  .65498880E+03  .21141030E+07  .13538190E+06 -.36978440E+00  .78530940E+05
 .35365500E+03  .65450820E+03  .20774370E+07  .13712760E+06 -.39208090E+00  .73326530E+05
 .37617690E+03  .65397420E+03  .20407990E+07  .14130110E+06 -.41162160E+00  .63414670E+05
 .39965880E+03  .65332910E+03  .20041940E+07  .14879240E+06 -.42591810E+00  .50303330E+05
 .42373520E+03  .65248620E+03  .19676300E+07  .16059680E+06 -.43251450E+00  .37410480E+05
 .44793320E+03  .65133910E+03  .19311210E+07  .17756010E+06 -.43022660E+00  .27324990E+05
 .47176930E+03  .64978670E+03  .18946870E+07  .20011000E+06 -.41988830E+00  .20423630E+05
 .49485380E+03  .64776000E+03  .18583540E+07  .22813440E+06 -.40383180E+00  .15940530E+05
 .51707030E+03  .64521740E+03  .18221480E+07  .27360810E+06 -.39090030E+00  .12799900E+05
 .53865910E+03  .64210600E+03  .17861000E+07  .33280100E+06 -.37993690E+00  .10582620E+05
 .53865910E+03  .64210600E+03  .17861000E+07  .33280100E+06 -.37993690E+00  .10582620E+05
 .59223280E+03  .63130160E+03  .16905570E+07  .45982040E+06 -.32535360E+00  .78656370E+04
 .63608580E+03  .61873910E+03  .15970000E+07  .58668140E+06 -.27916970E+00  .67971640E+04
 .67571150E+03  .60436820E+03  .15052500E+07  .74406610E+06 -.24992280E+00  .60389730E+04
 .71125150E+03  .58885660E+03  .14157460E+07  .90602410E+06 -.22451280E+00  .55390930E+04
 .74322860E+03  .57259300E+03  .13286310E+07  .10721660E+07 -.20237170E+00  .51963110E+04
 .77211080E+03  .55589020E+03  .12439900E+07  .12393270E+07 -.18318070E+00  .49523210E+04
 .79830780E+03  .53898630E+03  .11618730E+07  .14030310E+07 -.16648850E+00  .47722310E+04
 .82215780E+03  .52205790E+03  .10822960E+07  .15592930E+07 -.15180920E+00  .46353290E+04
 .84393060E+03  .50523630E+03  .10052510E+07  .17055150E+07 -.13873340E+00  .45290900E+04
 .86384260E+03  .48862010E+03  .93071440E+06  .18404790E+07 -.12695530E+00  .44454520E+04
 .88207080E+03  .47228280E+03  .85865060E+06  .19638840E+07 -.11625200E+00  .43788100E+04
 .89876340E+03  .45627820E+03  .78901290E+06  .20758590E+07 -.10645300E+00  .43250940E+04
 .91404480E+03  .44064470E+03  .72174860E+06  .21766130E+07 -.97416400E-01  .42813740E+04
 .92802010E+03  .42540920E+03  .65679960E+06  .22662480E+07 -.89017390E-01  .42456280E+04
 .94077620E+03  .41059000E+03  .59410490E+06  .23446650E+07 -.81143330E-01  .42165090E+04
 .95238430E+03  .39619940E+03  .53360120E+06  .24115100E+07 -.73692470E-01  .41930760E+04
 .96290060E+03  .38224510E+03  .47522330E+06  .24661250E+07 -.66572870E-01  .41745480E+04
 .97236850E+03  .36873010E+03  .41890570E+06  .25074870E+07 -.59700220E-01  .41601110E+04
 .98081900E+03  .35565370E+03  .36458240E+06  .25341250E+07 -.52995110E-01  .41488530E+04
 .98827170E+03  .34301090E+03  .31218790E+06  .25440760E+07 -.46383810E-01  .41398620E+04
 .99473590E+03  .33079390E+03  .26165780E+06  .25349020E+07 -.39808300E-01  .41324280E+04
 .10002140E+04  .31899290E+03  .21292890E+06  .25037000E+07 -.33231820E-01  .41260280E+04
 .10047020E+04  .30759600E+03  .16593970E+06  .24470740E+07 -.26585760E-01  .41199190E+04
 .10081760E+04  .29658980E+03  .12063060E+06  .23617980E+07 -.19652520E-01  .41133330E+04
 .10105610E+04  .28596010E+03  .76943950E+05  .22469860E+07 -.11978290E-01  .41062770E+04
 .10116940E+04  .27569410E+03  .34824370E+05  .21072070E+07 -.27778920E-02  .40994580E+04
 .10112530E+04  .26578200E+03 -.57819590E+04  .19559170E+07  .92787060E-02  .40942540E+04
 .33231480E+03  .65498880E+03  .21141030E+07  .13538190E+06 -.36978440E+00  .78530940E+05
 .31225670E+03  .65545170E+03  .21507950E+07  .13540520E+06 -.34652350E+00  .79297880E+05
 .29350250E+03  .65592240E+03  .21875140E+07  .13676990E+06 -.32333260E+00  .76113270E+05
 .27603210E+03  .65642570E+03  .22242590E+07  .13921900E+06 -.30073600E+00  .69524780E+05
 .25980400E+03  .65699040E+03  .22610350E+07  .14259760E+06 -.27900030E+00  .60679810E+05
 .24476500E+03  .65765030E+03  .22978440E+07  .14680110E+06 -.25828670E+00  .51168150E+05
 .23085450E+03  .65844260E+03  .23346940E+07  .15174350E+06 -.23871530E+00  .42316830E+05
 .21800590E+03  .65940580E+03  .23715930E+07  .15734280E+06 -.22037680E+00  .34796040E+05
 .20614820E+03  .66057730E+03  .24085510E+07  .16351870E+06 -.20332870E+00  .28723920E+05
 .19520860E+03  .66199290E+03  .24455820E+07  .17019460E+06 -.18758920E+00  .23936190E+05
 .18511410E+03  .66368540E+03  .24827000E+07  .17730450E+06 -.17314030E+00  .20185230E+05
 .17579370E+03  .66568520E+03  .25199200E+07  .18479980E+06 -.15993390E+00  .17235440E+05
 .16717960E+03  .66802030E+03  .25572630E+07  .19265640E+06 -.14790240E+00  .14893980E+05
 .15920810E+03  .67071720E+03  .25947450E+07  .20088240E+06 -.13696960E+00  .13012720E+05
 .15920810E+03  .67071720E+03  .25947450E+07  .20088240E+06 -.13696960E+00  .13012720E+05
 .14397510E+03  .67803490E+03  .26755970E+07  .22075970E+06 -.11818450E+00  .96781000E+04
 .13076720E+03  .68750700E+03  .27575080E+07  .24350310E+06 -.10251780E+00  .77744360E+04
 .11925600E+03  .69940850E+03  .28406960E+07  .26816140E+06 -.89734040E-01  .63279920E+04
 .10915030E+03  .71415950E+03  .29254800E+07  .29417030E+06 -.78977640E-01  .52610070E+04
 .10024320E+03  .73205690E+03  .30122210E+07  .32100280E+06 -.69685470E-01  .44993380E+04
 .92379290E+02  .75322390E+03  .31013040E+07  .34821490E+06 -.61563130E-01  .39625210E+04
 .85425380E+02  .77767760E+03  .31931260E+07  .37566940E+06 -.54507510E-01  .35758720E+04
 .79258160E+02  .80541960E+03  .32880790E+07  .40344590E+06 -.48432460E-01  .32891710E+04
 .73767970E+02  .83643040E+03  .33865570E+07  .43159180E+06 -.43197960E-01  .30768370E+04
 .68862980E+02  .87061550E+03  .34889490E+07  .46005410E+06 -.38656830E-01  .29249500E+04
 .64466960E+02  .90779890E+03  .35956250E+07  .48876080E+06 -.34701060E-01  .28211820E+04
 .60514130E+02  .94777830E+03  .37069330E+07  .51769740E+06 -.31260820E-01  .27526840E+04
 .56945930E+02  .99038890E+03  .38231970E+07  .54691720E+06 -.28281570E-01  .27079810E+04
 .53710260E+02  .10355320E+04  .39447270E+07  .57651530E+06 -.25709430E-01  .26785410E+04
 .50761570E+02  .10831700E+04  .40718240E+07  .60660660E+06 -.23489610E-01  .26588000E+04
 .10000000E+02  .28000000E+02  .00000000E+00  .14000000E+02  .16000000E+02  .69708650E+04
 .33407870E+03  .65578800E+03  .21148230E+07  .13674070E+06 -.36958470E+00  .71022020E+05
 .35539530E+03  .65525620E+03  .20781140E+07  .13868650E+06 -.39141870E+00  .66441420E+05
 .37786470E+03  .65466820E+03  .20414360E+07  .14310050E+06 -.41039270E+00  .57877910E+05
 .40126060E+03  .65396510E+03  .20047930E+07  .15086710E+06 -.42408000E+00  .46521220E+05
 .42521870E+03  .65306070E+03  .19681950E+07  .16296140E+06 -.43015420E+00  .35182690E+05
 .44927490E+03  .65185060E+03  .19316560E+07  .18019880E+06 -.42756680E+00  .26118530E+05
 .47296010E+03  .65023690E+03  .18951950E+07  .20298110E+06 -.41720270E+00  .19779400E+05
 .49589880E+03  .64815370E+03  .18588380E+07  .23118640E+06 -.40133930E+00  .15585020E+05
 .51794540E+03  .64556630E+03  .18226120E+07  .27493660E+06 -.38779710E+00  .12633140E+05
 .53937820E+03  .64241890E+03  .17865450E+07  .33466010E+06 -.37751550E+00  .10482520E+05
 .53937820E+03  .64241890E+03  .17865450E+07  .33466010E+06 -.37751550E+00  .10482520E+05
 .59275200E+03  .63152390E+03  .16909620E+07  .46469750E+06 -.32498810E+00  .78076010E+04
 .63649380E+03  .61890440E+03  .15973770E+07  .58972260E+06 -.27845100E+00  .67789120E+04
 .67603340E+03  .60449940E+03  .15056050E+07  .74688420E+06 -.24946380E+00  .60287340E+04
 .71151590E+03  .58896300E+03  .14160840E+07  .90869210E+06 -.22419350E+00  .55327060E+04
 .74345220E+03  .57268080E+03  .13289530E+07  .10747420E+07 -.20213930E+00  .51920500E+04
 .77230420E+03  .55596390E+03  .12443010E+07  .12418390E+07 -.18300800E+00  .49493260E+04
 .79847880E+03  .53904900E+03  .11621740E+07  .14054810E+07 -.16635820E+00  .47700300E+04
 .82231160E+03  .52211180E+03  .10825880E+07  .15616720E+07 -.15170970E+00  .46336450E+04
 .84407120E+03  .50528300E+03  .10055350E+07  .17078140E+07 -.13865620E+00  .45277570E+04
 .86397290E+03  .48866090E+03  .93099230E+06  .18426940E+07 -.12689440E+00  .44443670E+04
 .88219300E+03  .47231860E+03  .85892270E+06  .19660150E+07 -.11620330E+00  .43779060E+04
 .89887890E+03  .45630980E+03  .78927990E+06  .20779090E+07 -.10641360E+00  .43243240E+04
 .91415500E+03  .44067270E+03  .72201110E+06  .21785880E+07 -.97384290E-01  .42807060E+04
 .92812600E+03  .42543400E+03  .65705820E+06  .22681550E+07 -.88991230E-01  .42450360E+04
 .94087860E+03  .41061200E+03  .59436010E+06  .23465100E+07 -.81122200E-01  .42159720E+04
 .95248380E+03  .39621890E+03  .53385310E+06  .24132990E+07 -.73675740E-01  .41925800E+04
 .96299790E+03  .38226230E+03  .47547260E+06  .24678640E+07 -.66560200E-01  .41740790E+04
 .97246410E+03  .36874530E+03  .41915250E+06  .25091770E+07 -.59691510E-01  .41596570E+04
 .98091370E+03  .35566690E+03  .36482700E+06  .25357650E+07 -.52990470E-01  .41484040E+04
 .98836600E+03  .34302230E+03  .31243070E+06  .25456620E+07 -.46383620E-01  .41394070E+04
 .99483050E+03  .33080360E+03  .26189900E+06  .25364210E+07 -.39813210E-01  .41319600E+04
 .10003100E+04  .31900080E+03  .21316880E+06  .25051340E+07 -.33242880E-01  .41255410E+04
 .10048000E+04  .30760230E+03  .16617860E+06  .24483990E+07 -.26604610E-01  .41193970E+04
 .10082780E+04  .29659450E+03  .12086860E+06  .23629870E+07 -.19681270E-01  .41127410E+04
 .10106680E+04  .28596290E+03  .77181430E+05  .22480150E+07 -.12019080E-01  .41055510E+04
 .10118080E+04  .27569480E+03  .35061580E+05  .21080720E+07 -.28314810E-02  .40984830E+04
 .10113760E+04  .26577980E+03 -.55446450E+04  .19566650E+07  .92161770E-02  .40928260E+04
 .33407870E+03  .65578800E+03  .21148230E+07  .13674070E+06 -.36958470E+00  .71022020E+05
 .31402140E+03  .65630000E+03  .21515620E+07  .13659910E+06 -.34667970E+00  .71883430E+05
 .29525060E+03  .65681850E+03  .21883290E+07  .13782580E+06 -.32375900E+00  .69444950E+05
 .27775030E+03  .65736810E+03  .22251260E+07  .14015620E+06 -.30136840E+00  .64102160E+05
 .26148210E+03  .65797740E+03  .22619550E+07  .14343080E+06 -.27978770E+00  .56687640E+05
 .24639580E+03  .65867990E+03  .22988210E+07  .14754280E+06 -.25918590E+00  .48457440E+05
 .23243270E+03  .65951250E+03  .23357300E+07  .15240590E+06 -.23968780E+00  .40568670E+05
 .21952830E+03  .66051350E+03  .23726900E+07  .15793950E+06 -.22138950E+00  .33693640E+05
 .20761350E+03  .66172040E+03  .24097110E+07  .16406490E+06 -.20435370E+00  .28029000E+05
 .19661660E+03  .66316910E+03  .24468070E+07  .17070800E+06 -.18860580E+00  .23492190E+05
 .18646580E+03  .66489270E+03  .24839910E+07  .17780530E+06 -.17413380E+00  .19895640E+05
 .17709060E+03  .66692180E+03  .25212810E+07  .18531130E+06 -.16089610E+00  .17042050E+05
 .16842360E+03  .66928490E+03  .25586930E+07  .19320490E+06 -.14883080E+00  .14761570E+05
 .16040100E+03  .67200860E+03  .25962470E+07  .20149680E+06 -.13786560E+00  .12919580E+05
 .16040100E+03  .67200860E+03  .25962470E+07  .20149680E+06 -.13786560E+00  .12919580E+05
 .14506000E+03  .67939810E+03  .26772580E+07  .22169200E+06 -.11906950E+00  .96205830E+04
 .13175070E+03  .68894070E+03  .27593360E+07  .24455020E+06 -.10331860E+00  .77371590E+04
 .12014920E+03  .70091740E+03  .28427010E+07  .26926580E+06 -.90438690E-01  .63052610E+04
 .10996460E+03  .71574480E+03  .29276710E+07  .29530350E+06 -.79588190E-01  .52483880E+04
 .10098950E+03  .73371520E+03  .30146060E+07  .32214330E+06 -.70209110E-01  .44934350E+04
 .93067390E+02  .75494870E+03  .31038930E+07  .34934850E+06 -.62012370E-01  .39605940E+04
 .86063290E+02  .77946330E+03  .31959250E+07  .37679760E+06 -.54897440E-01  .35760160E+04
 .79852210E+02  .80726260E+03  .32910950E+07  .40457800E+06 -.48775140E-01  .32904280E+04
 .74323310E+02  .83832800E+03  .33897990E+07  .43273550E+06 -.43501290E-01  .30788310E+04
 .69384000E+02  .87256410E+03  .34924210E+07  .46121320E+06 -.38926420E-01  .29274830E+04
 .64957410E+02  .90979460E+03  .35993340E+07  .48993730E+06 -.34941820E-01  .28240510E+04
 .60977180E+02  .94981850E+03  .37108830E+07  .51889330E+06 -.31477290E-01  .27556780E+04
 .57384260E+02  .99247310E+03  .38273950E+07  .54813460E+06 -.28477720E-01  .27109330E+04
 .54126110E+02  .10376610E+04  .39491780E+07  .57775690E+06 -.25888590E-01  .26813400E+04
 .51156800E+02  .10853490E+04  .40765340E+07  .60787480E+06 -.23654460E-01  .26613860E+04
 .10000000E+02  .28000000E+02  .00000000E+00  .14000000E+02  .16000000E+02  .69708650E+04
 .33582510E+03  .65657830E+03  .21155400E+07  .13811500E+06 -.36934790E+00  .64869220E+05
 .35711610E+03  .65599570E+03  .20787870E+07  .14026110E+06 -.39072280E+00  .60779010E+05
 .37953130E+03  .65535390E+03  .20420690E+07  .14491440E+06 -.40914080E+00  .53267410E+05
 .40284050E+03  .65459340E+03  .20053900E+07  .15295310E+06 -.42223890E+00  .43301820E+05
 .42668080E+03  .65362820E+03  .19687590E+07  .16533190E+06 -.42781620E+00  .33232660E+05
 .45059710E+03  .65235590E+03  .19321890E+07  .18283670E+06 -.42495080E+00  .25032960E+05
 .47413420E+03  .65068200E+03  .18957020E+07  .20584490E+06 -.41457100E+00  .19186100E+05
 .49693020E+03  .64854350E+03  .18593220E+07  .23422600E+06 -.39889940E+00  .15251680E+05
 .51881630E+03  .64591130E+03  .18230750E+07  .27616640E+06 -.38470280E+00  .12475580E+05
 .54009340E+03  .64272890E+03  .17869900E+07  .33641480E+06 -.37509100E+00  .10387600E+05
 .54009340E+03  .64272890E+03  .17869900E+07  .33641480E+06 -.37509100E+00  .10387600E+05
 .59326590E+03  .63174560E+03  .16913670E+07  .46952420E+06 -.32461670E+00  .77512470E+04
 .63689980E+03  .61906900E+03  .15977540E+07  .59276480E+06 -.27774070E+00  .67609530E+04
 .67635410E+03  .60463020E+03  .15059600E+07  .74970180E+06 -.24900880E+00  .60186040E+04
 .71177970E+03  .58906920E+03  .14164210E+07  .91135870E+06 -.22387630E+00  .55263670E+04
 .74367520E+03  .57276850E+03  .13292760E+07  .10773170E+07 -.20190820E+00  .51878140E+04
 .77249730E+03  .55603750E+03  .12446120E+07  .12443490E+07 -.18283600E+00  .49463470E+04
 .79864940E+03  .53911160E+03  .11624750E+07  .14079290E+07 -.16622850E+00  .47678380E+04
 .82246510E+03  .52216560E+03  .10828790E+07  .15640490E+07 -.15161050E+00  .46319670E+04
 .84421170E+03  .50532970E+03  .10058190E+07  .17101120E+07 -.13857920E+00  .45264280E+04
 .86410300E+03  .48870170E+03  .93127000E+06  .18449070E+07 -.12683360E+00  .44432850E+04
 .88231500E+03  .47235450E+03  .85919470E+06  .19681440E+07 -.11615470E+00  .43770040E+04
 .89899430E+03  .45634150E+03  .78954690E+06  .20799570E+07 -.10637420E+00  .43235560E+04
 .91426510E+03  .44070070E+03  .72227360E+06  .21805610E+07 -.97352270E-01  .42800380E+04
 .92823180E+03  .42545880E+03  .65731680E+06  .22700600E+07 -.88965140E-01  .42444440E+04
 .94098080E+03  .41063390E+03  .59461510E+06  .23483540E+07 -.81101100E-01  .42154370E+04
 .95258310E+03  .39623840E+03  .53410510E+06  .24150880E+07 -.73659050E-01  .41920840E+04
 .96309500E+03  .38227950E+03  .47572180E+06  .24696020E+07 -.66547570E-01  .41736100E+04
 .97255980E+03  .36876040E+03  .41939930E+06  .25108660E+07 -.59682820E-01  .41592030E+04
 .98100830E+03  .35568010E+03  .36507170E+06  .25374050E+07 -.52985850E-01  .41479550E+04
 .98846020E+03  .34303370E+03  .31267350E+06  .25472460E+07 -.46383430E-01  .41389530E+04
 .99492510E+03  .33081320E+03  .26214030E+06  .25379390E+07 -.39818120E-01  .41314940E+04
 .10004060E+04  .31900880E+03  .21340880E+06  .25065660E+07 -.33253960E-01  .41250540E+04
 .10048980E+04  .30760870E+03  .16641740E+06  .24497230E+07 -.26623470E-01  .41188750E+04
 .10083790E+04  .29659910E+03  .12110660E+06  .23641750E+07 -.19710050E-01  .41121500E+04
 .10107750E+04  .28596570E+03  .77418890E+05  .22490440E+07 -.12059880E-01  .41048260E+04
 .10119220E+04  .27569540E+03  .35298770E+05  .21089390E+07 -.28850820E-02  .40975090E+04
 .10114990E+04  .26577760E+03 -.53073580E+04  .19574190E+07  .91536720E-02  .40914000E+04
 .33582510E+03  .65657830E+03  .21155400E+07  .13811500E+06 -.36934790E+00  .64869220E+05
 .31577060E+03  .65713930E+03  .21523240E+07  .13780820E+06 -.34679890E+00  .65784300E+05
 .29698520E+03  .65770520E+03  .21891400E+07  .13889640E+06 -.32415040E+00  .63894200E+05
 .27945690E+03  .65830080E+03  .22259870E+07  .14110780E+06 -.30196820E+00  .59498320E+05
 .26315050E+03  .65895470E+03  .22628700E+07  .14427830E+06 -.28054560E+00  .53211950E+05
 .24801830E+03  .65969960E+03  .22997920E+07  .14829880E+06 -.26005920E+00  .46034460E+05
 .23400400E+03  .66057230E+03  .23367590E+07  .15308330E+06 -.24063860E+00  .38968420E+05
 .22104500E+03  .66161080E+03  .23737790E+07  .15855210E+06 -.22238450E+00  .32664750E+05
 .20907380E+03  .66285310E+03  .24108630E+07  .16462840E+06 -.20536540E+00  .27370700E+05
 .19802040E+03  .66433480E+03  .24480230E+07  .17124050E+06 -.18961280E+00  .23066930E+05
 .18781360E+03  .66608940E+03  .24852740E+07  .17832750E+06 -.17512150E+00  .19615950E+05
 .17838390E+03  .66814780E+03  .25226310E+07  .18584650E+06 -.16185600E+00  .16853990E+05
 .16966390E+03  .67053880E+03  .25601130E+07  .19377930E+06 -.14975960E+00  .14631970E+05
 .16159020E+03  .67328940E+03  .25977380E+07  .20213880E+06 -.13876470E+00  .12827780E+05
 .16159020E+03  .67328940E+03  .25977380E+07  .20213880E+06 -.13876470E+00  .12827780E+05
 .14614030E+03  .68075110E+03  .26789060E+07  .22264430E+06 -.11995290E+00  .95636840E+04
 .13273000E+03  .69036410E+03  .27611510E+07  .24560660E+06 -.10411520E+00  .77004490E+04
 .12103870E+03  .70241570E+03  .28446910E+07  .27037340E+06 -.91138620E-01  .62829410E+04
 .11077580E+03  .71731880E+03  .29298450E+07  .29643650E+06 -.80194450E-01  .52360400E+04
 .10173320E+03  .73536130E+03  .30169740E+07  .32328090E+06 -.70728990E-01  .44876990E+04
 .93753280E+02  .75666050E+03  .31064620E+07  .35047750E+06 -.62458560E-01  .39587520E+04
 .86699280E+02  .78123520E+03  .31987030E+07  .37792040E+06 -.55285040E-01  .35761940E+04
 .80444600E+02  .80909130E+03  .32940900E+07  .40570430E+06 -.49116020E-01  .32916940E+04
 .74877190E+02  .84021050E+03  .33930160E+07  .43387300E+06 -.43803160E-01  .30808240E+04
 .69903720E+02  .87449690E+03  .34958670E+07  .46236570E+06 -.39194820E-01  .29300080E+04
 .65446690E+02  .91177390E+03  .36030150E+07  .49110690E+06 -.35181590E-01  .28269050E+04
 .61439170E+02  .95184190E+03  .37148050E+07  .52008180E+06 -.31692920E-01  .27586540E+04
 .57821620E+02  .99454000E+03  .38315620E+07  .54934440E+06 -.28673160E-01  .27138630E+04
 .54541070E+02  .10397740E+04  .39535950E+07  .57899040E+06 -.26067130E-01  .26841160E+04
 .51551210E+02  .10875090E+04  .40812070E+07  .60913460E+06 -.23818770E-01  .26639480E+04
 .10000000E+02  .28000000E+02  .00000000E+00  .14000000E+02  .16000000E+02  .69708650E+04
 .33755410E+03  .65736000E+03  .21162530E+07  .13950590E+06 -.36907530E+00  .59735910E+05
 .35881760E+03  .65672690E+03  .20794580E+07  .14185200E+06 -.38999520E+00  .56040810E+05
 .38117710E+03  .65603170E+03  .20427000E+07  .14674310E+06 -.40786830E+00  .49369540E+05
 .40439900E+03  .65521410E+03  .20059850E+07  .15505050E+06 -.42039680E+00  .40528940E+05
 .42812210E+03  .65418880E+03  .19693200E+07  .16770830E+06 -.42550140E+00  .31511820E+05
 .45190040E+03  .65285530E+03  .19327210E+07  .18547400E+06 -.42237810E+00  .24051050E+05
 .47529210E+03  .65112210E+03  .18962080E+07  .20870180E+06 -.41199170E+00  .18637930E+05
 .49794830E+03  .64892920E+03  .18598040E+07  .23725360E+06 -.39651030E+00  .14938480E+05
 .51968350E+03  .64625240E+03  .18235370E+07  .27730540E+06 -.38161490E+00  .12326600E+05
 .54080510E+03  .64303610E+03  .17874340E+07  .33807030E+06 -.37266280E+00  .10297560E+05
 .54080510E+03  .64303610E+03  .17874340E+07  .33807030E+06 -.37266280E+00  .10297560E+05
 .59377440E+03  .63196660E+03  .16917710E+07  .47429890E+06 -.32423850E+00  .76965280E+04
 .63730360E+03  .61923300E+03  .15981310E+07  .59580830E+06 -.27703890E+00  .67432790E+04
 .67667360E+03  .60476060E+03  .15063150E+07  .75251880E+06 -.24855780E+00  .60085790E+04
 .71204260E+03  .58917520E+03  .14167580E+07  .91402390E+06 -.22356110E+00  .55200760E+04
 .74389780E+03  .57285600E+03  .13295990E+07  .10798900E+07 -.20167830E+00  .51836030E+04
 .77268990E+03  .55611100E+03  .12449230E+07  .12468570E+07 -.18266480E+00  .49433810E+04
 .79881960E+03  .53917410E+03  .11627750E+07  .14103750E+07 -.16609930E+00  .47656540E+04
 .82261850E+03  .52221940E+03  .10831710E+07  .15664250E+07 -.15151170E+00  .46302940E+04
 .84435190E+03  .50537630E+03  .10061040E+07  .17124080E+07 -.13850240E+00  .45251030E+04
 .86423300E+03  .48874240E+03  .93154780E+06  .18471180E+07 -.12677310E+00  .44422060E+04
 .88243680E+03  .47239030E+03  .85946670E+06  .19702710E+07 -.11610620E+00  .43761030E+04
 .89910970E+03  .45637300E+03  .78981390E+06  .20820030E+07 -.10633500E+00  .43227890E+04
 .91437520E+03  .44072860E+03  .72253610E+06  .21825320E+07 -.97320330E-01  .42793720E+04
 .92833740E+03  .42548360E+03  .65757530E+06  .22719630E+07 -.88939110E-01  .42438530E+04
 .94108300E+03  .41065590E+03  .59487020E+06  .23501960E+07 -.81080070E-01  .42149010E+04
 .95268250E+03  .39625790E+03  .53435710E+06  .24168740E+07 -.73642400E-01  .41915890E+04
 .96319220E+03  .38229670E+03  .47597090E+06  .24713370E+07 -.66534970E-01  .41731410E+04
 .97265530E+03  .36877550E+03  .41964600E+06  .25125530E+07 -.59674150E-01  .41587500E+04
 .98110280E+03  .35569330E+03  .36531630E+06  .25390430E+07 -.52981240E-01  .41475060E+04
 .98855440E+03  .34304510E+03  .31291630E+06  .25488290E+07 -.46383260E-01  .41385000E+04
 .99501970E+03  .33082290E+03  .26238150E+06  .25394550E+07 -.39823050E-01  .41310280E+04
 .10005020E+04  .31901680E+03  .21364870E+06  .25079980E+07 -.33265040E-01  .41245680E+04
 .10049960E+04  .30761500E+03  .16665630E+06  .24510460E+07 -.26642340E-01  .41183550E+04
 .10084810E+04  .29660380E+03  .12134460E+06  .23653630E+07 -.19738840E-01  .41115610E+04
 .10108820E+04  .28596860E+03  .77656310E+05  .22500730E+07 -.12100700E-01  .41041030E+04
 .10120350E+04  .27569610E+03  .35535930E+05  .21098080E+07 -.29386920E-02  .40965380E+04
 .10116210E+04  .26577550E+03 -.50701010E+04  .19581770E+07  .90911910E-02  .40899760E+04
 .33755410E+03  .65736000E+03  .21162530E+07  .13950590E+06 -.36907530E+00  .59735910E+05
 .31750450E+03  .65796950E+03  .21530820E+07  .13903350E+06 -.34688230E+00  .60679180E+05
 .29870640E+03  .65858260E+03  .21899450E+07  .13998280E+06 -.32450760E+00  .59201940E+05
 .28115190E+03  .65922410E+03  .22268440E+07  .14207520E+06 -.30253620E+00  .55540990E+05
 .26480900E+03  .65992210E+03  .22637790E+07  .14514170E+06 -.28127470E+00  .50158670E+05
 .24963240E+03  .66070930E+03  .23007570E+07  .14907130E+06 -.26090710E+00  .43855650E+05
 .23556820E+03  .66162200E+03  .23377810E+07  .15377780E+06 -.24156780E+00  .37497930E+05
 .22255570E+03  .66269820E+03  .23748610E+07  .15918280E+06 -.22336210E+00  .31702030E+05
 .21052910E+03  .66397560E+03  .24120070E+07  .16521140E+06 -.20636380E+00  .26745990E+05
 .19941970E+03  .66549020E+03  .24492310E+07  .17179410E+06 -.19061060E+00  .22659030E+05
 .18915740E+03  .66727580E+03  .24865470E+07  .17887270E+06 -.17610370E+00  .19345460E+05
 .17967330E+03  .66936340E+03  .25239720E+07  .18640690E+06 -.16281360E+00  .16670870E+05
 .17090050E+03  .67178220E+03  .25615220E+07  .19438090E+06 -.15068910E+00  .14504960E+05
 .16277560E+03  .67455960E+03  .25992180E+07  .20280950E+06 -.13966670E+00  .12737190E+05
 .16277560E+03  .67455960E+03  .25992180E+07  .20280950E+06 -.13966670E+00  .12737190E+05
 .14721590E+03  .68209410E+03  .26805430E+07  .22361560E+06 -.12083410E+00  .95074480E+04
 .13370500E+03  .69177750E+03  .27629530E+07  .24667140E+06 -.10490710E+00  .76643120E+04
 .12192450E+03  .70390350E+03  .28466670E+07  .27148370E+06 -.91833760E-01  .62610270E+04
 .11158380E+03  .71888170E+03  .29320040E+07  .29756930E+06 -.80796410E-01  .52239580E+04
 .10247430E+03  .73699550E+03  .30193240E+07  .32441580E+06 -.71245110E-01  .44821260E+04
 .94436960E+02  .75835960E+03  .31090130E+07  .35160210E+06 -.62901720E-01  .39569920E+04
 .87333400E+02  .78299370E+03  .32014610E+07  .37903800E+06 -.55670320E-01  .35764050E+04
 .81035340E+02  .81090580E+03  .32970620E+07  .40682500E+06 -.49455110E-01  .32929690E+04
 .75429630E+02  .84207820E+03  .33962090E+07  .43500440E+06 -.44103600E-01  .30828160E+04
 .70422150E+02  .87641420E+03  .34992880E+07  .46351180E+06 -.39462030E-01  .29325250E+04
 .65934800E+02  .91373720E+03  .36066680E+07  .49226960E+06 -.35420370E-01  .28297450E+04
 .61900120E+02  .95384870E+03  .37186960E+07  .52126320E+06 -.31907710E-01  .27616100E+04
 .58258030E+02  .99658980E+03  .38356970E+07  .55054660E+06 -.28867890E-01  .27167710E+04
 .54955140E+02  .10418680E+04  .39579790E+07  .58021600E+06 -.26245060E-01  .26868690E+04
 .51944810E+02  .10896510E+04  .40858450E+07  .61038630E+06 -.23982550E-01  .26664870E+04
 .10000000E+02  .28000000E+02  .00000000E+00  .14000000E+02  .16000000E+02  .69708650E+04
 .33926590E+03  .65813320E+03  .21169620E+07  .14091400E+06 -.36876850E+00  .55388390E+05
 .36050000E+03  .65744980E+03  .20801250E+07  .14345960E+06 -.38923780E+00  .52018180E+05
 .38280240E+03  .65670140E+03  .20433290E+07  .14858690E+06 -.40657730E+00  .46031660E+05
 .40593640E+03  .65582740E+03  .20065770E+07  .15715930E+06 -.41855550E+00  .38116270E+05
 .42954310E+03  .65474260E+03  .19698800E+07  .17009050E+06 -.42321070E+00  .29982300E+05
 .45318520E+03  .65334880E+03  .19332520E+07  .18811060E+06 -.41984800E+00  .23158720E+05
 .47643430E+03  .65155740E+03  .18967120E+07  .21155180E+06 -.40946330E+00  .18129920E+05
 .49895350E+03  .64931100E+03  .18602860E+07  .24026940E+06 -.39417040E+00  .14643650E+05
 .52054740E+03  .64658950E+03  .18239980E+07  .27836130E+06 -.37853130E+00  .12185650E+05
 .54151330E+03  .64334050E+03  .17878780E+07  .33963190E+06 -.37023040E+00  .10212140E+05
 .54151330E+03  .64334050E+03  .17878780E+07  .33963190E+06 -.37023040E+00  .10212140E+05
 .59427790E+03  .63218700E+03  .16921750E+07  .47901980E+06 -.32385280E+00  .76433970E+04
 .63770540E+03  .61939640E+03  .15985070E+07  .59885290E+06 -.27634530E+00  .67258830E+04
 .67699200E+03  .60489070E+03  .15066690E+07  .75533530E+06 -.24811070E+00  .59986600E+04
 .71230480E+03  .58928090E+03  .14170950E+07  .91668790E+06 -.22324800E+00  .55138330E+04
 .74411980E+03  .57294340E+03  .13299210E+07  .10824620E+07 -.20144960E+00  .51794170E+04
 .77288230E+03  .55618430E+03  .12452330E+07  .12493640E+07 -.18249430E+00  .49404300E+04
 .79898970E+03  .53923650E+03  .11630750E+07  .14128190E+07 -.16597050E+00  .47634790E+04
 .82277160E+03  .52227300E+03  .10834630E+07  .15687980E+07 -.15141310E+00  .46286260E+04
 .84449190E+03  .50542290E+03  .10063880E+07  .17147020E+07 -.13842590E+00  .45237820E+04
 .86436290E+03  .48878310E+03  .93182540E+06  .18493280E+07 -.12671270E+00  .44411290E+04
 .88255860E+03  .47242600E+03  .85973860E+06  .19723960E+07 -.11605790E+00  .43752050E+04
 .89922490E+03  .45640460E+03  .79008080E+06  .20840470E+07 -.10629590E+00  .43220230E+04
 .91448510E+03  .44075660E+03  .72279860E+06  .21845020E+07 -.97288460E-01  .42787060E+04
 .92844300E+03  .42550830E+03  .65783380E+06  .22738650E+07 -.88913150E-01  .42432630E+04
 .94118510E+03  .41067790E+03  .59512520E+06  .23520360E+07 -.81059080E-01  .42143670E+04
 .95278170E+03  .39627730E+03  .53460890E+06  .24186590E+07 -.73625800E-01  .41910940E+04
 .96328930E+03  .38231390E+03  .47622010E+06  .24730720E+07 -.66522400E-01  .41726730E+04
 .97275080E+03  .36879070E+03  .41989280E+06  .25142390E+07 -.59665510E-01  .41582970E+04
 .98119730E+03  .35570650E+03  .36556090E+06  .25406790E+07 -.52976660E-01  .41470580E+04
 .98864860E+03  .34305650E+03  .31315910E+06  .25504100E+07 -.46383110E-01  .41380470E+04
 .99511410E+03  .33083260E+03  .26262270E+06  .25409700E+07 -.39827990E-01  .41305630E+04
 .10005970E+04  .31902470E+03  .21388850E+06  .25094280E+07 -.33276140E-01  .41240830E+04
 .10050940E+04  .30762130E+03  .16689500E+06  .24523680E+07 -.26661220E-01  .41178360E+04
 .10085820E+04  .29660840E+03  .12158260E+06  .23665500E+07 -.19767640E-01  .41109730E+04
 .10109880E+04  .28597140E+03  .77893720E+05  .22511030E+07 -.12141530E-01  .41033810E+04
 .10121490E+04  .27569680E+03  .35773060E+05  .21106780E+07 -.29923100E-02  .40955680E+04
 .10117440E+04  .26577340E+03 -.48328720E+04  .19589400E+07  .90287370E-02  .40885530E+04
 .33926590E+03  .65813320E+03  .21169620E+07  .14091400E+06 -.36876850E+00  .55388390E+05
 .31922300E+03  .65879100E+03  .21538360E+07  .14027580E+06 -.34693110E+00  .56343530E+05
 .30041420E+03  .65945100E+03  .21907460E+07  .14108640E+06 -.32483140E+00  .55183450E+05
 .28283540E+03  .66013800E+03  .22276950E+07  .14305980E+06 -.30307300E+00  .52103040E+05
 .26645760E+03  .66088000E+03  .22646830E+07  .14602270E+06 -.28197540E+00  .47455250E+05
 .25123820E+03  .66170930E+03  .23017150E+07  .14986190E+06 -.26173000E+00  .41885830E+05
 .23712530E+03  .66266180E+03  .23387970E+07  .15449120E+06 -.24247580E+00  .36141890E+05
 .22406030E+03  .66377550E+03  .23759360E+07  .15983340E+06 -.22432250E+00  .30799100E+05
 .21197920E+03  .66508800E+03  .24131430E+07  .16581560E+06 -.20734900E+00  .26152150E+05
 .20081440E+03  .66663560E+03  .24504300E+07  .17237070E+06 -.19159910E+00  .22267220E+05
 .19049710E+03  .66845200E+03  .24878110E+07  .17944280E+06 -.17708020E+00  .19083530E+05
 .18095880E+03  .67056870E+03  .25253030E+07  .18699400E+06 -.16376880E+00  .16492330E+05
 .17213330E+03  .67301530E+03  .25629210E+07  .19501070E+06 -.15161890E+00  .14380340E+05
 .16395690E+03  .67581960E+03  .26006870E+07  .20350930E+06 -.14057130E+00  .12647690E+05
 .16395690E+03  .67581960E+03  .26006870E+07  .20350930E+06 -.14057130E+00  .12647690E+05
 .14828680E+03  .68342740E+03  .26821670E+07  .22460470E+06 -.12171240E+00  .94519150E+04
 .13467590E+03  .69318090E+03  .27647410E+07  .24774400E+06 -.10569410E+00  .76287500E+04
 .12280670E+03  .70538100E+03  .28486280E+07  .27259660E+06 -.92524050E-01  .62395100E+04
 .11238880E+03  .72043370E+03  .29341470E+07  .29870160E+06 -.81394040E-01  .52121350E+04
 .10321280E+03  .73861800E+03  .30216580E+07  .32554780E+06 -.71757500E-01  .44767120E+04
 .95118470E+02  .76004600E+03  .31115450E+07  .35272220E+06 -.63341880E-01  .39553120E+04
 .87965650E+02  .78473880E+03  .32041990E+07  .38015040E+06 -.56053310E-01  .35766450E+04
 .81624470E+02  .81270640E+03  .33000130E+07  .40794000E+06 -.49792430E-01  .32942510E+04
 .75980640E+02  .84393130E+03  .33993790E+07  .43612990E+06 -.44402630E-01  .30848050E+04
 .70939300E+02  .87831640E+03  .35026830E+07  .46465160E+06 -.39728080E-01  .29350330E+04
 .66421770E+02  .91568480E+03  .36102950E+07  .49342570E+06 -.35658160E-01  .28325710E+04
 .62360020E+02  .95583920E+03  .37225590E+07  .52243750E+06 -.32121680E-01  .27645480E+04
 .58693490E+02  .99862280E+03  .38398010E+07  .55174150E+06 -.29061920E-01  .27196570E+04
 .55368340E+02  .10439450E+04  .39623300E+07  .58143390E+06 -.26422390E-01  .26895980E+04
 .52337600E+02  .10917750E+04  .40904480E+07  .61162990E+06 -.24145810E-01  .26690030E+04
 .10000000E+02  .28000000E+02  .00000000E+00  .14000000E+02  .16000000E+02  .69708650E+04
 .34096050E+03  .65889790E+03  .21176670E+07  .14233980E+06 -.36842910E+00  .51659320E+05
 .36216360E+03  .65816460E+03  .20807890E+07  .14508430E+06 -.38845240E+00  .48560880E+05
 .38440770E+03  .65736350E+03  .20439540E+07  .15044570E+06 -.40526980E+00  .43141780E+05
 .40745330E+03  .65643340E+03  .20071670E+07  .15927950E+06 -.41671660E+00  .35998380E+05
 .43094430E+03  .65528980E+03  .19704380E+07  .17247860E+06 -.42094450E+00  .28614080E+05
 .45445220E+03  .65383650E+03  .19337800E+07  .19074650E+06 -.41736010E+00  .22344300E+05
 .47756120E+03  .65198800E+03  .18972150E+07  .21439510E+06 -.40698440E+00  .17657820E+05
 .49994610E+03  .64968920E+03  .18607660E+07  .24327370E+06 -.39187790E+00  .14365590E+05
 .52140800E+03  .64692290E+03  .18244590E+07  .27934180E+06 -.37545040E+00  .12052220E+05
 .54221840E+03  .64364220E+03  .17883200E+07  .34110500E+06 -.36779340E+00  .10131080E+05
 .54221840E+03  .64364220E+03  .17883200E+07  .34110500E+06 -.36779340E+00  .10131080E+05
 .59477650E+03  .63240680E+03  .16925790E+07  .48368540E+06 -.32345890E+00  .75918140E+04
 .63810520E+03  .61955920E+03  .15988840E+07  .60189890E+06 -.27566000E+00  .67087580E+04
 .67730910E+03  .60502050E+03  .15070240E+07  .75815130E+06 -.24766750E+00  .59888420E+04
 .71256630E+03  .58938640E+03  .14174320E+07  .91935050E+06 -.22293690E+00  .55076370E+04
 .74434120E+03  .57303060E+03  .13302440E+07  .10850320E+07 -.20122200E+00  .51752550E+04
 .77307420E+03  .55625760E+03  .12455440E+07  .12518690E+07 -.18232460E+00  .49374930E+04
 .79915940E+03  .53929890E+03  .11633760E+07  .14152620E+07 -.16584230E+00  .47613130E+04
 .82292440E+03  .52232670E+03  .10837550E+07  .15711700E+07 -.15131500E+00  .46269650E+04
 .84463180E+03  .50546950E+03  .10066720E+07  .17169940E+07 -.13834960E+00  .45224640E+04
 .86449260E+03  .48882380E+03  .93210310E+06  .18515360E+07 -.12665250E+00  .44400550E+04
 .88268020E+03  .47246180E+03  .86001060E+06  .19745190E+07 -.11600970E+00  .43743080E+04
 .89934000E+03  .45643610E+03  .79034770E+06  .20860900E+07 -.10625690E+00  .43212590E+04
 .91459490E+03  .44078450E+03  .72306100E+06  .21864700E+07 -.97256680E-01  .42780420E+04
 .92854850E+03  .42553310E+03  .65809230E+06  .22757640E+07 -.88887240E-01  .42426730E+04
 .94128700E+03  .41069990E+03  .59538020E+06  .23538750E+07 -.81038140E-01  .42138330E+04
 .95288100E+03  .39629680E+03  .53486090E+06  .24204420E+07 -.73609230E-01  .41906010E+04
 .96338630E+03  .38233110E+03  .47646930E+06  .24748040E+07 -.66509860E-01  .41722070E+04
 .97284620E+03  .36880580E+03  .42013950E+06  .25159240E+07 -.59656900E-01  .41578450E+04
 .98129170E+03  .35571970E+03  .36580550E+06  .25423140E+07 -.52972090E-01  .41466100E+04
 .98874260E+03  .34306790E+03  .31340180E+06  .25519900E+07 -.46382970E-01  .41375950E+04
 .99520860E+03  .33084220E+03  .26286390E+06  .25424830E+07 -.39832940E-01  .41300980E+04
 .10006930E+04  .31903270E+03  .21412840E+06  .25108570E+07 -.33287250E-01  .41236000E+04
 .10051920E+04  .30762770E+03  .16713380E+06  .24536890E+07 -.26680120E-01  .41173180E+04
 .10086830E+04  .29661310E+03  .12182050E+06  .23677360E+07 -.19796450E-01  .41103860E+04
 .10110950E+04  .28597430E+03  .78131100E+05  .22521330E+07 -.12182370E-01  .41026610E+04
 .10122630E+04  .27569750E+03  .36010160E+05  .21115510E+07 -.30459360E-02  .40946010E+04
 .10118660E+04  .26577130E+03 -.45956720E+04  .19597080E+07  .89663120E-02  .40871330E+04
 .34096050E+03  .65889790E+03  .21176670E+07  .14233980E+06 -.36842910E+00  .51659320E+05
 .32092630E+03  .65960380E+03  .21545860E+07  .14153620E+06 -.34694640E+00  .52615720E+05
 .30210860E+03  .66031040E+03  .21915430E+07  .14220800E+06 -.32512290E+00  .51703450E+05
 .28450710E+03  .66104270E+03  .22285410E+07  .14406280E+06 -.30357950E+00  .49088610E+05
 .26809620E+03  .66182850E+03  .22655810E+07  .14692250E+06 -.28264840E+00  .45044860E+05
 .25283540E+03  .66269960E+03  .23026670E+07  .15067200E+06 -.26252830E+00  .40096240E+05
 .23867520E+03  .66369200E+03  .23398060E+07  .15522500E+06 -.24336290E+00  .34887310E+05
 .22555870E+03  .66484300E+03  .23770040E+07  .16050560E+06 -.22526590E+00  .29950390E+05
 .21342380E+03  .66619060E+03  .24142720E+07  .16644280E+06 -.20832130E+00  .25586730E+05
 .20220430E+03  .66777090E+03  .24516210E+07  .17297170E+06 -.19257850E+00  .21890400E+05
 .19183230E+03  .66961810E+03  .24890670E+07  .18003890E+06 -.17805120E+00  .18829580E+05
 .18224020E+03  .67176400E+03  .25266240E+07  .18760870E+06 -.16472170E+00  .16318050E+05
 .17336190E+03  .67423850E+03  .25643110E+07  .19566950E+06 -.15254900E+00  .14257910E+05
 .16513420E+03  .67706970E+03  .26021460E+07  .20423880E+06 -.14147820E+00  .12559180E+05
 .16513420E+03  .67706970E+03  .26021460E+07  .20423880E+06 -.14147820E+00  .12559180E+05
 .14935300E+03  .68475100E+03  .26837800E+07  .22561050E+06 -.12258730E+00  .93971150E+04
 .13564250E+03  .69457460E+03  .27665170E+07  .24882380E+06 -.10647610E+00  .75937680E+04
 .12368540E+03  .70684830E+03  .28505760E+07  .27371180E+06 -.93209450E-01  .62183830E+04
 .11319080E+03  .72197490E+03  .29362750E+07  .29983340E+06 -.81987350E-01  .52005660E+04
 .10394880E+03  .74022880E+03  .30239750E+07  .32667680E+06 -.72266150E-01  .44714520E+04
 .95797810E+02  .76172010E+03  .31140590E+07  .35383780E+06 -.63779060E-01  .39537070E+04
 .88596060E+02  .78647090E+03  .32069180E+07  .38125770E+06 -.56434040E-01  .35769140E+04
 .82211990E+02  .81449320E+03  .33029430E+07  .40904960E+06 -.50128000E-01  .32955410E+04
 .76530220E+02  .84577010E+03  .34025270E+07  .43724970E+06 -.44700250E-01  .30867920E+04
 .71455180E+02  .88020370E+03  .35060540E+07  .46578520E+06 -.39992960E-01  .29375330E+04
 .66907590E+02  .91761680E+03  .36138950E+07  .49457520E+06 -.35894990E-01  .28353820E+04
 .62818890E+02  .95781360E+03  .37263940E+07  .52360490E+06 -.32334830E-01  .27674670E+04
 .59128010E+02  .10006390E+04  .38438750E+07  .55292920E+06 -.29255260E-01  .27225230E+04
 .55780690E+02  .10460050E+04  .39666490E+07  .58264430E+06 -.26599130E-01  .26923060E+04
 .52729600E+02  .10938820E+04  .40950170E+07  .61286560E+06 -.24308560E-01  .26714960E+04
 .10000000E+02  .28000000E+02  .00000000E+00  .14000000E+02  .16000000E+02  .69708650E+04
 .34263820E+03  .65965440E+03  .21183700E+07  .14378380E+06 -.36805850E+00  .48425720E+05
 .36380850E+03  .65887140E+03  .20814510E+07  .14672630E+06 -.38764110E+00  .45557970E+05
 .38599310E+03  .65801790E+03  .20445770E+07  .15231980E+06 -.40394780E+00  .40615900E+05
 .40895020E+03  .65703230E+03  .20077550E+07  .16141100E+06 -.41488170E+00  .34124760E+05
 .43232620E+03  .65583060E+03  .19709940E+07  .17487240E+06 -.41870340E+00  .27383130E+05
 .45570180E+03  .65431880E+03  .19343080E+07  .19338190E+06 -.41491360E+00  .21598070E+05
 .47867330E+03  .65241400E+03  .18977170E+07  .21723190E+06 -.40455370E+00  .17217950E+05
 .50092670E+03  .65006370E+03  .18612460E+07  .24626680E+06 -.38963150E+00  .14102920E+05
 .52226570E+03  .64725240E+03  .18249190E+07  .28025450E+06 -.37237070E+00  .11925890E+05
 .54292060E+03  .64394100E+03  .17887630E+07  .34249490E+06 -.36535140E+00  .10054180E+05
 .54292060E+03  .64394100E+03  .17887630E+07  .34249490E+06 -.36535140E+00  .10054180E+05
 .59527030E+03  .63262590E+03  .16929820E+07  .48829410E+06 -.32305620E+00  .75417360E+04
 .63850290E+03  .61972140E+03  .15992600E+07  .60494620E+06 -.27498270E+00  .66918970E+04
 .67762510E+03  .60514990E+03  .15073780E+07  .76096680E+06 -.24722800E+00  .59791260E+04
 .71282700E+03  .58949160E+03  .14177690E+07  .92201180E+06 -.22262790E+00  .55014870E+04
 .74456210E+03  .57311770E+03  .13305660E+07  .10876000E+07 -.20099570E+00  .51711190E+04
 .77326570E+03  .55633070E+03  .12458540E+07  .12543720E+07 -.18215560E+00  .49345700E+04
 .79932890E+03  .53936110E+03  .11636760E+07  .14177020E+07 -.16571460E+00  .47591540E+04
 .82307710E+03  .52238030E+03  .10840460E+07  .15735400E+07 -.15121720E+00  .46253090E+04
 .84477150E+03  .50551600E+03  .10069560E+07  .17192840E+07 -.13827360E+00  .45211500E+04
 .86462210E+03  .48886450E+03  .93238060E+06  .18537420E+07 -.12659250E+00  .44389830E+04
 .88280170E+03  .47249750E+03  .86028240E+06  .19766410E+07 -.11596170E+00  .43734140E+04
 .89945500E+03  .45646770E+03  .79061450E+06  .20881310E+07 -.10621800E+00  .43204970E+04
 .91470460E+03  .44081240E+03  .72332340E+06  .21884360E+07 -.97224980E-01  .42773780E+04
 .92865390E+03  .42555780E+03  .65835080E+06  .22776620E+07 -.88861410E-01  .42420850E+04
 .94138900E+03  .41072180E+03  .59563510E+06  .23557110E+07 -.81017260E-01  .42133000E+04
 .95298010E+03  .39631630E+03  .53511270E+06  .24222240E+07 -.73592690E-01  .41901070E+04
 .96348320E+03  .38234830E+03  .47671830E+06  .24765350E+07 -.66497350E-01  .41717400E+04
 .97294160E+03  .36882100E+03  .42038620E+06  .25176060E+07 -.59648300E-01  .41573940E+04
 .98138610E+03  .35573290E+03  .36605010E+06  .25439480E+07 -.52967540E-01  .41461640E+04
 .98883660E+03  .34307930E+03  .31364460E+06  .25535690E+07 -.46382850E-01  .41371430E+04
 .99530290E+03  .33085190E+03  .26310500E+06  .25439950E+07 -.39837900E-01  .41296340E+04
 .10007880E+04  .31904070E+03  .21436820E+06  .25122850E+07 -.33298370E-01  .41231170E+04
 .10052900E+04  .30763400E+03  .16737260E+06  .24550090E+07 -.26699020E-01  .41168010E+04
 .10087850E+04  .29661780E+03  .12205850E+06  .23689220E+07 -.19825280E-01  .41098000E+04
 .10112010E+04  .28597710E+03  .78368450E+05  .22531630E+07 -.12223230E-01  .41019430E+04
 .10123770E+04  .27569820E+03  .36247240E+05  .21124250E+07 -.30995700E-02  .40936350E+04
 .10119890E+04  .26576920E+03 -.43585010E+04  .19604800E+07  .89039180E-02  .40857150E+04
 .34263820E+03  .65965440E+03  .21183700E+07  .14378380E+06 -.36805850E+00  .48425720E+05
 .32261440E+03  .66040800E+03  .21553310E+07  .14281510E+06 -.34692950E+00  .49376420E+05
 .30378950E+03  .66116090E+03  .21923350E+07  .14334850E+06 -.32538300E+00  .48660590E+05
 .28616720E+03  .66193830E+03  .22293820E+07  .14508510E+06 -.30405630E+00  .46424070E+05
 .26972460E+03  .66276760E+03  .22664730E+07  .14784230E+06 -.28329420E+00  .42882330E+05
 .25442390E+03  .66368050E+03  .23036130E+07  .15150290E+06 -.26330250E+00  .38463200E+05
 .24021760E+03  .66471250E+03  .23408080E+07  .15598060E+06 -.24422940E+00  .33723090E+05
 .22705080E+03  .66590080E+03  .23780640E+07  .16120070E+06 -.22619250E+00  .29150980E+05
 .21486300E+03  .66728330E+03  .24153920E+07  .16709420E+06 -.20928070E+00  .25047570E+05
 .20358930E+03  .66889640E+03  .24528040E+07  .17359840E+06 -.19354880E+00  .21527520E+05
 .19316310E+03  .67077440E+03  .24903140E+07  .18066220E+06 -.17901660E+00  .18583100E+05
 .18351730E+03  .67294950E+03  .25279360E+07  .18825200E+06 -.16567190E+00  .16147760E+05
 .17458630E+03  .67545180E+03  .25656900E+07  .19635780E+06 -.15347910E+00  .14137510E+05
 .16630710E+03  .67831010E+03  .26035940E+07  .20499840E+06 -.14238710E+00  .12471570E+05
 .16630710E+03  .67831010E+03  .26035940E+07  .20499840E+06 -.14238710E+00  .12471570E+05
 .15041440E+03  .68606540E+03  .26853810E+07  .22663200E+06 -.12345820E+00  .93430770E+04
 .13660500E+03  .69595870E+03  .27682800E+07  .24991030E+06 -.10725270E+00  .75593600E+04
 .12456040E+03  .70830570E+03  .28525090E+07  .27482920E+06 -.93889900E-01  .61976370E+04
 .11398970E+03  .72350530E+03  .29383880E+07  .30096460E+06 -.82576320E-01  .51892460E+04
 .10468220E+03  .74182830E+03  .30262760E+07  .32780290E+06 -.72771080E-01  .44663410E+04
 .96475030E+02  .76338200E+03  .31165560E+07  .35494910E+06 -.64213280E-01  .39521740E+04
 .89224650E+02  .78818990E+03  .32096170E+07  .38235990E+06 -.56812510E-01  .35772090E+04
 .82797930E+02  .81626640E+03  .33058520E+07  .41015390E+06 -.50461840E-01  .32968370E+04
 .77078410E+02  .84759480E+03  .34056520E+07  .43836370E+06 -.44996490E-01  .30887770E+04
 .71969820E+02  .88207620E+03  .35094010E+07  .46691270E+06 -.40256700E-01  .29400250E+04
 .67392300E+02  .91953360E+03  .36174690E+07  .49571830E+06 -.36130860E-01  .28381800E+04
 .63276740E+02  .95977230E+03  .37302000E+07  .52476560E+06 -.32547170E-01  .27703680E+04
 .59561600E+02  .10026400E+04  .38479190E+07  .55410980E+06 -.29447910E-01  .27253670E+04
 .56192180E+02  .10480480E+04  .39709350E+07  .58384730E+06 -.26775270E-01  .26949900E+04
 .53120810E+02  .10959720E+04  .40995510E+07  .61409350E+06 -.24470790E-01  .26739670E+04
 .10000000E+02  .28000000E+02  .00000000E+00  .14000000E+02  .16000000E+02  .69708650E+04
 .34429890E+03  .66040280E+03  .21190680E+07  .14524660E+06 -.36765840E+00  .45595200E+05
 .36543500E+03  .65957040E+03  .20821090E+07  .14838590E+06 -.38680550E+00  .42925770E+05
 .38755900E+03  .65866490E+03  .20451980E+07  .15420920E+06 -.40261330E+00  .38389760E+05
 .41042720E+03  .65762420E+03  .20083410E+07  .16355370E+06 -.41305230E+00  .32455790E+05
 .43368930E+03  .65636510E+03  .19715480E+07  .17727190E+06 -.41648800E+00  .26269920E+05
 .45693450E+03  .65479570E+03  .19348340E+07  .19601660E+06 -.41250790E+00  .20911850E+05
 .47977100E+03  .65283560E+03  .18982180E+07  .22006240E+06 -.40216980E+00  .16807120E+05
 .50189540E+03  .65043460E+03  .18617240E+07  .24924900E+06 -.38742950E+00  .13854360E+05
 .52311830E+03  .64757860E+03  .18253780E+07  .28302960E+06 -.37027240E+00  .11775430E+05
 .54362000E+03  .64423710E+03  .17892050E+07  .34380720E+06 -.36290450E+00  .99812090E+04
 .54362000E+03  .64423710E+03  .17892050E+07  .34380720E+06 -.36290450E+00  .99812090E+04
 .59575960E+03  .63284440E+03  .16933850E+07  .49284430E+06 -.32264400E+00  .74931250E+04
 .63889860E+03  .61988290E+03  .15996350E+07  .60799500E+06 -.27431330E+00  .66752930E+04
 .67793990E+03  .60527890E+03  .15077320E+07  .76378190E+06 -.24679240E+00  .59695080E+04
 .71308690E+03  .58959670E+03  .14181050E+07  .92467180E+06 -.22232090E+00  .54953830E+04
 .74478250E+03  .57320470E+03  .13308890E+07  .10901670E+07 -.20077050E+00  .51670050E+04
 .77345680E+03  .55640380E+03  .12461640E+07  .12568730E+07 -.18198730E+00  .49316600E+04
 .79949800E+03  .53942340E+03  .11639760E+07  .14201410E+07 -.16558730E+00  .47570050E+04
 .82322950E+03  .52243380E+03  .10843380E+07  .15759080E+07 -.15111970E+00  .46236580E+04
 .84491100E+03  .50556250E+03  .10072400E+07  .17215720E+07 -.13819780E+00  .45198400E+04
 .86475150E+03  .48890510E+03  .93265820E+06  .18559460E+07 -.12653270E+00  .44379140E+04
 .88292300E+03  .47253320E+03  .86055430E+06  .19787600E+07 -.11591380E+00  .43725210E+04
 .89956990E+03  .45649910E+03  .79088140E+06  .20901700E+07 -.10617920E+00  .43197350E+04
 .91481420E+03  .44084020E+03  .72358580E+06  .21904000E+07 -.97193360E-01  .42767160E+04
 .92875930E+03  .42558250E+03  .65860920E+06  .22795590E+07 -.88835630E-01  .42414980E+04
 .94149080E+03  .41074370E+03  .59589010E+06  .23575470E+07 -.80996420E-01  .42127680E+04
 .95307910E+03  .39633570E+03  .53536450E+06  .24240040E+07 -.73576200E-01  .41896140E+04
 .96358010E+03  .38236550E+03  .47696740E+06  .24782650E+07 -.66484860E-01  .41712730E+04
 .97303690E+03  .36883610E+03  .42063280E+06  .25192880E+07 -.59639730E-01  .41569420E+04
 .98148050E+03  .35574610E+03  .36629460E+06  .25455800E+07 -.52963020E-01  .41457170E+04
 .98893060E+03  .34309060E+03  .31388730E+06  .25551460E+07 -.46382740E-01  .41366920E+04
 .99539720E+03  .33086150E+03  .26334610E+06  .25455060E+07 -.39842880E-01  .41291700E+04
 .10008840E+04  .31904870E+03  .21460800E+06  .25137120E+07 -.33309500E-01  .41226340E+04
 .10053870E+04  .30764040E+03  .16761130E+06  .24563290E+07 -.26717940E-01  .41162850E+04
 .10088860E+04  .29662250E+03  .12229640E+06  .23701080E+07 -.19854120E-01  .41092160E+04
 .10113080E+04  .28598000E+03  .78605780E+05  .22541940E+07 -.12264100E-01  .41012270E+04
 .10124900E+04  .27569890E+03  .36484300E+05  .21133020E+07 -.31532090E-02  .40926710E+04
 .10121110E+04  .26576710E+03 -.41213590E+04  .19612570E+07  .88415560E-02  .40842980E+04
 .34429890E+03  .66040280E+03  .21190680E+07  .14524660E+06 -.36765840E+00  .45595200E+05
 .32428730E+03  .66120380E+03  .21560730E+07  .14411320E+06 -.34688160E+00  .46535610E+05
 .30545710E+03  .66200270E+03  .21931230E+07  .14450860E+06 -.32561260E+00  .45977440E+05
 .28781560E+03  .66282500E+03  .22302180E+07  .14612760E+06 -.30450430E+00  .44051900E+05
 .27134280E+03  .66369760E+03  .22673610E+07  .14878310E+06 -.28391330E+00  .40931330E+05
 .25600360E+03  .66465220E+03  .23045540E+07  .15235580E+06 -.26405290E+00  .36966960E+05
 .24175240E+03  .66572360E+03  .23418040E+07  .15675920E+06 -.24507550E+00  .32639690E+05
 .22853630E+03  .66694920E+03  .23791180E+07  .16192000E+06 -.22710250E+00  .28396550E+05
 .21629640E+03  .66836650E+03  .24165060E+07  .16777100E+06 -.21022730E+00  .24532700E+05
 .20496930E+03  .67001230E+03  .24539790E+07  .17425190E+06 -.19451010E+00  .21177680E+05
 .19448920E+03  .67192110E+03  .24915520E+07  .18131360E+06 -.17997630E+00  .18343610E+05
 .18478990E+03  .67412530E+03  .25292400E+07  .18892450E+06 -.16661960E+00  .15981180E+05
 .17580640E+03  .67665550E+03  .25670600E+07  .19707620E+06 -.15440910E+00  .14019010E+05
 .16747560E+03  .67954090E+03  .26050320E+07  .20578810E+06 -.14329780E+00  .12384790E+05
 .16747560E+03  .67954090E+03  .26050320E+07  .20578810E+06 -.14329780E+00  .12384790E+05
 .15147090E+03  .68737040E+03  .26869710E+07  .22766820E+06 -.12432470E+00  .92898200E+04
 .13756320E+03  .69733340E+03  .27700310E+07  .25100290E+06 -.10802380E+00  .75255250E+04
 .12543190E+03  .70975310E+03  .28544290E+07  .27594840E+06 -.94565380E-01  .61772660E+04
 .11478570E+03  .72502530E+03  .29404860E+07  .30209510E+06 -.83160960E-01  .51781670E+04
 .10541310E+03  .74341640E+03  .30285600E+07  .32892600E+06 -.73272300E-01  .44613750E+04
 .97150120E+02  .76503170E+03  .31190350E+07  .35605610E+06 -.64644580E-01  .39507110E+04
 .89851430E+02  .78989640E+03  .32122980E+07  .38345730E+06 -.57188770E-01  .35775300E+04
 .83382290E+02  .81802640E+03  .33087400E+07  .41125290E+06 -.50793970E-01  .32981380E+04
 .77625210E+02  .84940560E+03  .34087540E+07  .43947210E+06 -.45291350E-01  .30907590E+04
 .72483220E+02  .88393440E+03  .35127240E+07  .46803430E+06 -.40519310E-01  .29425070E+04
 .67875890E+02  .92143550E+03  .36210170E+07  .49685510E+06 -.36365780E-01  .28409630E+04
 .63733590E+02  .96171550E+03  .37339800E+07  .52591960E+06 -.32758720E-01  .27732510E+04
 .59994270E+02  .10046240E+04  .38519340E+07  .55528340E+06 -.29639880E-01  .27281900E+04
 .56602830E+02  .10500750E+04  .39751910E+07  .58504290E+06 -.26950830E-01  .26976540E+04
 .53511240E+02  .10980450E+04  .41040530E+07  .61531390E+06 -.24632520E-01  .26764160E+04
 .10000000E+02  .28000000E+02  .00000000E+00  .14000000E+02  .16000000E+02  .69708650E+04
 .34594290E+03  .66114320E+03  .21197640E+07  .14672830E+06 -.36723010E+00  .43096990E+05
 .36704340E+03  .66026170E+03  .20827640E+07  .15006320E+06 -.38594750E+00  .40599920E+05
 .38910580E+03  .65930460E+03  .20458160E+07  .15611380E+06 -.40126790E+00  .36413360E+05
 .41188510E+03  .65820940E+03  .20089250E+07  .16570770E+06 -.41122970E+00  .30959950E+05
 .43503410E+03  .65689360E+03  .19721000E+07  .17967700E+06 -.41429850E+00  .25258480E+05
 .45815070E+03  .65526720E+03  .19353580E+07  .19865080E+06 -.41014250E+00  .20278710E+05
 .48085460E+03  .65325270E+03  .18987180E+07  .22288660E+06 -.39983140E+00  .16422540E+05
 .50285250E+03  .65080190E+03  .18622020E+07  .25222050E+06 -.38527070E+00  .13618810E+05
 .52396170E+03  .64790200E+03  .18258360E+07  .28611430E+06 -.36837450E+00  .11626390E+05
 .54431680E+03  .64453050E+03  .17896460E+07  .34504700E+06 -.36045270E+00  .99119840E+04
 .54431680E+03  .64453050E+03  .17896460E+07  .34504700E+06 -.36045270E+00  .99119840E+04
 .59624430E+03  .63306230E+03  .16937880E+07  .49733450E+06 -.32222160E+00  .74459430E+04
 .63929240E+03  .62004390E+03  .16000110E+07  .61104530E+06 -.27365170E+00  .66589410E+04
 .67825360E+03  .60540770E+03  .15080860E+07  .76659660E+06 -.24636040E+00  .59599880E+04
 .71334610E+03  .58970150E+03  .14184420E+07  .92733060E+06 -.22201580E+00  .54893250E+04
 .74500240E+03  .57329150E+03  .13312110E+07  .10927320E+07 -.20054640E+00  .51629170E+04
 .77364760E+03  .55647680E+03  .12464750E+07  .12593730E+07 -.18181980E+00  .49287650E+04
 .79966680E+03  .53948550E+03  .11642760E+07  .14225780E+07 -.16546060E+00  .47548640E+04
 .82338170E+03  .52248730E+03  .10846290E+07  .15782740E+07 -.15102260E+00  .46220130E+04
 .84505030E+03  .50560890E+03  .10075240E+07  .17238590E+07 -.13812230E+00  .45185330E+04
 .86488080E+03  .48894570E+03  .93293580E+06  .18581480E+07 -.12647300E+00  .44368470E+04
 .88304430E+03  .47256890E+03  .86082610E+06  .19808780E+07 -.11586600E+00  .43716290E+04
 .89968460E+03  .45653060E+03  .79114810E+06  .20922070E+07 -.10614050E+00  .43189760E+04
 .91492380E+03  .44086810E+03  .72384810E+06  .21923630E+07 -.97161830E-01  .42760550E+04
 .92886450E+03  .42560720E+03  .65886760E+06  .22814530E+07 -.88809910E-01  .42409110E+04
 .94159260E+03  .41076570E+03  .59614490E+06  .23593800E+07 -.80975620E-01  .42122360E+04
 .95317810E+03  .39635510E+03  .53561630E+06  .24257830E+07 -.73559750E-01  .41891230E+04
 .96367690E+03  .38238270E+03  .47721650E+06  .24799930E+07 -.66472410E-01  .41708080E+04
 .97313210E+03  .36885120E+03  .42087950E+06  .25209670E+07 -.59631190E-01  .41564920E+04
 .98157470E+03  .35575930E+03  .36653920E+06  .25472100E+07 -.52958510E-01  .41452710E+04
 .98902450E+03  .34310200E+03  .31412990E+06  .25567210E+07 -.46382640E-01  .41362420E+04
 .99549150E+03  .33087120E+03  .26358720E+06  .25470160E+07 -.39847870E-01  .41287080E+04
 .10009790E+04  .31905670E+03  .21484780E+06  .25151370E+07 -.33320640E-01  .41221530E+04
 .10054850E+04  .30764670E+03  .16785000E+06  .24576470E+07 -.26736870E-01  .41157700E+04
 .10089870E+04  .29662710E+03  .12253420E+06  .23712930E+07 -.19882970E-01  .41086330E+04
 .10114140E+04  .28598290E+03  .78843090E+05  .22552250E+07 -.12304980E-01  .41005120E+04
 .10126040E+04  .27569970E+03  .36721320E+05  .21141800E+07 -.32068540E-02  .40917100E+04
 .10122340E+04  .26576500E+03 -.38842450E+04  .19620390E+07  .87792280E-02  .40828830E+04
 .34594290E+03  .66114320E+03  .21197640E+07  .14672830E+06 -.36723010E+00  .43096990E+05
 .32594510E+03  .66199130E+03  .21568120E+07  .14543110E+06 -.34680390E+00  .44024100E+05
 .30711110E+03  .66283610E+03  .21939070E+07  .14568910E+06 -.32581280E+00  .43593850E+05
 .28945200E+03  .66370280E+03  .22310500E+07  .14719110E+06 -.30492420E+00  .41926540E+05
 .27295070E+03  .66461860E+03  .22682420E+07  .14974570E+06 -.28450650E+00  .39162270E+05
 .25757430E+03  .66561460E+03  .23054880E+07  .15323140E+06 -.26478000E+00  .35591000E+05
 .24327950E+03  .66672530E+03  .23427930E+07  .15756170E+06 -.24590160E+00  .31628890E+05
 .23001520E+03  .66798800E+03  .23801650E+07  .16266440E+06 -.22799610E+00  .27683270E+05
 .21772400E+03  .66944030E+03  .24176120E+07  .16847420E+06 -.21116120E+00  .24040380E+05
 .20634390E+03  .67111880E+03  .24551460E+07  .17493300E+06 -.19546230E+00  .20840020E+05
 .19581040E+03  .67305830E+03  .24927820E+07  .18199370E+06 -.18093030E+00  .18110680E+05
 .18605790E+03  .67529170E+03  .25305340E+07  .18962670E+06 -.16756440E+00  .15818100E+05
 .17702190E+03  .67784980E+03  .25684200E+07  .19782480E+06 -.15533860E+00  .13902270E+05
 .16863950E+03  .68076250E+03  .26064600E+07  .20660800E+06 -.14420980E+00  .12298780E+05
 .16863950E+03  .68076250E+03  .26064600E+07  .20660800E+06 -.14420980E+00  .12298780E+05
 .15252270E+03  .68866640E+03  .26885500E+07  .22871800E+06 -.12518610E+00  .92373620E+04
 .13851730E+03  .69869890E+03  .27717690E+07  .25210100E+06 -.10878940E+00  .74922550E+04
 .12629990E+03  .71119080E+03  .28563360E+07  .27706950E+06 -.95235880E-01  .61572590E+04
 .11557870E+03  .72653500E+03  .29425690E+07  .30322480E+06 -.83741250E-01  .51673260E+04
 .10614150E+03  .74499350E+03  .30308290E+07  .33004620E+06 -.73769840E-01  .44565510E+04
 .97823140E+02  .76666970E+03  .31214970E+07  .35715880E+06 -.65072960E-01  .39493140E+04
 .90476430E+02  .79159020E+03  .32149600E+07  .38454980E+06 -.57562830E-01  .35778730E+04
 .83965100E+02  .81977330E+03  .33116090E+07  .41234670E+06 -.51124410E-01  .32994440E+04
 .78170630E+02  .85120280E+03  .34118350E+07  .44057510E+06 -.45584850E-01  .30927370E+04
 .72995390E+02  .88577830E+03  .35160230E+07  .46915010E+06 -.40780790E-01  .29449810E+04
 .68358380E+02  .92332250E+03  .36245410E+07  .49798570E+06 -.36599760E-01  .28437330E+04
 .64189430E+02  .96364340E+03  .37377320E+07  .52706720E+06 -.32969460E-01  .27761160E+04
 .60426030E+02  .10065920E+04  .38559200E+07  .55645020E+06 -.29831170E-01  .27309930E+04
 .57012630E+02  .10520860E+04  .39794160E+07  .58623150E+06 -.27125810E-01  .27002950E+04
 .53900900E+02  .11001010E+04  .41085220E+07  .61652680E+06 -.24793740E-01  .26788430E+04
 .10000000E+02  .28000000E+02  .00000000E+00  .14000000E+02  .16000000E+02  .69708650E+04
 .34757030E+03  .66187570E+03  .21204560E+07  .14822940E+06 -.36677530E+00  .40875970E+05
 .36863380E+03  .66094560E+03  .20834170E+07  .15175840E+06 -.38506880E+00  .38530160E+05
 .39063380E+03  .65993710E+03  .20464310E+07  .15803370E+06 -.39991360E+00  .34647250E+05
 .41332410E+03  .65878780E+03  .20095060E+07  .16787270E+06 -.40941530E+00  .29611880E+05
 .43636100E+03  .65741600E+03  .19726510E+07  .18208760E+06 -.41213550E+00  .24335570E+05
 .45935100E+03  .65573360E+03  .19358810E+07  .20128450E+06 -.40781660E+00  .19692760E+05
 .48192470E+03  .65366560E+03  .18992160E+07  .22570480E+06 -.39753750E+00  .16061760E+05
 .50379860E+03  .65116590E+03  .18626790E+07  .25518160E+06 -.38315360E+00  .13395260E+05
 .52479610E+03  .64822270E+03  .18262940E+07  .28918550E+06 -.36651180E+00  .11483620E+05
 .54501120E+03  .64482100E+03  .17900860E+07  .34621960E+06 -.35799600E+00  .98463240E+04
 .54501120E+03  .64482100E+03  .17900860E+07  .34621960E+06 -.35799600E+00  .98463240E+04
 .59672470E+03  .63327950E+03  .16941900E+07  .50176340E+06 -.32178870E+00  .74001540E+04
 .63968410E+03  .62020430E+03  .16003860E+07  .61409720E+06 -.27299790E+00  .66428340E+04
 .67856610E+03  .60553600E+03  .15084400E+07  .76941100E+06 -.24593220E+00  .59505630E+04
 .71360450E+03  .58980610E+03  .14187780E+07  .92998800E+06 -.22171270E+00  .54833100E+04
 .74522180E+03  .57337810E+03  .13315330E+07  .10952950E+07 -.20032350E+00  .51588510E+04
 .77383800E+03  .55654960E+03  .12467850E+07  .12618700E+07 -.18165300E+00  .49258830E+04
 .79983540E+03  .53954760E+03  .11645770E+07  .14250130E+07 -.16533430E+00  .47527310E+04
 .82353360E+03  .52254080E+03  .10849210E+07  .15806380E+07 -.15092580E+00  .46203730E+04
 .84518950E+03  .50565540E+03  .10078080E+07  .17261440E+07 -.13804700E+00  .45172300E+04
 .86500990E+03  .48898630E+03  .93321320E+06  .18603480E+07 -.12641360E+00  .44357830E+04
 .88316530E+03  .47260450E+03  .86109790E+06  .19829940E+07 -.11581840E+00  .43707400E+04
 .89979930E+03  .45656210E+03  .79141490E+06  .20942430E+07 -.10610190E+00  .43182170E+04
 .91503310E+03  .44089600E+03  .72411040E+06  .21943230E+07 -.97130370E-01  .42753950E+04
 .92896970E+03  .42563190E+03  .65912590E+06  .22833460E+07 -.88784270E-01  .42403250E+04
 .94169430E+03  .41078760E+03  .59639980E+06  .23612120E+07 -.80954880E-01  .42117050E+04
 .95327700E+03  .39637460E+03  .53586810E+06  .24275590E+07 -.73543330E-01  .41886310E+04
 .96377370E+03  .38239990E+03  .47746550E+06  .24817190E+07 -.66459990E-01  .41703430E+04
 .97322730E+03  .36886630E+03  .42112610E+06  .25226450E+07 -.59622660E-01  .41560420E+04
 .98166890E+03  .35577250E+03  .36678360E+06  .25488390E+07 -.52954010E-01  .41448260E+04
 .98911830E+03  .34311340E+03  .31437260E+06  .25582960E+07 -.46382570E-01  .41357920E+04
 .99558570E+03  .33088080E+03  .26382830E+06  .25485240E+07 -.39852880E-01  .41282460E+04
 .10010750E+04  .31906460E+03  .21508750E+06  .25165620E+07 -.33331800E-01  .41216720E+04
 .10055830E+04  .30765300E+03  .16808870E+06  .24589640E+07 -.26755810E-01  .41152560E+04
 .10090880E+04  .29663180E+03  .12277210E+06  .23724780E+07 -.19911840E-01  .41080520E+04
 .10115210E+04  .28598580E+03  .79080370E+05  .22562570E+07 -.12345880E-01  .40997990E+04
 .10127170E+04  .27570050E+03  .36958320E+05  .21150600E+07 -.32605020E-02  .40907500E+04
 .10123560E+04  .26576300E+03 -.36471600E+04  .19628260E+07  .87169360E-02  .40814710E+04
 .34757030E+03  .66187570E+03  .21204560E+07  .14822940E+06 -.36677530E+00  .40875970E+05
 .32758790E+03  .66277080E+03  .21575460E+07  .14676910E+06 -.34669760E+00  .41787860E+05
 .30875170E+03  .66366090E+03  .21946860E+07  .14689030E+06 -.32598450E+00  .41462360E+05
 .29107660E+03  .66457200E+03  .22318770E+07  .14827620E+06 -.30531670E+00  .40011420E+05
 .27454820E+03  .66553070E+03  .22691190E+07  .15073080E+06 -.28507430E+00  .37550870E+05
 .25913600E+03  .66656790E+03  .23064170E+07  .15413070E+06 -.26548440E+00  .34321340E+05
 .24479880E+03  .66771790E+03  .23437770E+07  .15838900E+06 -.24670790E+00  .30683540E+05
 .23148720E+03  .66901770E+03  .23812050E+07  .16343470E+06 -.22887350E+00  .27007730E+05
 .21914540E+03  .67050480E+03  .24187100E+07  .16920450E+06 -.21208250E+00  .23568990E+05
 .20771310E+03  .67221590E+03  .24563050E+07  .17564230E+06 -.19640530E+00  .20513770E+05
 .19712660E+03  .67418630E+03  .24940030E+07  .18270320E+06 -.18187840E+00  .17883920E+05
 .18732120E+03  .67644880E+03  .25318200E+07  .19035900E+06 -.16850610E+00  .15658290E+05
 .17823270E+03  .67903500E+03  .25697720E+07  .19860390E+06 -.15626740E+00  .13787190E+05
 .16979880E+03  .68197490E+03  .26078780E+07  .20745810E+06 -.14512290E+00  .12213480E+05
 .16979880E+03  .68197490E+03  .26078780E+07  .20745810E+06 -.14512290E+00  .12213480E+05
 .15356960E+03  .68995350E+03  .26901180E+07  .22978050E+06 -.12604220E+00  .91857130E+04
 .13946720E+03  .70005510E+03  .27734960E+07  .25320440E+06 -.10954910E+00  .74595430E+04
 .12716430E+03  .71261880E+03  .28582300E+07  .27819210E+06 -.95901350E-01  .61376100E+04
 .11636870E+03  .72803440E+03  .29446390E+07  .30435350E+06 -.84317190E-01  .51567160E+04
 .10686740E+03  .74655950E+03  .30330830E+07  .33116320E+06 -.74263680E-01  .44518620E+04
 .98494070E+02  .76829590E+03  .31239420E+07  .35825710E+06 -.65498460E-01  .39479810E+04
 .91099650E+02  .79327170E+03  .32176030E+07  .38563750E+06 -.57934720E-01  .35782380E+04
 .84546360E+02  .82150720E+03  .33144570E+07  .41343550E+06 -.51453170E-01  .33007530E+04
 .78714700E+02  .85298650E+03  .34148950E+07  .44167270E+06 -.45877000E-01  .30947110E+04
 .73506350E+02  .88760820E+03  .35193000E+07  .47026020E+06 -.41041150E-01  .29474450E+04
 .68839780E+02  .92519510E+03  .36280390E+07  .49911030E+06 -.36832800E-01  .28464890E+04
 .64644290E+02  .96555640E+03  .37414580E+07  .52820840E+06 -.33179430E-01  .27789630E+04
 .60856880E+02  .10085450E+04  .38598780E+07  .55761030E+06 -.30021800E-01  .27337760E+04
 .57421620E+02  .10540810E+04  .39836100E+07  .58741310E+06 -.27300220E-01  .27029160E+04
 .54289800E+02  .11021410E+04  .41129580E+07  .61773250E+06 -.24954470E-01  .26812490E+04
 .10000000E+02  .28000000E+02  .00000000E+00  .14000000E+02  .16000000E+02  .69708650E+04
 .34918120E+03  .66260050E+03  .21211450E+07  .14974990E+06 -.36629540E+00  .38888580E+05
 .37020640E+03  .66162190E+03  .20840660E+07  .15347150E+06 -.38417110E+00  .36676650E+05
 .39214320E+03  .66056260E+03  .20470450E+07  .15996880E+06 -.39855200E+00  .33059820E+05
 .41474450E+03  .65935970E+03  .20100860E+07  .17004860E+06 -.40761010E+00  .28390920E+05
 .43767030E+03  .65793260E+03  .19732000E+07  .18450360E+06 -.40999900E+00  .23490140E+05
 .46053560E+03  .65619490E+03  .19364030E+07  .20391760E+06 -.40552960E+00  .19148920E+05
 .48298140E+03  .65407430E+03  .18997140E+07  .22851700E+06 -.39528670E+00  .15722640E+05
 .50473370E+03  .65152660E+03  .18631550E+07  .25813250E+06 -.38107710E+00  .13182810E+05
 .52562160E+03  .64854080E+03  .18267510E+07  .29224340E+06 -.36468320E+00  .11346710E+05
 .54570320E+03  .64510890E+03  .17905270E+07  .34733030E+06 -.35553470E+00  .97840630E+04
 .54570320E+03  .64510890E+03  .17905270E+07  .34733030E+06 -.35553470E+00  .97840630E+04
 .59720100E+03  .63349600E+03  .16945920E+07  .50612960E+06 -.32134450E+00  .73557250E+04
 .64007400E+03  .62036420E+03  .16007610E+07  .61715080E+06 -.27235170E+00  .66269660E+04
 .67887740E+03  .60566400E+03  .15087930E+07  .77222500E+06 -.24550760E+00  .59412320E+04
 .71386220E+03  .58991050E+03  .14191150E+07  .93264420E+06 -.22141160E+00  .54773400E+04
 .74544070E+03  .57346460E+03  .13318550E+07  .10978570E+07 -.20010180E+00  .51548090E+04
 .77402800E+03  .55662240E+03  .12470950E+07  .12643660E+07 -.18148690E+00  .49230140E+04
 .80000370E+03  .53960960E+03  .11648770E+07  .14274460E+07 -.16520850E+00  .47506070E+04
 .82368540E+03  .52259420E+03  .10852120E+07  .15830000E+07 -.15082940E+00  .46187380E+04
 .84532840E+03  .50570170E+03  .10080920E+07  .17284270E+07 -.13797200E+00  .45159310E+04
 .86513880E+03  .48902680E+03  .93349060E+06  .18625470E+07 -.12635430E+00  .44347210E+04
 .88328630E+03  .47264010E+03  .86136960E+06  .19851090E+07 -.11577090E+00  .43698530E+04
 .89991380E+03  .45659350E+03  .79168160E+06  .20962760E+07 -.10606350E+00  .43174590E+04
 .91514250E+03  .44092380E+03  .72437260E+06  .21962820E+07 -.97098990E-01  .42747360E+04
 .92907470E+03  .42565660E+03  .65938430E+06  .22852380E+07 -.88758680E-01  .42397400E+04
 .94179590E+03  .41080950E+03  .59665470E+06  .23630420E+07 -.80934190E-01  .42111750E+04
 .95337580E+03  .39639400E+03  .53611990E+06  .24293340E+07 -.73526950E-01  .41881400E+04
 .96387040E+03  .38241710E+03  .47771450E+06  .24834440E+07 -.66447600E-01  .41698780E+04
 .97332240E+03  .36888140E+03  .42137270E+06  .25243220E+07 -.59614160E-01  .41555930E+04
 .98176300E+03  .35578570E+03  .36702810E+06  .25504670E+07 -.52949540E-01  .41443820E+04
 .98921210E+03  .34312480E+03  .31461520E+06  .25598690E+07 -.46382500E-01  .41353430E+04
 .99567980E+03  .33089050E+03  .26406930E+06  .25500310E+07 -.39857890E-01  .41277850E+04
 .10011700E+04  .31907260E+03  .21532730E+06  .25179850E+07 -.33342960E-01  .41211920E+04
 .10056800E+04  .30765940E+03  .16832730E+06  .24602810E+07 -.26774760E-01  .41147430E+04
 .10091900E+04  .29663650E+03  .12300990E+06  .23736620E+07 -.19940720E-01  .41074720E+04
 .10116270E+04  .28598870E+03  .79317620E+05  .22572880E+07 -.12386790E-01  .40990880E+04
 .10128310E+04  .27570120E+03  .37195300E+05  .21159430E+07 -.33141550E-02  .40897930E+04
 .10124780E+04  .26576100E+03 -.34101040E+04  .19636180E+07  .86546840E-02  .40800600E+04
 .34918120E+03  .66260050E+03  .21211450E+07  .14974990E+06 -.36629540E+00  .38888580E+05
 .32921560E+03  .66354210E+03  .21582770E+07  .14812750E+06 -.34656400E+00  .39784040E+05
 .31037880E+03  .66447750E+03  .21954610E+07  .14811290E+06 -.32612880E+00  .39545020E+05
 .29268920E+03  .66543260E+03  .22326990E+07  .14938340E+06 -.30568280E+00  .38276840E+05
 .27613520E+03  .66643400E+03  .22699910E+07  .15173910E+06 -.28561730E+00  .36076940E+05
 .26068850E+03  .66751230E+03  .23073410E+07  .15505420E+06 -.26616630E+00  .33146070E+05
 .24631000E+03  .66870150E+03  .23447540E+07  .15924160E+06 -.24749490E+00  .29797390E+05
 .23295210E+03  .67003820E+03  .23822380E+07  .16423160E+06 -.22973470E+00  .26366900E+05
 .22056070E+03  .67156010E+03  .24198020E+07  .16996250E+06 -.21299120E+00  .23117120E+05
 .20907670E+03  .67330390E+03  .24574570E+07  .17638040E+06 -.19733920E+00  .20198260E+05
 .19843750E+03  .67530510E+03  .24952170E+07  .18344230E+06 -.18282050E+00  .17662990E+05
 .18857940E+03  .67759680E+03  .25330970E+07  .19112160E+06 -.16944460E+00  .15501580E+05
 .17943870E+03  .68021110E+03  .25711140E+07  .19941340E+06 -.15719510E+00  .13673660E+05
 .17095320E+03  .68317860E+03  .26092870E+07  .20833810E+06 -.14603650E+00  .12128860E+05
 .17095320E+03  .68317860E+03  .26092870E+07  .20833810E+06 -.14603650E+00  .12128860E+05
 .15461160E+03  .69123180E+03  .26916750E+07  .23085490E+06 -.12689250E+00  .91348800E+04
 .14041300E+03  .70140220E+03  .27752110E+07  .25431250E+06 -.11030300E+00  .74273810E+04
 .12802530E+03  .71403750E+03  .28601110E+07  .27931630E+06 -.96561790E-01  .61183100E+04
 .11715580E+03  .72952370E+03  .29466940E+07  .30548130E+06 -.84888790E-01  .51463320E+04
 .10759090E+03  .74811470E+03  .30353210E+07  .33227720E+06 -.74753880E-01  .44473070E+04
 .99162960E+02  .76991050E+03  .31263700E+07  .35935130E+06 -.65921110E-01  .39467080E+04
 .91721120E+02  .79494100E+03  .32202290E+07  .38672050E+06 -.58304460E-01  .35786240E+04
 .85126110E+02  .82322850E+03  .33172860E+07  .41451930E+06 -.51780280E-01  .33020660E+04
 .79257420E+02  .85475690E+03  .34179330E+07  .44276510E+06 -.46167820E-01  .30966820E+04
 .74016110E+02  .88942430E+03  .35225540E+07  .47136470E+06 -.41300420E-01  .29499010E+04
 .69320090E+02  .92705330E+03  .36315140E+07  .50022900E+06 -.37064930E-01  .28492300E+04
 .65098170E+02  .96745470E+03  .37451570E+07  .52934330E+06 -.33388620E-01  .27817920E+04
 .61286840E+02  .10104830E+04  .38638080E+07  .55876390E+06 -.30211760E-01  .27365380E+04
 .57829780E+02  .10560610E+04  .39877750E+07  .58858780E+06 -.27474060E-01  .27055150E+04
 .54677940E+02  .11041650E+04  .41173630E+07  .61893090E+06 -.25114700E-01  .26836330E+04
