 .10000000E+02  .28000000E+02  .00000000E+00  .14000000E+02  .16000000E+02  .69708650E+04
 .34918120E+03  .66260050E+03  .21211450E+07  .14974990E+06 -.36629540E+00  .38888580E+05
 .37020640E+03  .66162190E+03  .20840660E+07  .15347150E+06 -.38417110E+00  .36676650E+05
 .39214320E+03  .66056260E+03  .20470450E+07  .15996880E+06 -.39855200E+00  .33059820E+05
 .41474450E+03  .65935970E+03  .20100860E+07  .17004860E+06 -.40761010E+00  .28390920E+05
 .43767030E+03  .65793260E+03  .19732000E+07  .18450360E+06 -.40999900E+00  .23490140E+05
 .46053560E+03  .65619490E+03  .19364030E+07  .20391760E+06 -.40552960E+00  .19148920E+05
 .48298140E+03  .65407430E+03  .18997140E+07  .22851700E+06 -.39528670E+00  .15722640E+05
 .50473370E+03  .65152660E+03  .18631550E+07  .25813250E+06 -.38107710E+00  .13182810E+05
 .52562160E+03  .64854080E+03  .18267510E+07  .29224340E+06 -.36468320E+00  .11346710E+05
 .54570320E+03  .64510890E+03  .17905270E+07  .34733030E+06 -.35553470E+00  .97840630E+04
 .54570320E+03  .64510890E+03  .17905270E+07  .34733030E+06 -.35553470E+00  .97840630E+04
 .59720100E+03  .63349600E+03  .16945920E+07  .50612960E+06 -.32134450E+00  .73557250E+04
 .64007400E+03  .62036420E+03  .16007610E+07  .61715080E+06 -.27235170E+00  .66269660E+04
 .67887740E+03  .60566400E+03  .15087930E+07  .77222500E+06 -.24550760E+00  .59412320E+04
 .71386220E+03  .58991050E+03  .14191150E+07  .93264420E+06 -.22141160E+00  .54773400E+04
 .74544070E+03  .57346460E+03  .13318550E+07  .10978570E+07 -.20010180E+00  .51548090E+04
 .77402800E+03  .55662240E+03  .12470950E+07  .12643660E+07 -.18148690E+00  .49230140E+04
 .80000370E+03  .53960960E+03  .11648770E+07  .14274460E+07 -.16520850E+00  .47506070E+04
 .82368540E+03  .52259420E+03  .10852120E+07  .15830000E+07 -.15082940E+00  .46187380E+04
 .84532840E+03  .50570170E+03  .10080920E+07  .17284270E+07 -.13797200E+00  .45159310E+04
 .86513880E+03  .48902680E+03  .93349060E+06  .18625470E+07 -.12635430E+00  .44347210E+04
 .88328630E+03  .47264010E+03  .86136960E+06  .19851090E+07 -.11577090E+00  .43698530E+04
 .89991380E+03  .45659350E+03  .79168160E+06  .20962760E+07 -.10606350E+00  .43174590E+04
 .91514250E+03  .44092380E+03  .72437260E+06  .21962820E+07 -.97098990E-01  .42747360E+04
 .92907470E+03  .42565660E+03  .65938430E+06  .22852380E+07 -.88758680E-01  .42397400E+04
 .94179590E+03  .41080950E+03  .59665470E+06  .23630420E+07 -.80934190E-01  .42111750E+04
 .95337580E+03  .39639400E+03  .53611990E+06  .24293340E+07 -.73526950E-01  .41881400E+04
 .96387040E+03  .38241710E+03  .47771450E+06  .24834440E+07 -.66447600E-01  .41698780E+04
 .97332240E+03  .36888140E+03  .42137270E+06  .25243220E+07 -.59614160E-01  .41555930E+04
 .98176300E+03  .35578570E+03  .36702810E+06  .25504670E+07 -.52949540E-01  .41443820E+04
 .98921210E+03  .34312480E+03  .31461520E+06  .25598690E+07 -.46382500E-01  .41353430E+04
 .99567980E+03  .33089050E+03  .26406930E+06  .25500310E+07 -.39857890E-01  .41277850E+04
 .10011700E+04  .31907260E+03  .21532730E+06  .25179850E+07 -.33342960E-01  .41211920E+04
 .10056800E+04  .30765940E+03  .16832730E+06  .24602810E+07 -.26774760E-01  .41147430E+04
 .10091900E+04  .29663650E+03  .12300990E+06  .23736620E+07 -.19940720E-01  .41074720E+04
 .10116270E+04  .28598870E+03  .79317620E+05  .22572880E+07 -.12386790E-01  .40990880E+04
 .10128310E+04  .27570120E+03  .37195300E+05  .21159430E+07 -.33141550E-02  .40897930E+04
 .10124780E+04  .26576100E+03 -.34101040E+04  .19636180E+07  .86546840E-02  .40800600E+04
 .34918120E+03  .66260050E+03  .21211450E+07  .14974990E+06 -.36629540E+00  .38888580E+05
 .32921560E+03  .66354210E+03  .21582770E+07  .14812750E+06 -.34656400E+00  .39784040E+05
 .31037880E+03  .66447750E+03  .21954610E+07  .14811290E+06 -.32612880E+00  .39545020E+05
 .29268920E+03  .66543260E+03  .22326990E+07  .14938340E+06 -.30568280E+00  .38276840E+05
 .27613520E+03  .66643400E+03  .22699910E+07  .15173910E+06 -.28561730E+00  .36076940E+05
 .26068850E+03  .66751230E+03  .23073410E+07  .15505420E+06 -.26616630E+00  .33146070E+05
 .24631000E+03  .66870150E+03  .23447540E+07  .15924160E+06 -.24749490E+00  .29797390E+05
 .23295210E+03  .67003820E+03  .23822380E+07  .16423160E+06 -.22973470E+00  .26366900E+05
 .22056070E+03  .67156010E+03  .24198020E+07  .16996250E+06 -.21299120E+00  .23117120E+05
 .20907670E+03  .67330390E+03  .24574570E+07  .17638040E+06 -.19733920E+00  .20198260E+05
 .19843750E+03  .67530510E+03  .24952170E+07  .18344230E+06 -.18282050E+00  .17662990E+05
 .18857940E+03  .67759680E+03  .25330970E+07  .19112160E+06 -.16944460E+00  .15501580E+05
 .17943870E+03  .68021110E+03  .25711140E+07  .19941340E+06 -.15719510E+00  .13673660E+05
 .17095320E+03  .68317860E+03  .26092870E+07  .20833810E+06 -.14603650E+00  .12128860E+05
 .17095320E+03  .68317860E+03  .26092870E+07  .20833810E+06 -.14603650E+00  .12128860E+05
 .15461160E+03  .69123180E+03  .26916750E+07  .23085490E+06 -.12689250E+00  .91348800E+04
 .14041300E+03  .70140220E+03  .27752110E+07  .25431250E+06 -.11030300E+00  .74273810E+04
 .12802530E+03  .71403750E+03  .28601110E+07  .27931630E+06 -.96561790E-01  .61183100E+04
 .11715580E+03  .72952370E+03  .29466940E+07  .30548130E+06 -.84888790E-01  .51463320E+04
 .10759090E+03  .74811470E+03  .30353210E+07  .33227720E+06 -.74753880E-01  .44473070E+04
 .99162960E+02  .76991050E+03  .31263700E+07  .35935130E+06 -.65921110E-01  .39467080E+04
 .91721120E+02  .79494100E+03  .32202290E+07  .38672050E+06 -.58304460E-01  .35786240E+04
 .85126110E+02  .82322850E+03  .33172860E+07  .41451930E+06 -.51780280E-01  .33020660E+04
 .79257420E+02  .85475690E+03  .34179330E+07  .44276510E+06 -.46167820E-01  .30966820E+04
 .74016110E+02  .88942430E+03  .35225540E+07  .47136470E+06 -.41300420E-01  .29499010E+04
 .69320090E+02  .92705330E+03  .36315140E+07  .50022900E+06 -.37064930E-01  .28492300E+04
 .65098170E+02  .96745470E+03  .37451570E+07  .52934330E+06 -.33388620E-01  .27817920E+04
 .61286840E+02  .10104830E+04  .38638080E+07  .55876390E+06 -.30211760E-01  .27365380E+04
 .57829780E+02  .10560610E+04  .39877750E+07  .58858780E+06 -.27474060E-01  .27055150E+04
 .54677940E+02  .11041650E+04  .41173630E+07  .61893090E+06 -.25114700E-01  .26836330E+04
 .10000000E+02  .28000000E+02  .00000000E+00  .14000000E+02  .16000000E+02  .69708650E+04
 .35136940E+03  .66358480E+03  .21220870E+07  .15187270E+06 -.36559720E+00  .36474450E+05
 .37234010E+03  .66254020E+03  .20849550E+07  .15585630E+06 -.38290890E+00  .34423450E+05
 .39418910E+03  .66141140E+03  .20478840E+07  .16265410E+06 -.39667070E+00  .31122710E+05
 .41666820E+03  .66013570E+03  .20108800E+07  .17305800E+06 -.40514500E+00  .26888940E+05
 .43944300E+03  .65863350E+03  .19739530E+07  .18783420E+06 -.40710520E+00  .22437400E+05
 .46213960E+03  .65682140E+03  .19371190E+07  .20753730E+06 -.40244740E+00  .18462000E+05
 .48441350E+03  .65462980E+03  .19003960E+07  .23237450E+06 -.39226020E+00  .15288260E+05
 .50600220E+03  .65201720E+03  .18638080E+07  .26217380E+06 -.37828580E+00  .12907320E+05
 .52674280E+03  .64897390E+03  .18273780E+07  .29642700E+06 -.36222270E+00  .11167390E+05
 .54665140E+03  .64550040E+03  .17911310E+07  .34876540E+06 -.35214360E+00  .97037230E+04
 .54665140E+03  .64550040E+03  .17911310E+07  .34876540E+06 -.35214360E+00  .97037230E+04
 .59784920E+03  .63379270E+03  .16951450E+07  .51202830E+06 -.32071460E+00  .72967940E+04
 .64060690E+03  .62058300E+03  .16012770E+07  .62135230E+06 -.27147540E+00  .66055260E+04
 .67930370E+03  .60583950E+03  .15092790E+07  .77609390E+06 -.24492970E+00  .59285520E+04
 .71421530E+03  .59005360E+03  .14195770E+07  .93629450E+06 -.22100060E+00  .54692010E+04
 .74574080E+03  .57358330E+03  .13322970E+07  .11013760E+07 -.19979870E+00  .51492880E+04
 .77428860E+03  .55672230E+03  .12475210E+07  .12677950E+07 -.18125970E+00  .49190920E+04
 .80023460E+03  .53969470E+03  .11652890E+07  .14307890E+07 -.16503630E+00  .47477000E+04
 .82389360E+03  .52266750E+03  .10856130E+07  .15862460E+07 -.15069730E+00  .46165000E+04
 .84551920E+03  .50576540E+03  .10084820E+07  .17315630E+07 -.13786920E+00  .45141500E+04
 .86531590E+03  .48908250E+03  .93387200E+06  .18655670E+07 -.12627310E+00  .44332660E+04
 .88345250E+03  .47268910E+03  .86174310E+06  .19880130E+07 -.11570580E+00  .43686360E+04
 .90007120E+03  .45663670E+03  .79204830E+06  .20990700E+07 -.10601070E+00  .43164200E+04
 .91529270E+03  .44096200E+03  .72473330E+06  .21989730E+07 -.97055970E-01  .42738320E+04
 .92921910E+03  .42569050E+03  .65973940E+06  .22878350E+07 -.88723600E-01  .42389370E+04
 .94193540E+03  .41083960E+03  .59700500E+06  .23655560E+07 -.80905820E-01  .42104470E+04
 .95351160E+03  .39642070E+03  .53646590E+06  .24317730E+07 -.73504490E-01  .41874660E+04
 .96400320E+03  .38244060E+03  .47805690E+06  .24858130E+07 -.66430610E-01  .41692410E+04
 .97345310E+03  .36890220E+03  .42171170E+06  .25266250E+07 -.59602510E-01  .41549760E+04
 .98189230E+03  .35580380E+03  .36736420E+06  .25527020E+07 -.52943420E-01  .41437710E+04
 .98934090E+03  .34314040E+03  .31494880E+06  .25620290E+07 -.46382430E-01  .41347260E+04
 .99580920E+03  .33090370E+03  .26440080E+06  .25521010E+07 -.39864800E-01  .41271520E+04
 .10013010E+04  .31908360E+03  .21565680E+06  .25199400E+07 -.33358340E-01  .41205340E+04
 .10058140E+04  .30766810E+03  .16865540E+06  .24620890E+07 -.26800840E-01  .41140400E+04
 .10093280E+04  .29664300E+03  .12333690E+06  .23752890E+07 -.19980440E-01  .41066760E+04
 .10117730E+04  .28599270E+03  .79643800E+05  .22587080E+07 -.12443060E-01  .40981130E+04
 .10129870E+04  .27570230E+03  .37521090E+05  .21171590E+07 -.33879310E-02  .40884790E+04
 .10126460E+04  .26575820E+03 -.30841980E+04  .19647140E+07  .85691510E-02  .40781230E+04
 .35136940E+03  .66358480E+03  .21220870E+07  .15187270E+06 -.36559720E+00  .36474450E+05
 .33142930E+03  .66458990E+03  .21592760E+07  .15002920E+06 -.34633790E+00  .37346290E+05
 .31259410E+03  .66558700E+03  .21965210E+07  .14982920E+06 -.32628410E+00  .37202950E+05
 .29488690E+03  .66660220E+03  .22338220E+07  .15094280E+06 -.30614450E+00  .36142600E+05
 .27829990E+03  .66766200E+03  .22711810E+07  .15316410E+06 -.28632480E+00  .34244250E+05
 .26280800E+03  .66879650E+03  .23086020E+07  .15636450E+06 -.26706840E+00  .31665750E+05
 .24837450E+03  .67003930E+03  .23460880E+07  .16045640E+06 -.24854580E+00  .28665690E+05
 .23495450E+03  .67142680E+03  .23836490E+07  .16537160E+06 -.23089310E+00  .25537520E+05
 .22249620E+03  .67299650E+03  .24212920E+07  .17105090E+06 -.21422020E+00  .22525280E+05
 .21094210E+03  .67478520E+03  .24590280E+07  .17744300E+06 -.19860830E+00  .19780780E+05
 .20023130E+03  .67682870E+03  .24968720E+07  .18450750E+06 -.18410580E+00  .17368120E+05
 .19030120E+03  .67916080E+03  .25348390E+07  .19221980E+06 -.17072930E+00  .15290850E+05
 .18108880E+03  .68181390E+03  .25729440E+07  .20057600E+06 -.15846850E+00  .13519930E+05
 .17253240E+03  .68481950E+03  .26112080E+07  .20959650E+06 -.14729300E+00  .12013530E+05
 .17253240E+03  .68481950E+03  .26112080E+07  .20959650E+06 -.14729300E+00  .12013530E+05
 .15603650E+03  .69297540E+03  .26938000E+07  .23234980E+06 -.12805150E+00  .90663220E+04
 .14170680E+03  .70324010E+03  .27775500E+07  .25584320E+06 -.11132980E+00  .73840380E+04
 .12920350E+03  .71597280E+03  .28626760E+07  .28086400E+06 -.97461660E-01  .60923270E+04
 .11823330E+03  .73155540E+03  .29494980E+07  .30703030E+06 -.85667650E-01  .51324150E+04
 .10858180E+03  .75023580E+03  .30383740E+07  .33380390E+06 -.75421940E-01  .44412510E+04
 .10007940E+03  .77211210E+03  .31296830E+07  .36084890E+06 -.66497640E-01  .39450520E+04
 .92572820E+02  .79721690E+03  .32238100E+07  .38820220E+06 -.58809380E-01  .35791840E+04
 .85920780E+02  .82557470E+03  .33211450E+07  .41600170E+06 -.52227370E-01  .33038750E+04
 .80001470E+02  .85717000E+03  .34220770E+07  .44425870E+06 -.46565550E-01  .30993850E+04
 .74715080E+02  .89189940E+03  .35269910E+07  .47287440E+06 -.41655130E-01  .29532620E+04
 .69978780E+02  .92958560E+03  .36362520E+07  .50175780E+06 -.37382610E-01  .28529770E+04
 .65720670E+02  .97004100E+03  .37502020E+07  .53089390E+06 -.33675000E-01  .27856530E+04
 .61876600E+02  .10131240E+04  .38691660E+07  .56033960E+06 -.30471900E-01  .27403040E+04
 .58389680E+02  .10587570E+04  .39934540E+07  .59019210E+06 -.27712170E-01  .27090550E+04
 .55210410E+02  .11069230E+04  .41233690E+07  .62056740E+06 -.25334230E-01  .26868780E+04
 .10000000E+02  .28000000E+02  .00000000E+00  .14000000E+02  .16000000E+02  .69708650E+04
 .35352700E+03  .66455510E+03  .21230230E+07  .15403290E+06 -.36485800E+00  .34365800E+05
 .37444120E+03  .66344490E+03  .20858390E+07  .15827500E+06 -.38161790E+00  .32454010E+05
 .39620120E+03  .66224760E+03  .20487190E+07  .16536760E+06 -.39478230E+00  .29423010E+05
 .41855860E+03  .66090000E+03  .20116700E+07  .17608740E+06 -.40270210E+00  .25559940E+05
 .44118440E+03  .65932400E+03  .19747020E+07  .19117450E+06 -.40426240E+00  .21493890E+05
 .46371600E+03  .65743870E+03  .19378310E+07  .21115600E+06 -.39943590E+00  .17836920E+05
 .48582190E+03  .65517770E+03  .19010760E+07  .23622130E+06 -.38931040E+00  .14886970E+05
 .50725130E+03  .65250180E+03  .18644590E+07  .26619690E+06 -.37556580E+00  .12649390E+05
 .52784830E+03  .64940240E+03  .18280040E+07  .30058690E+06 -.35982220E+00  .10997620E+05
 .54759570E+03  .64588670E+03  .17917340E+07  .35010550E+06 -.34874550E+00  .96291440E+04
 .54759570E+03  .64588670E+03  .17917340E+07  .35010550E+06 -.34874550E+00  .96291440E+04
 .59849010E+03  .63408830E+03  .16956960E+07  .51780260E+06 -.32006140E+00  .72402900E+04
 .64113620E+03  .62080080E+03  .16017910E+07  .62555720E+06 -.27061310E+00  .65845140E+04
 .67972780E+03  .60601430E+03  .15097650E+07  .77996230E+06 -.24435860E+00  .59160420E+04
 .71456710E+03  .59019640E+03  .14200390E+07  .93994240E+06 -.22059330E+00  .54611440E+04
 .74603990E+03  .57370170E+03  .13327400E+07  .11048930E+07 -.19949780E+00  .51438110E+04
 .77454850E+03  .55682200E+03  .12479470E+07  .12712200E+07 -.18103390E+00  .49151950E+04
 .80046500E+03  .53977970E+03  .11657010E+07  .14341280E+07 -.16486500E+00  .47448080E+04
 .82410140E+03  .52274070E+03  .10860130E+07  .15894880E+07 -.15056580E+00  .46142710E+04
 .84570950E+03  .50582900E+03  .10088730E+07  .17346950E+07 -.13776690E+00  .45123750E+04
 .86549260E+03  .48913810E+03  .93425340E+06  .18685830E+07 -.12619220E+00  .44318150E+04
 .88361830E+03  .47273800E+03  .86211660E+06  .19909130E+07 -.11564100E+00  .43674220E+04
 .90022820E+03  .45667990E+03  .79241480E+06  .21018600E+07 -.10595820E+00  .43153840E+04
 .91544260E+03  .44100030E+03  .72509380E+06  .22016610E+07 -.97013110E-01  .42729290E+04
 .92936320E+03  .42572440E+03  .66009460E+06  .22904300E+07 -.88688630E-01  .42381350E+04
 .94207490E+03  .41086970E+03  .59735540E+06  .23680660E+07 -.80877540E-01  .42097210E+04
 .95364720E+03  .39644730E+03  .53681200E+06  .24342080E+07 -.73482100E-01  .41867930E+04
 .96413590E+03  .38246420E+03  .47839920E+06  .24881790E+07 -.66413690E-01  .41686040E+04
 .97358360E+03  .36892290E+03  .42205070E+06  .25289250E+07 -.59590910E-01  .41543600E+04
 .98202150E+03  .35582190E+03  .36770030E+06  .25549350E+07 -.52937330E-01  .41431620E+04
 .98946970E+03  .34315600E+03  .31528230E+06  .25641870E+07 -.46382400E-01  .41341100E+04
 .99593850E+03  .33091700E+03  .26473210E+06  .25541680E+07 -.39871740E-01  .41265200E+04
 .10014320E+04  .31909460E+03  .21598640E+06  .25218930E+07 -.33373730E-01  .41198770E+04
 .10059480E+04  .30767690E+03  .16898350E+06  .24638960E+07 -.26826940E-01  .41133380E+04
 .10094670E+04  .29664950E+03  .12366380E+06  .23769160E+07 -.20020190E-01  .41058830E+04
 .10119190E+04  .28599670E+03  .79969940E+05  .22601280E+07 -.12499350E-01  .40971410E+04
 .10131420E+04  .27570340E+03  .37846840E+05  .21183790E+07 -.34617090E-02  .40871700E+04
 .10128140E+04  .26575540E+03 -.27583460E+04  .19658190E+07  .84837000E-02  .40761890E+04
 .35352700E+03  .66455510E+03  .21230230E+07  .15403290E+06 -.36485800E+00  .34365800E+05
 .33361480E+03  .66562320E+03  .21602680E+07  .15197060E+06 -.34606550E+00  .35213570E+05
 .31478390E+03  .66668150E+03  .21975730E+07  .15158700E+06 -.32639200E+00  .35145280E+05
 .29706160E+03  .66775620E+03  .22349370E+07  .15254550E+06 -.30655980E+00  .34253340E+05
 .28044420E+03  .66887410E+03  .22723620E+07  .15463470E+06 -.28698830E+00  .32603990E+05
 .26490930E+03  .67006450E+03  .23098520E+07  .15772260E+06 -.26793040E+00  .30322630E+05
 .25042310E+03  .67136070E+03  .23474120E+07  .16172130E+06 -.24956150E+00  .27623460E+05
 .23694290E+03  .67279880E+03  .23850470E+07  .16656390E+06 -.23202180E+00  .24762470E+05
 .22441910E+03  .67441620E+03  .24227680E+07  .17219350E+06 -.21542560E+00  .21964850E+05
 .21279600E+03  .67624990E+03  .24605860E+07  .17856140E+06 -.19985980E+00  .19380920E+05
 .20201450E+03  .67833590E+03  .24985130E+07  .18562960E+06 -.18537900E+00  .17082910E+05
 .19201290E+03  .68070840E+03  .25365650E+07  .19337530E+06 -.17200670E+00  .15085260E+05
 .18272910E+03  .68340060E+03  .25747580E+07  .20179550E+06 -.15973850E+00  .13368810E+05
 .17410200E+03  .68644450E+03  .26131120E+07  .21091000E+06 -.14854890E+00  .11899340E+05
 .17410200E+03  .68644450E+03  .26131120E+07  .21091000E+06 -.14854890E+00  .11899340E+05
 .15745220E+03  .69470310E+03  .26959050E+07  .23386350E+06 -.12919810E+00  .89993110E+04
 .14299270E+03  .70506150E+03  .27798690E+07  .25738140E+06 -.11234520E+00  .73416860E+04
 .13037520E+03  .71789090E+03  .28652190E+07  .28241390E+06 -.98351990E-01  .60669690E+04
 .11930540E+03  .73356850E+03  .29522770E+07  .30857710E+06 -.86438310E-01  .51189040E+04
 .10956820E+03  .75233700E+03  .30413990E+07  .33532470E+06 -.76083160E-01  .44354300E+04
 .10099200E+03  .77429250E+03  .31329650E+07  .36233870E+06 -.67068880E-01  .39434990E+04
 .93421280E+02  .79947040E+03  .32273580E+07  .38967530E+06 -.59310340E-01  .35797760E+04
 .86712650E+02  .82789780E+03  .33249680E+07  .41747510E+06 -.52671420E-01  .33056880E+04
 .80743050E+02  .85955900E+03  .34261830E+07  .44574280E+06 -.46960820E-01  .31020790E+04
 .75411830E+02  .89434940E+03  .35313870E+07  .47437410E+06 -.42007800E-01  .29566050E+04
 .70635480E+02  .93209180E+03  .36409450E+07  .50327580E+06 -.37698590E-01  .28566980E+04
 .66341360E+02  .97260060E+03  .37552000E+07  .53243320E+06 -.33959940E-01  .27894810E+04
 .62464710E+02  .10157360E+04  .38744740E+07  .56190350E+06 -.30730810E-01  .27440330E+04
 .58948070E+02  .10614250E+04  .39990790E+07  .59178410E+06 -.27949230E-01  .27125570E+04
 .55741490E+02  .11096510E+04  .41293180E+07  .62219100E+06 -.25552850E-01  .26900850E+04
 .10000000E+02  .28000000E+02  .00000000E+00  .14000000E+02  .16000000E+02  .69708650E+04
 .35565430E+03  .66551170E+03  .21239540E+07  .15623040E+06 -.36408140E+00  .32508320E+05
 .37651030E+03  .66433670E+03  .20867180E+07  .16072730E+06 -.38030220E+00  .30718270E+05
 .39818040E+03  .66307140E+03  .20495500E+07  .16810890E+06 -.39289050E+00  .27920000E+05
 .42041670E+03  .66165300E+03  .20124570E+07  .17913630E+06 -.40028340E+00  .24375960E+05
 .44289560E+03  .66000440E+03  .19754490E+07  .19452430E+06 -.40147090E+00  .20643580E+05
 .46526560E+03  .65804740E+03  .19385420E+07  .21477380E+06 -.39649330E+00  .17265710E+05
 .48720770E+03  .65571840E+03  .19017550E+07  .24005790E+06 -.38643460E+00  .14515120E+05
 .50848180E+03  .65298050E+03  .18651090E+07  .27020240E+06 -.37291430E+00  .12407370E+05
 .52893870E+03  .64982640E+03  .18286290E+07  .30472370E+06 -.35747930E+00  .10836660E+05
 .54853660E+03  .64626800E+03  .17923360E+07  .35136280E+06 -.34534190E+00  .95599890E+04
 .54853660E+03  .64626800E+03  .17923360E+07  .35136280E+06 -.34534190E+00  .95599890E+04
 .59912400E+03  .63438250E+03  .16962470E+07  .52344960E+06 -.31938390E+00  .71861360E+04
 .64166200E+03  .62101750E+03  .16023060E+07  .62976580E+06 -.26976450E+00  .65639130E+04
 .68014990E+03  .60618850E+03  .15102500E+07  .78383030E+06 -.24379410E+00  .59036990E+04
 .71491750E+03  .59033870E+03  .14205000E+07  .94358810E+06 -.22018960E+00  .54531650E+04
 .74633810E+03  .57381990E+03  .13331820E+07  .11084060E+07 -.19919890E+00  .51383760E+04
 .77480780E+03  .55692140E+03  .12483730E+07  .12746420E+07 -.18080940E+00  .49113230E+04
 .80069480E+03  .53986450E+03  .11661140E+07  .14374640E+07 -.16469470E+00  .47419320E+04
 .82430880E+03  .52281380E+03  .10864140E+07  .15927260E+07 -.15043500E+00  .46120520E+04
 .84589960E+03  .50589250E+03  .10092630E+07  .17378240E+07 -.13766500E+00  .45106080E+04
 .86566910E+03  .48919370E+03  .93463460E+06  .18715960E+07 -.12611170E+00  .44303690E+04
 .88378390E+03  .47278690E+03  .86249010E+06  .19938110E+07 -.11557640E+00  .43662110E+04
 .90038510E+03  .45672300E+03  .79278140E+06  .21046470E+07 -.10590580E+00  .43143500E+04
 .91559240E+03  .44103850E+03  .72545420E+06  .22043450E+07 -.96970390E-01  .42720290E+04
 .92950720E+03  .42575830E+03  .66044960E+06  .22930210E+07 -.88653780E-01  .42373350E+04
 .94221420E+03  .41089970E+03  .59770560E+06  .23705740E+07 -.80849340E-01  .42089960E+04
 .95378270E+03  .39647400E+03  .53715810E+06  .24366400E+07 -.73459790E-01  .41861220E+04
 .96426840E+03  .38248780E+03  .47874140E+06  .24905420E+07 -.66396810E-01  .41679690E+04
 .97371410E+03  .36894360E+03  .42238960E+06  .25312220E+07 -.59579350E-01  .41537450E+04
 .98215070E+03  .35584000E+03  .36803630E+06  .25571650E+07 -.52931280E-01  .41425530E+04
 .98959840E+03  .34317170E+03  .31561580E+06  .25663420E+07 -.46382390E-01  .41334960E+04
 .99606760E+03  .33093020E+03  .26506340E+06  .25562330E+07 -.39878700E-01  .41258900E+04
 .10015630E+04  .31910560E+03  .21631590E+06  .25238430E+07 -.33389140E-01  .41192220E+04
 .10060820E+04  .30768560E+03  .16931150E+06  .24657010E+07 -.26853060E-01  .41126380E+04
 .10096060E+04  .29665600E+03  .12399070E+06  .23785410E+07 -.20059960E-01  .41050930E+04
 .10120650E+04  .28600070E+03  .80296030E+05  .22615480E+07 -.12555660E-01  .40961720E+04
 .10132980E+04  .27570450E+03  .38172530E+05  .21196020E+07 -.35354880E-02  .40858640E+04
 .10129820E+04  .26575270E+03 -.24325480E+04  .19669340E+07  .83983340E-02  .40742600E+04
 .35565430E+03  .66551170E+03  .21239540E+07  .15623040E+06 -.36408140E+00  .32508320E+05
 .33577230E+03  .66664220E+03  .21612540E+07  .15395190E+06 -.34574990E+00  .33332090E+05
 .31694810E+03  .66776110E+03  .21986180E+07  .15338680E+06 -.32645500E+00  .33323210E+05
 .29921340E+03  .66889510E+03  .22360440E+07  .15419240E+06 -.30693080E+00  .32569210E+05
 .28256790E+03  .67007040E+03  .22735350E+07  .15615150E+06 -.28760970E+00  .31127380E+05
 .26699240E+03  .67131650E+03  .23110930E+07  .15912930E+06 -.26875340E+00  .29098390E+05
 .25245550E+03  .67266590E+03  .23487240E+07  .16303700E+06 -.25054280E+00  .26660360E+05
 .23891690E+03  .67415450E+03  .23864340E+07  .16780900E+06 -.23312130E+00  .24036420E+05
 .22632890E+03  .67581960E+03  .24242330E+07  .17339060E+06 -.21660760E+00  .21433200E+05
 .21463810E+03  .67769840E+03  .24621300E+07  .17973570E+06 -.20109340E+00  .18997360E+05
 .20378660E+03  .67982690E+03  .25001390E+07  .18680850E+06 -.18663980E+00  .16806700E+05
 .19371410E+03  .68224010E+03  .25382760E+07  .19458780E+06 -.17327620E+00  .14884500E+05
 .18435930E+03  .68497160E+03  .25765560E+07  .20307100E+06 -.16100420E+00  .13220130E+05
 .17566170E+03  .68805410E+03  .26149990E+07  .21227740E+06 -.14980290E+00  .11786250E+05
 .17566170E+03  .68805410E+03  .26149990E+07  .21227740E+06 -.14980290E+00  .11786250E+05
 .15885870E+03  .69641510E+03  .26979920E+07  .23539390E+06 -.13033160E+00  .89338300E+04
 .14427110E+03  .70686660E+03  .27821660E+07  .25892620E+06 -.11334890E+00  .73002960E+04
 .13154050E+03  .71979190E+03  .28677390E+07  .28396560E+06 -.99232770E-01  .60422160E+04
 .12037220E+03  .73556350E+03  .29550300E+07  .31012140E+06 -.87200780E-01  .51057850E+04
 .11055000E+03  .75441860E+03  .30443980E+07  .33683950E+06 -.76737590E-01  .44298310E+04
 .10190090E+03  .77645220E+03  .31362180E+07  .36382080E+06 -.67634910E-01  .39420420E+04
 .94266560E+02  .80170220E+03  .32308750E+07  .39114010E+06 -.59807400E-01  .35803960E+04
 .87501730E+02  .83019820E+03  .33287560E+07  .41893970E+06 -.53112450E-01  .33075030E+04
 .81482160E+02  .86192430E+03  .34302520E+07  .44721770E+06 -.47353660E-01  .31047640E+04
 .76106400E+02  .89677480E+03  .35357430E+07  .47586400E+06 -.42358460E-01  .29599310E+04
 .71290200E+02  .93457260E+03  .36455960E+07  .50478340E+06 -.38012880E-01  .28603920E+04
 .66960270E+02  .97513390E+03  .37601510E+07  .53396160E+06 -.34243460E-01  .27932760E+04
 .63051190E+02  .10183220E+04  .38797330E+07  .56345590E+06 -.30988520E-01  .27477260E+04
 .59504960E+02  .10640660E+04  .40046510E+07  .59336390E+06 -.28185260E-01  .27160210E+04
 .56271190E+02  .11123510E+04  .41352100E+07  .62380190E+06 -.25770570E-01  .26932540E+04
 .10000000E+02  .28000000E+02  .00000000E+00  .14000000E+02  .16000000E+02  .69708650E+04
 .35775170E+03  .66645490E+03  .21248790E+07  .15846530E+06 -.36327090E+00  .30859850E+05
 .37854770E+03  .66521560E+03  .20875920E+07  .16321290E+06 -.37896540E+00  .29177270E+05
 .40012750E+03  .66388320E+03  .20503770E+07  .17087750E+06 -.39099840E+00  .26581730E+05
 .42224320E+03  .66239480E+03  .20132400E+07  .18220430E+06 -.39789100E+00  .23314720E+05
 .44457760E+03  .66067490E+03  .19761930E+07  .19788320E+06 -.39873070E+00  .19873400E+05
 .46678930E+03  .65864770E+03  .19392500E+07  .21839050E+06 -.39361810E+00  .16741700E+05
 .48857150E+03  .65625230E+03  .19024310E+07  .24388450E+06 -.38363010E+00  .14169560E+05
 .50969410E+03  .65345370E+03  .18657570E+07  .27419080E+06 -.37032870E+00  .12179820E+05
 .53001430E+03  .65024580E+03  .18292520E+07  .30883810E+06 -.35519160E+00  .10683820E+05
 .54947420E+03  .64664420E+03  .17929370E+07  .35254880E+06 -.34193440E+00  .94959450E+04
 .54947420E+03  .64664420E+03  .17929370E+07  .35254880E+06 -.34193440E+00  .94959450E+04
 .59975110E+03  .63467550E+03  .16967980E+07  .52896660E+06 -.31868090E+00  .71342590E+04
 .64218430E+03  .62123320E+03  .16028200E+07  .63397820E+06 -.26892930E+00  .65437100E+04
 .68056990E+03  .60636210E+03  .15107350E+07  .78769810E+06 -.24323610E+00  .58915180E+04
 .71526650E+03  .59048070E+03  .14209620E+07  .94723160E+06 -.21978940E+00  .54452640E+04
 .74663540E+03  .57393770E+03  .13336240E+07  .11119160E+07 -.19890210E+00  .51329830E+04
 .77506630E+03  .55702070E+03  .12487990E+07  .12780610E+07 -.18058620E+00  .49074750E+04
 .80092410E+03  .53994920E+03  .11665260E+07  .14407960E+07 -.16452520E+00  .47390700E+04
 .82451580E+03  .52288680E+03  .10868140E+07  .15959610E+07 -.15030490E+00  .46098440E+04
 .84608940E+03  .50595600E+03  .10096530E+07  .17409490E+07 -.13756360E+00  .45088470E+04
 .86584520E+03  .48924920E+03  .93501580E+06  .18746060E+07 -.12603140E+00  .44289270E+04
 .88394930E+03  .47283570E+03  .86286340E+06  .19967050E+07 -.11551200E+00  .43650040E+04
 .90054190E+03  .45676610E+03  .79314790E+06  .21074300E+07 -.10585360E+00  .43133180E+04
 .91574210E+03  .44107660E+03  .72581460E+06  .22070260E+07 -.96927820E-01  .42711300E+04
 .92965100E+03  .42579210E+03  .66080460E+06  .22956090E+07 -.88619050E-01  .42365370E+04
 .94235330E+03  .41092980E+03  .59805580E+06  .23730780E+07 -.80821250E-01  .42082710E+04
 .95391810E+03  .39650060E+03  .53750400E+06  .24390690E+07 -.73437550E-01  .41854520E+04
 .96440090E+03  .38251140E+03  .47908360E+06  .24929010E+07 -.66379990E-01  .41673340E+04
 .97384440E+03  .36896440E+03  .42272850E+06  .25335160E+07 -.59567830E-01  .41531310E+04
 .98227970E+03  .35585820E+03  .36837230E+06  .25593920E+07 -.52925260E-01  .41419460E+04
 .98972690E+03  .34318730E+03  .31594930E+06  .25684950E+07 -.46382400E-01  .41328830E+04
 .99619670E+03  .33094350E+03  .26539470E+06  .25582950E+07 -.39885690E-01  .41252610E+04
 .10016930E+04  .31911650E+03  .21664540E+06  .25257920E+07 -.33404580E-01  .41185680E+04
 .10062160E+04  .30769440E+03  .16963950E+06  .24675050E+07 -.26879200E-01  .41119410E+04
 .10097450E+04  .29666250E+03  .12431750E+06  .23801660E+07 -.20099750E-01  .41043050E+04
 .10122110E+04  .28600480E+03  .80622070E+05  .22629700E+07 -.12611980E-01  .40952060E+04
 .10134540E+04  .27570570E+03  .38498170E+05  .21208300E+07 -.36092660E-02  .40845610E+04
 .10131490E+04  .26575000E+03 -.21068040E+04  .19680590E+07  .83130600E-02  .40723330E+04
 .35775170E+03  .66645490E+03  .21248790E+07  .15846530E+06 -.36327090E+00  .30859850E+05
 .33790190E+03  .66764730E+03  .21622340E+07  .15597320E+06 -.34539410E+00  .31660010E+05
 .31908670E+03  .66882640E+03  .21996550E+07  .15522890E+06 -.32647570E+00  .31698510E+05
 .30134200E+03  .67001900E+03  .22371430E+07  .15588370E+06 -.30725960E+00  .31058550E+05
 .28467080E+03  .67125160E+03  .22746980E+07  .15771500E+06 -.28819050E+00  .29791070E+05
 .26905680E+03  .67255290E+03  .23123240E+07  .16058480E+06 -.26953890E+00  .27977890E+05
 .25447120E+03  .67395530E+03  .23500260E+07  .16440380E+06 -.25149040E+00  .25767600E+05
 .24087590E+03  .67549440E+03  .23878100E+07  .16910720E+06 -.23419210E+00  .23354680E+05
 .22822540E+03  .67720720E+03  .24256850E+07  .17464250E+06 -.21776610E+00  .20927960E+05
 .21646800E+03  .67913090E+03  .24636610E+07  .18096610E+06 -.20230910E+00  .18628940E+05
 .20554740E+03  .68130220E+03  .25017520E+07  .18804400E+06 -.18788750E+00  .16538920E+05
 .19540450E+03  .68375620E+03  .25399720E+07  .19585660E+06 -.17453700E+00  .14688280E+05
 .18597910E+03  .68652720E+03  .25783380E+07  .20440160E+06 -.16226460E+00  .13073760E+05
 .17721110E+03  .68964870E+03  .26168700E+07  .21369710E+06 -.15105410E+00  .11674220E+05
 .17721110E+03  .68964870E+03  .26168700E+07  .21369710E+06 -.15105410E+00  .11674220E+05
 .16025600E+03  .69811180E+03  .27000600E+07  .23693940E+06 -.13145130E+00  .88698580E+04
 .14554170E+03  .70865580E+03  .27844440E+07  .26047700E+06 -.11434100E+00  .72598380E+04
 .13269950E+03  .72167610E+03  .28702370E+07  .28551890E+06 -.10010400E+00  .60180490E+04
 .12143360E+03  .73754060E+03  .29577600E+07  .31166320E+06 -.87955070E-01  .50930480E+04
 .11152760E+03  .75648120E+03  .30473700E+07  .33834840E+06 -.77385280E-01  .44244450E+04
 .10280610E+03  .77859160E+03  .31394420E+07  .36529530E+06 -.68195800E-01  .39406750E+04
 .95108670E+02  .80391260E+03  .32343600E+07  .39259670E+06 -.60300630E-01  .35810430E+04
 .88288060E+02  .83247630E+03  .33325110E+07  .42039590E+06 -.53550510E-01  .33093180E+04
 .82218850E+02  .86426640E+03  .34342840E+07  .44868370E+06 -.47744100E-01  .31074390E+04
 .76798800E+02  .89917610E+03  .35400600E+07  .47734430E+06 -.42707130E-01  .29632380E+04
 .71942980E+02  .93702840E+03  .36502040E+07  .50628090E+06 -.38325510E-01  .28640600E+04
 .67577420E+02  .97764140E+03  .37650570E+07  .53547920E+06 -.34525590E-01  .27970400E+04
 .63636060E+02  .10208810E+04  .38849420E+07  .56499700E+06 -.31245040E-01  .27513830E+04
 .60060380E+02  .10666790E+04  .40101710E+07  .59493210E+06 -.28420260E-01  .27194480E+04
 .56799520E+02  .11150230E+04  .41410470E+07  .62540060E+06 -.25987400E-01  .26963860E+04
 .10000000E+02  .28000000E+02  .00000000E+00  .14000000E+02  .16000000E+02  .69708650E+04
 .35981940E+03  .66738510E+03  .21257990E+07  .16073720E+06 -.36242980E+00  .29387150E+05
 .38055420E+03  .66608220E+03  .20884610E+07  .16573140E+06 -.37761100E+00  .27800250E+05
 .40204310E+03  .66468330E+03  .20511990E+07  .17367290E+06 -.38910910E+00  .25382810E+05
 .42403920E+03  .66312600E+03  .20140200E+07  .18529080E+06 -.39552650E+00  .22358270E+05
 .44623120E+03  .66133590E+03  .19769340E+07  .20125090E+06 -.39604170E+00  .19172610E+05
 .46828800E+03  .65923980E+03  .19399560E+07  .22200630E+06 -.39080860E+00  .16259290E+05
 .48991420E+03  .65677920E+03  .19031050E+07  .24770150E+06 -.38089450E+00  .13847570E+05
 .51088900E+03  .65392140E+03  .18664040E+07  .27816270E+06 -.36780630E+00  .11965450E+05
 .53107590E+03  .65066090E+03  .18298740E+07  .31293080E+06 -.35295720E+00  .10538490E+05
 .55040870E+03  .64701540E+03  .17935370E+07  .35367430E+06 -.33852480E+00  .94367270E+04
 .55040870E+03  .64701540E+03  .17935370E+07  .35367430E+06 -.33852480E+00  .94367270E+04
 .60037180E+03  .63496720E+03  .16973480E+07  .53435130E+06 -.31795180E+00  .70845890E+04
 .64270310E+03  .62144790E+03  .16033340E+07  .63819460E+06 -.26810740E+00  .65238950E+04
 .68098780E+03  .60653520E+03  .15112200E+07  .79156570E+06 -.24268460E+00  .58794950E+04
 .71561430E+03  .59062230E+03  .14214230E+07  .95087290E+06 -.21939260E+00  .54374390E+04
 .74693170E+03  .57405540E+03  .13340660E+07  .11154240E+07 -.19860740E+00  .51276310E+04
 .77532420E+03  .55711980E+03  .12492250E+07  .12814770E+07 -.18036430E+00  .49036520E+04
 .80115290E+03  .54003380E+03  .11669380E+07  .14441240E+07 -.16435650E+00  .47362240E+04
 .82472240E+03  .52295970E+03  .10872140E+07  .15991920E+07 -.15017530E+00  .46076450E+04
 .84627870E+03  .50601930E+03  .10100430E+07  .17440710E+07 -.13746260E+00  .45070930E+04
 .86602110E+03  .48930460E+03  .93539690E+06  .18776120E+07 -.12595160E+00  .44274900E+04
 .88411450E+03  .47288440E+03  .86323680E+06  .19995950E+07 -.11544790E+00  .43638000E+04
 .90069840E+03  .45680920E+03  .79351430E+06  .21102100E+07 -.10580160E+00  .43122900E+04
 .91589150E+03  .44111470E+03  .72617490E+06  .22097030E+07 -.96885410E-01  .42702330E+04
 .92979470E+03  .42582600E+03  .66115960E+06  .22981930E+07 -.88584430E-01  .42357400E+04
 .94249230E+03  .41095980E+03  .59840600E+06  .23755790E+07 -.80793230E-01  .42075490E+04
 .95405330E+03  .39652730E+03  .53784990E+06  .24414940E+07 -.73415380E-01  .41847830E+04
 .96453310E+03  .38253490E+03  .47942580E+06  .24952580E+07 -.66363220E-01  .41667010E+04
 .97397450E+03  .36898510E+03  .42306730E+06  .25358080E+07 -.59556360E-01  .41525180E+04
 .98240860E+03  .35587630E+03  .36870820E+06  .25616170E+07 -.52919280E-01  .41413400E+04
 .98985530E+03  .34320290E+03  .31628270E+06  .25706450E+07 -.46382450E-01  .41322710E+04
 .99632560E+03  .33095680E+03  .26572600E+06  .25603550E+07 -.39892700E-01  .41246330E+04
 .10018240E+04  .31912750E+03  .21697480E+06  .25277380E+07 -.33420030E-01  .41179160E+04
 .10063500E+04  .30770320E+03  .16996750E+06  .24693060E+07 -.26905360E-01  .41112450E+04
 .10098830E+04  .29666900E+03  .12464430E+06  .23817900E+07 -.20139570E-01  .41035200E+04
 .10123570E+04  .28600890E+03  .80948070E+05  .22643920E+07 -.12668330E-01  .40942440E+04
 .10136090E+04  .27570680E+03  .38823770E+05  .21220610E+07 -.36830390E-02  .40832630E+04
 .10133170E+04  .26574740E+03 -.17811140E+04  .19691920E+07  .82278800E-02  .40704100E+04
 .35981940E+03  .66738510E+03  .21257990E+07  .16073720E+06 -.36242980E+00  .29387150E+05
 .34000380E+03  .66863890E+03  .21632080E+07  .15803440E+06 -.34500110E+00  .30164280E+05
 .32119990E+03  .66987750E+03  .22006860E+07  .15711330E+06 -.32645650E+00  .30240770E+05
 .30344730E+03  .67112840E+03  .22382340E+07  .15761940E+06 -.30754830E+00  .29695860E+05
 .28675260E+03  .67241770E+03  .22758530E+07  .15932530E+06 -.28873250E+00  .28575970E+05
 .27110230E+03  .67377390E+03  .23135460E+07  .16208950E+06 -.27028800E+00  .26948430E+05
 .25646980E+03  .67522920E+03  .23513180E+07  .16582190E+06 -.25240530E+00  .24937650E+05
 .24281960E+03  .67681870E+03  .23891740E+07  .17045860E+06 -.23523460E+00  .22713210E+05
 .23010790E+03  .67857910E+03  .24271250E+07  .17594920E+06 -.21890140E+00  .20447070E+05
 .21828510E+03  .68054800E+03  .24651790E+07  .18225200E+06 -.20350650E+00  .18274640E+05
 .20729630E+03  .68276210E+03  .25033510E+07  .18933550E+06 -.18912180E+00  .16279060E+05
 .19708380E+03  .68525710E+03  .25416540E+07  .19718080E+06 -.17578840E+00  .14496350E+05
 .18758820E+03  .68806790E+03  .25801050E+07  .20578600E+06 -.16351880E+00  .12929620E+05
 .17875000E+03  .69122890E+03  .26187240E+07  .21516750E+06 -.15230120E+00  .11563250E+05
 .17875000E+03  .69122890E+03  .26187240E+07  .21516750E+06 -.15230120E+00  .11563250E+05
 .16164420E+03  .69979330E+03  .27021110E+07  .23849830E+06 -.13255670E+00  .88073660E+04
 .14680490E+03  .71042930E+03  .27867010E+07  .26203320E+06 -.11532130E+00  .72202790E+04
 .13385210E+03  .72354390E+03  .28727130E+07  .28707350E+06 -.10096570E+00  .59944500E+04
 .12248990E+03  .73950020E+03  .29604660E+07  .31320220E+06 -.88701230E-01  .50806800E+04
 .11250070E+03  .75852500E+03  .30503160E+07  .33985120E+06 -.78026310E-01  .44192640E+04
 .10370770E+03  .78071090E+03  .31426380E+07  .36676230E+06 -.68751620E-01  .39393920E+04
 .95947690E+02  .80610210E+03  .32378150E+07  .39404540E+06 -.60790060E-01  .35817120E+04
 .89071690E+02  .83473250E+03  .33362320E+07  .42184380E+06 -.53985640E-01  .33111330E+04
 .82953140E+02  .86658590E+03  .34382790E+07  .45014080E+06 -.48132170E-01  .31101040E+04
 .77489050E+02  .90155390E+03  .35443380E+07  .47881530E+06 -.43053840E-01  .29665280E+04
 .72593830E+02  .93945990E+03  .36547700E+07  .50776850E+06 -.38636500E-01  .28677030E+04
 .68192820E+02  .98012380E+03  .37699180E+07  .53698640E+06 -.34806330E-01  .28007710E+04
 .64219350E+02  .10234150E+04  .38901050E+07  .56652730E+06 -.31500380E-01  .27550050E+04
 .60614330E+02  .10692660E+04  .40156400E+07  .59648880E+06 -.28654260E-01  .27228380E+04
 .57326520E+02  .11176670E+04  .41468300E+07  .62698730E+06 -.26203360E-01  .26994820E+04
 .10000000E+02  .28000000E+02  .00000000E+00  .14000000E+02  .16000000E+02  .69708650E+04
 .36185790E+03  .66830260E+03  .21267130E+07  .16304580E+06 -.36156120E+00  .28063670E+05
 .38253030E+03  .66693660E+03  .20893260E+07  .16828230E+06 -.37624230E+00  .26562560E+05
 .40392800E+03  .66547210E+03  .20520180E+07  .17649450E+06 -.38722540E+00  .24302770E+05
 .42580550E+03  .66384670E+03  .20147960E+07  .18839520E+06 -.39319150E+00  .21491950E+05
 .44785740E+03  .66198770E+03  .19776720E+07  .20462720E+06 -.39340360E+00  .18532290E+05
 .46976250E+03  .65982400E+03  .19406590E+07  .22562100E+06 -.38806300E+00  .15813710E+05
 .49123620E+03  .65729970E+03  .19037780E+07  .25150920E+06 -.37822550E+00  .13546820E+05
 .51206700E+03  .65438390E+03  .18670490E+07  .28211860E+06 -.36534500E+00  .11763140E+05
 .53212360E+03  .65107180E+03  .18304950E+07  .31700250E+06 -.35077380E+00  .10400110E+05
 .55134010E+03  .64738180E+03  .17941360E+07  .35544660E+06 -.33546130E+00  .93723990E+04
 .55134010E+03  .64738180E+03  .17941360E+07  .35544660E+06 -.33546130E+00  .93723990E+04
 .60098630E+03  .63525770E+03  .16978970E+07  .53960130E+06 -.31719560E+00  .70370620E+04
 .64321840E+03  .62166160E+03  .16038470E+07  .64241530E+06 -.26729830E+00  .65044520E+04
 .68140370E+03  .60670750E+03  .15117050E+07  .79543310E+06 -.24213940E+00  .58676260E+04
 .71596060E+03  .59076350E+03  .14218840E+07  .95451200E+06 -.21899930E+00  .54296900E+04
 .74722710E+03  .57417270E+03  .13345080E+07  .11189280E+07 -.19831470E+00  .51223210E+04
 .77558140E+03  .55721880E+03  .12496500E+07  .12848890E+07 -.18014370E+00  .48998530E+04
 .80138110E+03  .54011820E+03  .11673490E+07  .14474500E+07 -.16418880E+00  .47333930E+04
 .82492850E+03  .52303250E+03  .10876140E+07  .16024200E+07 -.15004630E+00  .46054550E+04
 .84646780E+03  .50608260E+03  .10104330E+07  .17471900E+07 -.13736210E+00  .45053460E+04
 .86619670E+03  .48936000E+03  .93577790E+06  .18806150E+07 -.12587200E+00  .44260580E+04
 .88427940E+03  .47293310E+03  .86360990E+06  .20024820E+07 -.11538410E+00  .43626000E+04
 .90085460E+03  .45685220E+03  .79388060E+06  .21129860E+07 -.10574990E+00  .43112630E+04
 .91604070E+03  .44115280E+03  .72653520E+06  .22123780E+07 -.96843130E-01  .42693380E+04
 .92993820E+03  .42585980E+03  .66151440E+06  .23007740E+07 -.88549930E-01  .42349450E+04
 .94263110E+03  .41098980E+03  .59875610E+06  .23780770E+07 -.80765310E-01  .42068280E+04
 .95418840E+03  .39655390E+03  .53819580E+06  .24439170E+07 -.73393270E-01  .41841140E+04
 .96466530E+03  .38255840E+03  .47976790E+06  .24976120E+07 -.66346510E-01  .41660680E+04
 .97410460E+03  .36900580E+03  .42340610E+06  .25380960E+07 -.59544920E-01  .41519060E+04
 .98253740E+03  .35589430E+03  .36904410E+06  .25638380E+07 -.52913320E-01  .41407340E+04
 .98998360E+03  .34321850E+03  .31661600E+06  .25727920E+07 -.46382510E-01  .41316590E+04
 .99645440E+03  .33097000E+03  .26605720E+06  .25624130E+07 -.39899720E-01  .41240060E+04
 .10019550E+04  .31913850E+03  .21730420E+06  .25296820E+07 -.33435500E-01  .41172650E+04
 .10064830E+04  .30771190E+03  .17029540E+06  .24711060E+07 -.26931540E-01  .41105510E+04
 .10100220E+04  .29667550E+03  .12497110E+06  .23834130E+07 -.20179400E-01  .41027370E+04
 .10125030E+04  .28601290E+03  .81274020E+05  .22658150E+07 -.12724690E-01  .40932840E+04
 .10137650E+04  .27570800E+03  .39149310E+05  .21232960E+07 -.37568050E-02  .40819680E+04
 .10134850E+04  .26574480E+03 -.14554780E+04  .19703350E+07  .81428020E-02  .40684900E+04
 .36185790E+03  .66830260E+03  .21267130E+07  .16304580E+06 -.36156120E+00  .28063670E+05
 .34207830E+03  .66961710E+03  .21641750E+07  .16013550E+06 -.34457370E+00  .28818450E+05
 .32328750E+03  .67091490E+03  .22017100E+07  .15903990E+06 -.32640000E+00  .28925520E+05
 .30552930E+03  .67222350E+03  .22393180E+07  .15939970E+06 -.30779890E+00  .28460420E+05
 .28881320E+03  .67356920E+03  .22770000E+07  .16098230E+06 -.28923730E+00  .27466300E+05
 .27312850E+03  .67498020E+03  .23147590E+07  .16364320E+06 -.27100190E+00  .25999310E+05
 .25845120E+03  .67648800E+03  .23525990E+07  .16729110E+06 -.25328820E+00  .24164040E+05
 .24474770E+03  .67812770E+03  .23905280E+07  .17186290E+06 -.23624920E+00  .22108420E+05
 .23197630E+03  .67993590E+03  .24285530E+07  .17731010E+06 -.22001340E+00  .19988700E+05
 .22008920E+03  .68195000E+03  .24666850E+07  .18359310E+06 -.20468540E+00  .17933540E+05
 .20903320E+03  .68420700E+03  .25049360E+07  .19068210E+06 -.19034200E+00  .16026670E+05
 .19875160E+03  .68674330E+03  .25433210E+07  .19855930E+06 -.17702970E+00  .14308520E+05
 .18918620E+03  .68959420E+03  .25818570E+07  .20722270E+06 -.16476600E+00  .12787620E+05
 .18027840E+03  .69279490E+03  .26205620E+07  .21668670E+06 -.15354330E+00  .11453330E+05
 .18027840E+03  .69279490E+03  .26205620E+07  .21668670E+06 -.15354330E+00  .11453330E+05
 .16302330E+03  .70146010E+03  .27041430E+07  .24006930E+06 -.13364750E+00  .87463170E+04
 .14806050E+03  .71218740E+03  .27889390E+07  .26359420E+06 -.11628990E+00  .71815880E+04
 .13499860E+03  .72539550E+03  .28751680E+07  .28862900E+06 -.10181790E+00  .59714020E+04
 .12354090E+03  .74144260E+03  .29631480E+07  .31473820E+06 -.89439260E-01  .50686690E+04
 .11346960E+03  .76055020E+03  .30532370E+07  .34134810E+06 -.78660720E-01  .44142780E+04
 .10460560E+03  .78281070E+03  .31458060E+07  .36822210E+06 -.69302430E-01  .39381880E+04
 .96783620E+02  .80827090E+03  .32412390E+07  .39548640E+06 -.61275760E-01  .35824020E+04
 .89852640E+02  .83696750E+03  .33399210E+07  .42328360E+06 -.54417890E-01  .33129470E+04
 .83685070E+02  .86888310E+03  .34422400E+07  .45158950E+06 -.48517910E-01  .31127590E+04
 .78177210E+02  .90390860E+03  .35485770E+07  .48027720E+06 -.43398610E-01  .29698000E+04
 .73242790E+02  .94186740E+03  .36592960E+07  .50924650E+06 -.38945870E-01  .28713200E+04
 .68806500E+02  .98258150E+03  .37747360E+07  .53848350E+06 -.35085700E-01  .28044720E+04
 .64801060E+02  .10259230E+04  .38952200E+07  .56804680E+06 -.31754560E-01  .27585930E+04
 .61166850E+02  .10718270E+04  .40210600E+07  .59803420E+06 -.28887250E-01  .27261930E+04
 .57852180E+02  .11202850E+04  .41525610E+07  .62856220E+06 -.26418450E-01  .27025420E+04
 .10000000E+02  .28000000E+02  .00000000E+00  .14000000E+02  .16000000E+02  .69708650E+04
 .36386750E+03  .66920760E+03  .21276230E+07  .16539080E+06 -.36066840E+00  .26867940E+05
 .38447640E+03  .66777930E+03  .20901870E+07  .17086500E+06 -.37486230E+00  .25444270E+05
 .40578280E+03  .66624980E+03  .20528330E+07  .17934160E+06 -.38534970E+00  .23324950E+05
 .42754280E+03  .66455740E+03  .20155700E+07  .19151710E+06 -.39088710E+00  .20703730E+05
 .44945690E+03  .66263060E+03  .19784070E+07  .20801150E+06 -.39081620E+00  .17944990E+05
 .47121350E+03  .66040050E+03  .19413610E+07  .22923470E+06 -.38537990E+00  .15400890E+05
 .49253850E+03  .65781380E+03  .19044490E+07  .25530770E+06 -.37562080E+00  .13265230E+05
 .51322860E+03  .65484110E+03  .18676930E+07  .28605890E+06 -.36294230E+00  .11571870E+05
 .53315800E+03  .65147850E+03  .18311140E+07  .32105380E+06 -.34863980E+00  .10268180E+05
 .55226320E+03  .64774430E+03  .17947340E+07  .35959650E+06 -.33361910E+00  .92787080E+04
 .55226320E+03  .64774430E+03  .17947340E+07  .35959650E+06 -.33361910E+00  .92787080E+04
 .60159500E+03  .63554680E+03  .16984460E+07  .54471480E+06 -.31641180E+00  .69916130E+04
 .64373040E+03  .62187430E+03  .16043600E+07  .64664040E+06 -.26650210E+00  .64853710E+04
 .68181760E+03  .60687930E+03  .15121890E+07  .79930060E+06 -.24160060E+00  .58559100E+04
 .71630570E+03  .59090430E+03  .14223450E+07  .95814910E+06 -.21860940E+00  .54220140E+04
 .74752150E+03  .57428980E+03  .13349490E+07  .11224290E+07 -.19802410E+00  .51170500E+04
 .77583780E+03  .55731750E+03  .12500760E+07  .12882970E+07 -.17992430E+00  .48960770E+04
 .80160880E+03  .54020250E+03  .11677610E+07  .14507710E+07 -.16402190E+00  .47305770E+04
 .82513430E+03  .52310520E+03  .10880140E+07  .16056440E+07 -.14991790E+00  .46032750E+04
 .84665650E+03  .50614590E+03  .10108230E+07  .17503050E+07 -.13726200E+00  .45036040E+04
 .86637210E+03  .48941530E+03  .93615880E+06  .18836140E+07 -.12579280E+00  .44246300E+04
 .88444410E+03  .47298180E+03  .86398310E+06  .20053660E+07 -.11532050E+00  .43614030E+04
 .90101070E+03  .45689520E+03  .79424690E+06  .21157600E+07 -.10569830E+00  .43102390E+04
 .91618980E+03  .44119090E+03  .72689540E+06  .22150490E+07 -.96801000E-01  .42684460E+04
 .93008150E+03  .42589360E+03  .66186930E+06  .23033530E+07 -.88515530E-01  .42341510E+04
 .94276980E+03  .41101980E+03  .59910610E+06  .23805710E+07 -.80737480E-01  .42061080E+04
 .95432340E+03  .39658050E+03  .53854160E+06  .24463370E+07 -.73371240E-01  .41834470E+04
 .96479740E+03  .38258190E+03  .48011000E+06  .24999630E+07 -.66329850E-01  .41654370E+04
 .97423460E+03  .36902650E+03  .42374490E+06  .25403820E+07 -.59533540E-01  .41512950E+04
 .98266600E+03  .35591240E+03  .36937990E+06  .25660570E+07 -.52907400E-01  .41401300E+04
 .99011180E+03  .34323420E+03  .31694930E+06  .25749370E+07 -.46382610E-01  .41310490E+04
 .99658310E+03  .33098330E+03  .26638830E+06  .25644680E+07 -.39906770E-01  .41233810E+04
 .10020850E+04  .31914950E+03  .21763350E+06  .25316230E+07 -.33451000E-01  .41166160E+04
 .10066170E+04  .30772070E+03  .17062320E+06  .24729040E+07 -.26957740E-01  .41098600E+04
 .10101600E+04  .29668200E+03  .12529780E+06  .23850350E+07 -.20219250E-01  .41019570E+04
 .10126480E+04  .28601710E+03  .81599910E+05  .22672390E+07 -.12781070E-01  .40923280E+04
 .10139200E+04  .27570930E+03  .39474800E+05  .21245340E+07 -.38305640E-02  .40806760E+04
 .10136520E+04  .26574220E+03 -.11298950E+04  .19714880E+07  .80578300E-02  .40665730E+04
 .36386750E+03  .66920760E+03  .21276230E+07  .16539080E+06 -.36066840E+00  .26867940E+05
 .34412540E+03  .67058240E+03  .21651370E+07  .16227600E+06 -.34411460E+00  .27601110E+05
 .32534980E+03  .67193880E+03  .22027280E+07  .16100850E+06 -.32630830E+00  .27732860E+05
 .30758780E+03  .67330470E+03  .22403940E+07  .16122430E+06 -.30801340E+00  .27335200E+05
 .29085240E+03  .67470640E+03  .22781380E+07  .16268600E+06 -.28970640E+00  .26448890E+05
 .27513540E+03  .67617170E+03  .23159630E+07  .16524580E+06 -.27168200E+00  .25121460E+05
 .26041500E+03  .67773200E+03  .23538710E+07  .16881120E+06 -.25414010E+00  .23441170E+05
 .24665970E+03  .67942180E+03  .23918710E+07  .17331980E+06 -.23723650E+00  .21537180E+05
 .23383010E+03  .68127760E+03  .24299700E+07  .17872480E+06 -.22110230E+00  .19551180E+05
 .22187990E+03  .68333700E+03  .24681780E+07  .18498850E+06 -.20584570E+00  .17604820E+05
 .21075750E+03  .68563730E+03  .25065080E+07  .19208290E+06 -.19154780E+00  .15781370E+05
 .20040770E+03  .68821510E+03  .25449750E+07  .19999090E+06 -.17826010E+00  .14124610E+05
 .19077310E+03  .69110640E+03  .25835940E+07  .20871000E+06 -.16600510E+00  .12647710E+05
 .18179780E+03  .69436980E+03  .26223290E+07  .21982330E+06 -.15609740E+00  .10633890E+05
 .18179780E+03  .69436980E+03  .26223290E+07  .21982330E+06 -.15609740E+00  .10633890E+05
 .16439340E+03  .70311240E+03  .27061590E+07  .24165090E+06 -.13472340E+00  .86866720E+04
 .14930880E+03  .71393050E+03  .27911590E+07  .26515960E+06 -.11724670E+00  .71437330E+04
 .13613880E+03  .72723130E+03  .28776020E+07  .29018540E+06 -.10266060E+00  .59488890E+04
 .12458690E+03  .74336800E+03  .29658080E+07  .31627110E+06 -.90169210E-01  .50570060E+04
 .11443420E+03  .76255730E+03  .30561320E+07  .34283890E+06 -.79288590E-01  .44094790E+04
 .10550010E+03  .78489110E+03  .31489480E+07  .36967460E+06 -.69848310E-01  .39370570E+04
 .97616520E+02  .81041970E+03  .32446340E+07  .39691980E+06 -.61757790E-01  .35831090E+04
 .90630940E+02  .83918130E+03  .33435780E+07  .42471560E+06 -.54847290E-01  .33147570E+04
 .84414660E+02  .87115840E+03  .34461660E+07  .45302990E+06 -.48901330E-01  .31154020E+04
 .78863270E+02  .90624070E+03  .35527800E+07  .48173030E+06 -.43741470E-01  .29730530E+04
 .73889870E+02  .94425160E+03  .36637810E+07  .51071520E+06 -.39253630E-01  .28749120E+04
 .69418490E+02  .98501510E+03  .37795110E+07  .53997080E+06 -.35363720E-01  .28081410E+04
 .65381230E+02  .10284060E+04  .39002900E+07  .56955590E+06 -.32007590E-01  .27621460E+04
 .61717960E+02  .10743620E+04  .40264300E+07  .59956880E+06 -.29119260E-01  .27295120E+04
 .58376540E+02  .11228770E+04  .41582390E+07  .63012580E+06 -.26632680E-01  .27055680E+04
 .10000000E+02  .28000000E+02  .00000000E+00  .14000000E+02  .16000000E+02  .69708650E+04
 .36584860E+03  .67010050E+03  .21285270E+07  .16777150E+06 -.35975400E+00  .25782400E+05
 .38639310E+03  .66861050E+03  .20910430E+07  .17347900E+06 -.37347390E+00  .24429040E+05
 .40760830E+03  .66701680E+03  .20536450E+07  .18221370E+06 -.38348430E+00  .22435640E+05
 .42925190E+03  .66525820E+03  .20163400E+07  .19465590E+06 -.38861450E+00  .19983600E+05
 .45103050E+03  .66326460E+03  .19791400E+07  .21140380E+06 -.38827910E+00  .17404400E+05
 .47264180E+03  .66096950E+03  .19420600E+07  .23284740E+06 -.38275750E+00  .15017330E+05
 .49382160E+03  .65832170E+03  .19051180E+07  .25909740E+06 -.37307820E+00  .13001030E+05
 .51437440E+03  .65529330E+03  .18683350E+07  .28998410E+06 -.36059620E+00  .11390740E+05
 .53417940E+03  .65188130E+03  .18317320E+07  .32508520E+06 -.34655310E+00  .10142260E+05
 .55317570E+03  .64810380E+03  .17953310E+07  .36372300E+06 -.33181430E+00  .91886870E+04
 .55317570E+03  .64810380E+03  .17953310E+07  .36372300E+06 -.33181430E+00  .91886870E+04
 .60219810E+03  .63583470E+03  .16989940E+07  .54969040E+06 -.31559980E+00  .69481830E+04
 .64423910E+03  .62208610E+03  .16048720E+07  .65087010E+06 -.26571840E+00  .64666410E+04
 .68222940E+03  .60705050E+03  .15126730E+07  .80316810E+06 -.24106790E+00  .58443410E+04
 .71664950E+03  .59104470E+03  .14228060E+07  .96178390E+06 -.21822290E+00  .54144110E+04
 .74781510E+03  .57440660E+03  .13353910E+07  .11259280E+07 -.19773540E+00  .51118200E+04
 .77609370E+03  .55741600E+03  .12505010E+07  .12917020E+07 -.17970630E+00  .48923250E+04
 .80183610E+03  .54028670E+03  .11681730E+07  .14540900E+07 -.16385590E+00  .47277750E+04
 .82533960E+03  .52317790E+03  .10884140E+07  .16088650E+07 -.14979020E+00  .46011050E+04
 .84684480E+03  .50620900E+03  .10112120E+07  .17534160E+07 -.13716240E+00  .45018700E+04
 .86654710E+03  .48947060E+03  .93653970E+06  .18866100E+07 -.12571390E+00  .44232070E+04
 .88460850E+03  .47303040E+03  .86435620E+06  .20082460E+07 -.11525720E+00  .43602080E+04
 .90116660E+03  .45693810E+03  .79461310E+06  .21185300E+07 -.10564680E+00  .43092180E+04
 .91633870E+03  .44122890E+03  .72725560E+06  .22177160E+07 -.96759020E-01  .42675550E+04
 .93022470E+03  .42592730E+03  .66222410E+06  .23059270E+07 -.88481250E-01  .42333590E+04
 .94290840E+03  .41104970E+03  .59945620E+06  .23830630E+07 -.80709740E-01  .42053890E+04
 .95445820E+03  .39660700E+03  .53888740E+06  .24487530E+07 -.73349270E-01  .41827820E+04
 .96492940E+03  .38260550E+03  .48045200E+06  .25023110E+07 -.66313250E-01  .41648070E+04
 .97436440E+03  .36904720E+03  .42408360E+06  .25426640E+07 -.59522190E-01  .41506850E+04
 .98279450E+03  .35593050E+03  .36971580E+06  .25682730E+07 -.52901520E-01  .41395270E+04
 .99024000E+03  .34324980E+03  .31728260E+06  .25770790E+07 -.46382730E-01  .41304400E+04
 .99671180E+03  .33099660E+03  .26671940E+06  .25665200E+07 -.39913850E-01  .41227570E+04
 .10022150E+04  .31916050E+03  .21796280E+06  .25335630E+07 -.33466510E-01  .41159680E+04
 .10067500E+04  .30772950E+03  .17095100E+06  .24747000E+07 -.26983960E-01  .41091700E+04
 .10102990E+04  .29668860E+03  .12562440E+06  .23866560E+07 -.20259120E-01  .41011790E+04
 .10127940E+04  .28602120E+03  .81925770E+05  .22686640E+07 -.12837460E-01  .40913750E+04
 .10140750E+04  .27571050E+03  .39800250E+05  .21257770E+07 -.39043100E-02  .40793880E+04
 .10138190E+04  .26573960E+03 -.80436650E+03  .19726500E+07  .79729690E-02  .40646600E+04
 .36584860E+03  .67010050E+03  .21285270E+07  .16777150E+06 -.35975400E+00  .25782400E+05
 .34614550E+03  .67153500E+03  .21660930E+07  .16445560E+06 -.34362650E+00  .26494730E+05
 .32738670E+03  .67294960E+03  .22037390E+07  .16301880E+06 -.32618390E+00  .26646400E+05
 .30962290E+03  .67437230E+03  .22414640E+07  .16309300E+06 -.30819380E+00  .26306070E+05
 .29287010E+03  .67582960E+03  .22792690E+07  .16443590E+06 -.29014160E+00  .25512690E+05
 .27712250E+03  .67734890E+03  .23171580E+07  .16689670E+06 -.27232950E+00  .24307100E+05
 .26236080E+03  .67896150E+03  .23551340E+07  .17038160E+06 -.25496170E+00  .22764150E+05
 .24855560E+03  .68070130E+03  .23932040E+07  .17482870E+06 -.23819680E+00  .20996700E+05
 .23566900E+03  .68260490E+03  .24313760E+07  .18019250E+06 -.22216820E+00  .19133060E+05
 .22365690E+03  .68470970E+03  .24696590E+07  .18643750E+06 -.20698700E+00  .17287740E+05
 .21246910E+03  .68705330E+03  .25080670E+07  .19353680E+06 -.19273850E+00  .15542790E+05
 .20205170E+03  .68967280E+03  .25466140E+07  .20147420E+06 -.17947900E+00  .13944460E+05
 .19234840E+03  .69260480E+03  .25853170E+07  .21024640E+06 -.16723530E+00  .12509850E+05
 .18329360E+03  .69592150E+03  .26241370E+07  .22143870E+06 -.15728030E+00  .10544520E+05
 .18329360E+03  .69592150E+03  .26241370E+07  .22143870E+06 -.15728030E+00  .10544520E+05
 .16575460E+03  .70475040E+03  .27081580E+07  .24324220E+06 -.13578410E+00  .86283870E+04
 .15054960E+03  .71565870E+03  .27933600E+07  .26672900E+06 -.11819170E+00  .71066860E+04
 .13727300E+03  .72905140E+03  .28800160E+07  .29174230E+06 -.10349390E+00  .59268950E+04
 .12562780E+03  .74527670E+03  .29684460E+07  .31780070E+06 -.90891110E-01  .50456780E+04
 .11539470E+03  .76454640E+03  .30590040E+07  .34432370E+06 -.79909970E-01  .44048570E+04
 .10639100E+03  .78695260E+03  .31520620E+07  .37112000E+06 -.70389340E-01  .39359950E+04
 .98446430E+02  .81254860E+03  .32480000E+07  .39834580E+06 -.62236200E-01  .35838310E+04
 .91406620E+02  .84137460E+03  .33472030E+07  .42614000E+06 -.55273880E-01  .33165650E+04
 .85141930E+02  .87341250E+03  .34500590E+07  .45446220E+06 -.49282480E-01  .31180340E+04
 .79547270E+02  .90855050E+03  .35569470E+07  .48317480E+06 -.44082440E-01  .29762880E+04
 .74535100E+02  .94661280E+03  .36682280E+07  .51217470E+06 -.39559820E-01  .28784780E+04
 .70028800E+02  .98742510E+03  .37842440E+07  .54144830E+06 -.35640410E-01  .28117800E+04
 .65959860E+02  .10308650E+04  .39053150E+07  .57105490E+06 -.32259490E-01  .27656650E+04
 .62267650E+02  .10768720E+04  .40317540E+07  .60109270E+06 -.29350290E-01  .27327970E+04
 .58899600E+02  .11254440E+04  .41638670E+07  .63167820E+06 -.26846070E-01  .27085590E+04
 .10000000E+02  .28000000E+02  .00000000E+00  .14000000E+02  .16000000E+02  .69708650E+04
 .36780150E+03  .67098170E+03  .21294270E+07  .17018750E+06 -.35882090E+00  .24792580E+05
 .38828110E+03  .66943040E+03  .20918950E+07  .17612360E+06 -.37207960E+00  .23503380E+05
 .40940520E+03  .66777330E+03  .20544520E+07  .18511010E+06 -.38163120E+00  .21623480E+05
 .43093360E+03  .66594950E+03  .20171070E+07  .19781100E+06 -.38637440E+00  .19323170E+05
 .45257910E+03  .66389030E+03  .19798710E+07  .21480350E+06 -.38579160E+00  .16905200E+05
 .47404820E+03  .66153140E+03  .19427570E+07  .23645890E+06 -.38019440E+00  .14660030E+05
 .49508600E+03  .65882350E+03  .19057860E+07  .26287850E+06 -.37059580E+00  .12752620E+05
 .51550480E+03  .65574060E+03  .18689760E+07  .29389470E+06 -.35830470E+00  .11218960E+05
 .53518840E+03  .65228010E+03  .18323500E+07  .32909740E+06 -.34451220E+00  .10021920E+05
 .55407780E+03  .64846000E+03  .17959270E+07  .36782670E+06 -.33004580E+00  .91021160E+04
 .55407780E+03  .64846000E+03  .17959270E+07  .36782670E+06 -.33004580E+00  .91021160E+04
 .60279570E+03  .63612120E+03  .16995420E+07  .55452680E+06 -.31475900E+00  .69067130E+04
 .64474440E+03  .62229690E+03  .16053840E+07  .65510450E+06 -.26494700E+00  .64482500E+04
 .68263930E+03  .60722120E+03  .15131560E+07  .80703580E+06 -.24054140E+00  .58329160E+04
 .71699190E+03  .59118470E+03  .14232660E+07  .96541680E+06 -.21783970E+00  .54068790E+04
 .74810770E+03  .57452320E+03  .13358320E+07  .11294230E+07 -.19744870E+00  .51066280E+04
 .77634880E+03  .55751440E+03  .12509260E+07  .12951040E+07 -.17948950E+00  .48885960E+04
 .80206270E+03  .54037070E+03  .11685840E+07  .14574040E+07 -.16369070E+00  .47249880E+04
 .82554450E+03  .52325040E+03  .10888140E+07  .16120820E+07 -.14966300E+00  .45989450E+04
 .84703290E+03  .50627210E+03  .10116020E+07  .17565240E+07 -.13706310E+00  .45001420E+04
 .86672190E+03  .48952580E+03  .93692050E+06  .18896020E+07 -.12563530E+00  .44217880E+04
 .88477270E+03  .47307900E+03  .86472920E+06  .20111230E+07 -.11519400E+00  .43590180E+04
 .90132220E+03  .45698100E+03  .79497930E+06  .21212960E+07 -.10559560E+00  .43081990E+04
 .91648740E+03  .44126700E+03  .72761570E+06  .22203810E+07 -.96717180E-01  .42666660E+04
 .93036780E+03  .42596110E+03  .66257880E+06  .23084990E+07 -.88447090E-01  .42325680E+04
 .94304680E+03  .41107970E+03  .59980610E+06  .23855510E+07 -.80682080E-01  .42046710E+04
 .95459290E+03  .39663360E+03  .53923310E+06  .24511670E+07 -.73327380E-01  .41821170E+04
 .96506120E+03  .38262890E+03  .48079400E+06  .25046560E+07 -.66296710E-01  .41641770E+04
 .97449410E+03  .36906790E+03  .42442220E+06  .25449440E+07 -.59510890E-01  .41500760E+04
 .98292300E+03  .35594860E+03  .37005150E+06  .25704860E+07 -.52895670E-01  .41389250E+04
 .99036800E+03  .34326540E+03  .31761580E+06  .25792180E+07 -.46382880E-01  .41298330E+04
 .99684030E+03  .33100980E+03  .26705050E+06  .25685700E+07 -.39920940E-01  .41221340E+04
 .10023450E+04  .31917150E+03  .21829200E+06  .25355000E+07 -.33482050E-01  .41153220E+04
 .10068830E+04  .30773830E+03  .17127880E+06  .24764950E+07 -.27010200E-01  .41084820E+04
 .10104370E+04  .29669510E+03  .12595100E+06  .23882770E+07 -.20299020E-01  .41004040E+04
 .10129390E+04  .28602530E+03  .82251580E+05  .22700890E+07 -.12893870E-01  .40904250E+04
 .10142310E+04  .27571180E+03  .40125640E+05  .21270240E+07 -.39780440E-02  .40781040E+04
 .10139870E+04  .26573700E+03 -.47889160E+03  .19738220E+07  .78882230E-02  .40627500E+04
 .36780150E+03  .67098170E+03  .21294270E+07  .17018750E+06 -.35882090E+00  .24792580E+05
 .34813870E+03  .67247530E+03  .21670440E+07  .16667370E+06 -.34311180E+00  .25484810E+05
 .32939840E+03  .67394740E+03  .22047440E+07  .16507020E+06 -.32602900E+00  .25652560E+05
 .31163460E+03  .67542660E+03  .22425260E+07  .16500510E+06 -.30834200E+00  .25361210E+05
 .29486610E+03  .67693900E+03  .22803920E+07  .16623170E+06 -.29054440E+00  .24648320E+05
 .27908980E+03  .67851220E+03  .23183440E+07  .16859560E+06 -.27294550E+00  .23549580E+05
 .26428860E+03  .68017680E+03  .23563870E+07  .17200190E+06 -.25575400E+00  .22128730E+05
 .25043480E+03  .68196660E+03  .23945260E+07  .17638890E+06 -.23913070E+00  .20484510E+05
 .23749280E+03  .68391780E+03  .24327700E+07  .18171250E+06 -.22321110E+00  .18733020E+05
 .22541990E+03  .68606810E+03  .24711290E+07  .18793880E+06 -.20810920E+00  .16981650E+05
 .21416760E+03  .68845530E+03  .25096140E+07  .19504240E+06 -.19391380E+00  .15310640E+05
 .20368340E+03  .69111680E+03  .25482410E+07  .20300750E+06 -.18068550E+00  .13767950E+05
 .19391220E+03  .69408980E+03  .25870250E+07  .21182990E+06 -.16845560E+00  .12374000E+05
 .18477840E+03  .69745970E+03  .26259300E+07  .22307480E+06 -.15844480E+00  .10457320E+05
 .18477840E+03  .69745970E+03  .26259300E+07  .22307480E+06 -.15844480E+00  .10457320E+05
 .16710680E+03  .70637430E+03  .27101410E+07  .24484200E+06 -.13682950E+00  .85714150E+04
 .15178320E+03  .71737230E+03  .27955430E+07  .26830200E+06 -.11912510E+00  .70704160E+04
 .13840110E+03  .73085620E+03  .28824100E+07  .29329950E+06 -.10431770E+00  .59054060E+04
 .12666370E+03  .74716910E+03  .29710620E+07  .31932690E+06 -.91605000E-01  .50346760E+04
 .11635110E+03  .76651810E+03  .30618520E+07  .34580240E+06 -.80524940E-01  .44004060E+04
 .10727850E+03  .78899550E+03  .31551510E+07  .37255840E+06 -.70925560E-01  .39349950E+04
 .99273390E+02  .81465800E+03  .32513380E+07  .39976470E+06 -.62711050E-01  .35845670E+04
 .92179730E+02  .84354770E+03  .33507980E+07  .42755690E+06 -.55697710E-01  .33183680E+04
 .85866930E+02  .87564560E+03  .34539180E+07  .45588660E+06 -.49661380E-01  .31206550E+04
 .80229240E+02  .91083870E+03  .35610770E+07  .48461090E+06 -.44421530E-01  .29795040E+04
 .75178500E+02  .94895150E+03  .36726360E+07  .51362530E+06 -.39864430E-01  .28820190E+04
 .70637450E+02  .98981190E+03  .37889360E+07  .54291640E+06 -.35915780E-01  .28153880E+04
 .66536990E+02  .10333000E+04  .39102960E+07  .57254410E+06 -.32510260E-01  .27691520E+04
 .62815960E+02  .10793580E+04  .40370300E+07  .60260630E+06 -.29580360E-01  .27360480E+04
 .59421380E+02  .11279850E+04  .41694450E+07  .63321970E+06 -.27058630E-01  .27115170E+04
 .10000000E+02  .28000000E+02  .00000000E+00  .14000000E+02  .16000000E+02  .69708650E+04
 .36972680E+03  .67185130E+03  .21303220E+07  .17263800E+06 -.35787160E+00  .23886410E+05
 .39014070E+03  .67023940E+03  .20927430E+07  .17879800E+06 -.37068200E+00  .22656040E+05
 .41117400E+03  .66851970E+03  .20552570E+07  .18803000E+06 -.37979230E+00  .20878940E+05
 .43258870E+03  .66663150E+03  .20178720E+07  .20098190E+06 -.38416770E+00  .18715370E+05
 .45410340E+03  .66450790E+03  .19805980E+07  .21821050E+06 -.38335320E+00  .16442810E+05
 .47543330E+03  .66208620E+03  .19434520E+07  .24006940E+06 -.37768890E+00  .14326360E+05
 .49633240E+03  .65931960E+03  .19064510E+07  .26665120E+06 -.36817150E+00  .12518610E+05
 .51662020E+03  .65618320E+03  .18696150E+07  .29779110E+06 -.35606580E+00  .11055810E+05
 .53618510E+03  .65267520E+03  .18329660E+07  .33309080E+06 -.34251550E+00  .99067930E+04
 .55497000E+03  .64881330E+03  .17965220E+07  .37190820E+06 -.32831230E+00  .90187960E+04
 .55497000E+03  .64881330E+03  .17965220E+07  .37190820E+06 -.32831230E+00  .90187960E+04
 .60338830E+03  .63640640E+03  .17000890E+07  .55922310E+06 -.31388930E+00  .68671500E+04
 .64524660E+03  .62250670E+03  .16058960E+07  .65934400E+06 -.26418770E+00  .64301870E+04
 .68304720E+03  .60739120E+03  .15136390E+07  .81090370E+06 -.24002090E+00  .58216320E+04
 .71733310E+03  .59132430E+03  .14237260E+07  .96904770E+06 -.21745980E+00  .53994170E+04
 .74839950E+03  .57463950E+03  .13362730E+07  .11329150E+07 -.19716390E+00  .51014760E+04
 .77660330E+03  .55761260E+03  .12513510E+07  .12985030E+07 -.17927390E+00  .48848900E+04
 .80228890E+03  .54045460E+03  .11689960E+07  .14607160E+07 -.16352640E+00  .47222150E+04
 .82574900E+03  .52332280E+03  .10892130E+07  .16152960E+07 -.14953650E+00  .45967940E+04
 .84722060E+03  .50633510E+03  .10119920E+07  .17596290E+07 -.13696440E+00  .44984200E+04
 .86689640E+03  .48958100E+03  .93730120E+06  .18925910E+07 -.12555700E+00  .44203740E+04
 .88493670E+03  .47312760E+03  .86510210E+06  .20139960E+07 -.11513120E+00  .43578310E+04
 .90147770E+03  .45702390E+03  .79534540E+06  .21240590E+07 -.10554460E+00  .43071820E+04
 .91663590E+03  .44130490E+03  .72797570E+06  .22230410E+07 -.96675480E-01  .42657790E+04
 .93051060E+03  .42599480E+03  .66293340E+06  .23110670E+07 -.88413040E-01  .42317790E+04
 .94318510E+03  .41110960E+03  .60015600E+06  .23880360E+07 -.80654520E-01  .42039560E+04
 .95472750E+03  .39666020E+03  .53957880E+06  .24535770E+07 -.73305560E-01  .41814530E+04
 .96519290E+03  .38265240E+03  .48113590E+06  .25069980E+07 -.66280220E-01  .41635490E+04
 .97462380E+03  .36908860E+03  .42476080E+06  .25472210E+07 -.59499630E-01  .41494680E+04
 .98305130E+03  .35596660E+03  .37038720E+06  .25726970E+07 -.52889850E-01  .41383240E+04
 .99049580E+03  .34328100E+03  .31794900E+06  .25813550E+07 -.46383060E-01  .41292260E+04
 .99696880E+03  .33102310E+03  .26738150E+06  .25706180E+07 -.39928060E-01  .41215130E+04
 .10024760E+04  .31918250E+03  .21862130E+06  .25374350E+07 -.33497610E-01  .41146780E+04
 .10070170E+04  .30774710E+03  .17160650E+06  .24782880E+07 -.27036460E-01  .41077960E+04
 .10105750E+04  .29670170E+03  .12627760E+06  .23898960E+07 -.20338920E-01  .40996310E+04
 .10130840E+04  .28602950E+03  .82577340E+05  .22715150E+07 -.12950290E-01  .40894790E+04
 .10143860E+04  .27571300E+03  .40450990E+05  .21282740E+07 -.40517620E-02  .40768240E+04
 .10141540E+04  .26573450E+03 -.15347030E+03  .19750030E+07  .78035990E-02  .40608440E+04
 .36972680E+03  .67185130E+03  .21303220E+07  .17263800E+06 -.35787160E+00  .23886410E+05
 .35010540E+03  .67340360E+03  .21679890E+07  .16892980E+06 -.34257300E+00  .24559300E+05
 .33138510E+03  .67493280E+03  .22057420E+07  .16716230E+06 -.32584570E+00  .24739970E+05
 .31362280E+03  .67646800E+03  .22435820E+07  .16696030E+06 -.30845970E+00  .24490660E+05
 .29684040E+03  .67803520E+03  .22815070E+07  .16807260E+06 -.29091630E+00  .23847830E+05
 .28103720E+03  .67966180E+03  .23195230E+07  .17034180E+06 -.27353130E+00  .22843120E+05
 .26619790E+03  .68137820E+03  .23576310E+07  .17367130E+06 -.25651770E+00  .21531160E+05
 .25229720E+03  .68321790E+03  .23958390E+07  .17799950E+06 -.24003860E+00  .19998420E+05
 .23930110E+03  .68521690E+03  .24341550E+07  .18328370E+06 -.22423130E+00  .18349870E+05
 .22716860E+03  .68741280E+03  .24725870E+07  .18949150E+06 -.20921200E+00  .16685950E+05
 .21585290E+03  .68984360E+03  .25111490E+07  .19659850E+06 -.19507310E+00  .15084620E+05
 .20530270E+03  .69254740E+03  .25498550E+07  .20458930E+06 -.18187910E+00  .13594970E+05
 .19546410E+03  .69556160E+03  .25887200E+07  .21345850E+06 -.16966520E+00  .12240150E+05
 .18625220E+03  .69898440E+03  .26277090E+07  .22472940E+06 -.15959020E+00  .10372260E+05
 .18625220E+03  .69898440E+03  .26277090E+07  .22472940E+06 -.15959020E+00  .10372260E+05
 .16845020E+03  .70798440E+03  .27121080E+07  .24644940E+06 -.13785940E+00  .85157110E+04
 .15300960E+03  .71907150E+03  .27977080E+07  .26987830E+06 -.12004690E+00  .70348960E+04
 .13952330E+03  .73264590E+03  .28847850E+07  .29485690E+06 -.10513210E+00  .58844060E+04
 .12769460E+03  .74904530E+03  .29736570E+07  .32084960E+06 -.92310930E-01  .50239890E+04
 .11730340E+03  .76847240E+03  .30646770E+07  .34727520E+06 -.81133570E-01  .43961160E+04
 .10816260E+03  .79102010E+03  .31582150E+07  .37399000E+06 -.71457070E-01  .39340550E+04
 .10009740E+03  .81674840E+03  .32546490E+07  .40117650E+06 -.63182380E-01  .35853140E+04
 .92950290E+02  .84570100E+03  .33543640E+07  .42896650E+06 -.56118790E-01  .33201660E+04
 .86589670E+02  .87785800E+03  .34577450E+07  .45730330E+06 -.50038060E-01  .31232640E+04
 .80909200E+02  .91310550E+03  .35651730E+07  .48603890E+06 -.44758790E-01  .29827020E+04
 .75820090E+02  .95126820E+03  .36770070E+07  .51506720E+06 -.40167500E-01  .28855350E+04
 .71244460E+02  .99217600E+03  .37935870E+07  .54437540E+06 -.36189850E-01  .28189660E+04
 .67112620E+02  .10357110E+04  .39152350E+07  .57402360E+06 -.32759930E-01  .27726060E+04
 .63362900E+02  .10818200E+04  .40422610E+07  .60410980E+06 -.29809480E-01  .27392660E+04
 .59941890E+02  .11305020E+04  .41749740E+07  .63475070E+06 -.27270350E-01  .27144410E+04
