 .10000000E+02  .28000000E+02  .00000000E+00  .14000000E+02  .15000000E+02  .68508650E+04
 .36972680E+03  .67185130E+03  .21303220E+07  .17263800E+06 -.35787160E+00  .23886410E+05
 .39014070E+03  .67023940E+03  .20927430E+07  .17879800E+06 -.37068200E+00  .22656040E+05
 .41117400E+03  .66851970E+03  .20552570E+07  .18803000E+06 -.37979230E+00  .20878940E+05
 .43258870E+03  .66663150E+03  .20178720E+07  .20098190E+06 -.38416770E+00  .18715370E+05
 .45410340E+03  .66450790E+03  .19805980E+07  .21821050E+06 -.38335320E+00  .16442810E+05
 .47543330E+03  .66208620E+03  .19434520E+07  .24006940E+06 -.37768890E+00  .14326360E+05
 .49633240E+03  .65931960E+03  .19064510E+07  .26665120E+06 -.36817150E+00  .12518610E+05
 .51662020E+03  .65618320E+03  .18696150E+07  .29779110E+06 -.35606580E+00  .11055810E+05
 .53618510E+03  .65267520E+03  .18329660E+07  .33309080E+06 -.34251550E+00  .99067930E+04
 .55497000E+03  .64881330E+03  .17965220E+07  .37190820E+06 -.32831230E+00  .90187960E+04
 .55497000E+03  .64881330E+03  .17965220E+07  .37190820E+06 -.32831230E+00  .90187960E+04
 .60338830E+03  .63640640E+03  .17000890E+07  .55922310E+06 -.31388930E+00  .68671500E+04
 .64524660E+03  .62250670E+03  .16058960E+07  .65934400E+06 -.26418770E+00  .64301870E+04
 .68304720E+03  .60739120E+03  .15136390E+07  .81090370E+06 -.24002090E+00  .58216320E+04
 .71733310E+03  .59132430E+03  .14237260E+07  .96904770E+06 -.21745980E+00  .53994170E+04
 .74839950E+03  .57463950E+03  .13362730E+07  .11329150E+07 -.19716390E+00  .51014760E+04
 .77660330E+03  .55761260E+03  .12513510E+07  .12985030E+07 -.17927390E+00  .48848900E+04
 .80228890E+03  .54045460E+03  .11689960E+07  .14607160E+07 -.16352640E+00  .47222150E+04
 .82574900E+03  .52332280E+03  .10892130E+07  .16152960E+07 -.14953650E+00  .45967940E+04
 .84722060E+03  .50633510E+03  .10119920E+07  .17596290E+07 -.13696440E+00  .44984200E+04
 .86689640E+03  .48958100E+03  .93730120E+06  .18925910E+07 -.12555700E+00  .44203740E+04
 .88493670E+03  .47312760E+03  .86510210E+06  .20139960E+07 -.11513120E+00  .43578310E+04
 .90147770E+03  .45702390E+03  .79534540E+06  .21240590E+07 -.10554460E+00  .43071820E+04
 .91663590E+03  .44130490E+03  .72797570E+06  .22230410E+07 -.96675480E-01  .42657790E+04
 .93051060E+03  .42599480E+03  .66293340E+06  .23110670E+07 -.88413040E-01  .42317790E+04
 .94318510E+03  .41110960E+03  .60015600E+06  .23880360E+07 -.80654520E-01  .42039560E+04
 .95472750E+03  .39666020E+03  .53957880E+06  .24535770E+07 -.73305560E-01  .41814530E+04
 .96519290E+03  .38265240E+03  .48113590E+06  .25069980E+07 -.66280220E-01  .41635490E+04
 .97462380E+03  .36908860E+03  .42476080E+06  .25472210E+07 -.59499630E-01  .41494680E+04
 .98305130E+03  .35596660E+03  .37038720E+06  .25726970E+07 -.52889850E-01  .41383240E+04
 .99049580E+03  .34328100E+03  .31794900E+06  .25813550E+07 -.46383060E-01  .41292260E+04
 .99696880E+03  .33102310E+03  .26738150E+06  .25706180E+07 -.39928060E-01  .41215130E+04
 .10024760E+04  .31918250E+03  .21862130E+06  .25374350E+07 -.33497610E-01  .41146780E+04
 .10070170E+04  .30774710E+03  .17160650E+06  .24782880E+07 -.27036460E-01  .41077960E+04
 .10105750E+04  .29670170E+03  .12627760E+06  .23898960E+07 -.20338920E-01  .40996310E+04
 .10130840E+04  .28602950E+03  .82577340E+05  .22715150E+07 -.12950290E-01  .40894790E+04
 .10143860E+04  .27571300E+03  .40450990E+05  .21282740E+07 -.40517620E-02  .40768240E+04
 .10141540E+04  .26573450E+03 -.15347030E+03  .19750030E+07  .78035990E-02  .40608440E+04
 .36972680E+03  .67185130E+03  .21303220E+07  .17263800E+06 -.35787160E+00  .23886410E+05
 .35010540E+03  .67340360E+03  .21679890E+07  .16892980E+06 -.34257300E+00  .24559300E+05
 .33138510E+03  .67493280E+03  .22057420E+07  .16716230E+06 -.32584570E+00  .24739970E+05
 .31362280E+03  .67646800E+03  .22435820E+07  .16696030E+06 -.30845970E+00  .24490660E+05
 .29684040E+03  .67803520E+03  .22815070E+07  .16807260E+06 -.29091630E+00  .23847830E+05
 .28103720E+03  .67966180E+03  .23195230E+07  .17034180E+06 -.27353130E+00  .22843120E+05
 .26619790E+03  .68137820E+03  .23576310E+07  .17367130E+06 -.25651770E+00  .21531160E+05
 .25229720E+03  .68321790E+03  .23958390E+07  .17799950E+06 -.24003860E+00  .19998420E+05
 .23930110E+03  .68521690E+03  .24341550E+07  .18328370E+06 -.22423130E+00  .18349870E+05
 .22716860E+03  .68741280E+03  .24725870E+07  .18949150E+06 -.20921200E+00  .16685950E+05
 .21585290E+03  .68984360E+03  .25111490E+07  .19659850E+06 -.19507310E+00  .15084620E+05
 .20530270E+03  .69254740E+03  .25498550E+07  .20458930E+06 -.18187910E+00  .13594970E+05
 .19546410E+03  .69556160E+03  .25887200E+07  .21345850E+06 -.16966520E+00  .12240150E+05
 .18625220E+03  .69898440E+03  .26277090E+07  .22472940E+06 -.15959020E+00  .10372260E+05
 .18625220E+03  .69898440E+03  .26277090E+07  .22472940E+06 -.15959020E+00  .10372260E+05
 .16845020E+03  .70798440E+03  .27121080E+07  .24644940E+06 -.13785940E+00  .85157110E+04
 .15300960E+03  .71907150E+03  .27977080E+07  .26987830E+06 -.12004690E+00  .70348960E+04
 .13952330E+03  .73264590E+03  .28847850E+07  .29485690E+06 -.10513210E+00  .58844060E+04
 .12769460E+03  .74904530E+03  .29736570E+07  .32084960E+06 -.92310930E-01  .50239890E+04
 .11730340E+03  .76847240E+03  .30646770E+07  .34727520E+06 -.81133570E-01  .43961160E+04
 .10816260E+03  .79102010E+03  .31582150E+07  .37399000E+06 -.71457070E-01  .39340550E+04
 .10009740E+03  .81674840E+03  .32546490E+07  .40117650E+06 -.63182380E-01  .35853140E+04
 .92950290E+02  .84570100E+03  .33543640E+07  .42896650E+06 -.56118790E-01  .33201660E+04
 .86589670E+02  .87785800E+03  .34577450E+07  .45730330E+06 -.50038060E-01  .31232640E+04
 .80909200E+02  .91310550E+03  .35651730E+07  .48603890E+06 -.44758790E-01  .29827020E+04
 .75820090E+02  .95126820E+03  .36770070E+07  .51506720E+06 -.40167500E-01  .28855350E+04
 .71244460E+02  .99217600E+03  .37935870E+07  .54437540E+06 -.36189850E-01  .28189660E+04
 .67112620E+02  .10357110E+04  .39152350E+07  .57402360E+06 -.32759930E-01  .27726060E+04
 .63362900E+02  .10818200E+04  .40422610E+07  .60410980E+06 -.29809480E-01  .27392660E+04
 .10000000E+02  .28000000E+02  .00000000E+00  .14000000E+02  .15000000E+02  .68508650E+04
 .37202380E+03  .67289030E+03  .21314000E+07  .17565360E+06 -.35670260E+00  .22885780E+05
 .39235760E+03  .67120580E+03  .20937650E+07  .18207880E+06 -.36898670E+00  .21720520E+05
 .41328140E+03  .66941100E+03  .20562270E+07  .19160000E+06 -.37758450E+00  .20055710E+05
 .43456000E+03  .66744600E+03  .20187940E+07  .20484580E+06 -.38153820E+00  .18040660E+05
 .45591930E+03  .66524570E+03  .19814780E+07  .22234940E+06 -.38046260E+00  .15926110E+05
 .47708440E+03  .66274970E+03  .19442920E+07  .24444420E+06 -.37472700E+00  .13950340E+05
 .49781980E+03  .65991330E+03  .19072560E+07  .27121340E+06 -.36530820E+00  .12252510E+05
 .51795290E+03  .65671350E+03  .18703890E+07  .30249570E+06 -.35342000E+00  .10868670E+05
 .53737730E+03  .65314900E+03  .18337110E+07  .33790710E+06 -.34015210E+00  .97737480E+04
 .55603850E+03  .64923750E+03  .17972430E+07  .37682650E+06 -.32625620E+00  .89218940E+04
 .55603850E+03  .64923750E+03  .17972430E+07  .37682650E+06 -.32625620E+00  .89218940E+04
 .60410010E+03  .63675020E+03  .17007520E+07  .56472690E+06 -.31279560E+00  .68216740E+04
 .64585090E+03  .62275990E+03  .16065160E+07  .66448970E+06 -.26328330E+00  .64087190E+04
 .68353910E+03  .60759660E+03  .15142250E+07  .81559260E+06 -.23939800E+00  .58081400E+04
 .71774500E+03  .59149320E+03  .14242840E+07  .97344610E+06 -.21700370E+00  .53904650E+04
 .74875190E+03  .57478010E+03  .13368070E+07  .11371440E+07 -.19682130E+00  .50952810E+04
 .77691080E+03  .55773140E+03  .12518660E+07  .13026180E+07 -.17901430E+00  .48804290E+04
 .80256240E+03  .54055620E+03  .11694940E+07  .14647250E+07 -.16332830E+00  .47188740E+04
 .82599630E+03  .52341040E+03  .10896980E+07  .16191860E+07 -.14938380E+00  .45941990E+04
 .84744770E+03  .50641140E+03  .10124640E+07  .17633870E+07 -.13684520E+00  .44963420E+04
 .86710750E+03  .48964780E+03  .93776250E+06  .18962090E+07 -.12546260E+00  .44186660E+04
 .88513510E+03  .47318630E+03  .86555410E+06  .20174740E+07 -.11505530E+00  .43563960E+04
 .90166580E+03  .45707580E+03  .79578910E+06  .21274040E+07 -.10548290E+00  .43059530E+04
 .91681570E+03  .44135100E+03  .72841210E+06  .22262620E+07 -.96625130E-01  .42647070E+04
 .93068360E+03  .42603560E+03  .66336330E+06  .23141760E+07 -.88371910E-01  .42308250E+04
 .94335240E+03  .41114590E+03  .60058010E+06  .23910450E+07 -.80621220E-01  .42030890E+04
 .95489040E+03  .39669230E+03  .53999770E+06  .24564950E+07 -.73279190E-01  .41806500E+04
 .96535240E+03  .38268090E+03  .48155030E+06  .25098330E+07 -.66260300E-01  .41627890E+04
 .97478070E+03  .36911360E+03  .42517120E+06  .25499770E+07 -.59486030E-01  .41487330E+04
 .98320670E+03  .35598850E+03  .37079410E+06  .25753720E+07 -.52882840E-01  .41375960E+04
 .99065070E+03  .34329990E+03  .31835280E+06  .25839410E+07 -.46383310E-01  .41284920E+04
 .99712430E+03  .33103920E+03  .26778270E+06  .25730960E+07 -.39936710E-01  .41207610E+04
 .10026330E+04  .31919590E+03  .21902020E+06  .25397780E+07 -.33516490E-01  .41138990E+04
 .10071780E+04  .30775770E+03  .17200370E+06  .24804590E+07 -.27068310E-01  .41069680E+04
 .10107420E+04  .29670970E+03  .12667340E+06  .23918580E+07 -.20387320E-01  .40986980E+04
 .10132600E+04  .28603450E+03  .82972140E+05  .22732450E+07 -.13018690E-01  .40883350E+04
 .10145730E+04  .27571470E+03  .40845280E+05  .21297950E+07 -.41410930E-02  .40752770E+04
 .10143560E+04  .26573150E+03  .24090780E+03  .19764480E+07  .77011930E-02  .40585370E+04
 .37202380E+03  .67289030E+03  .21314000E+07  .17565360E+06 -.35670260E+00  .22885780E+05
 .35245400E+03  .67451290E+03  .21691280E+07  .17171450E+06 -.34189090E+00  .23536180E+05
 .33375970E+03  .67611080E+03  .22069450E+07  .16975190E+06 -.32558830E+00  .23729080E+05
 .31600140E+03  .67771310E+03  .22448520E+07  .16938700E+06 -.30856430E+00  .23523050E+05
 .29920430E+03  .67934630E+03  .22828500E+07  .17036380E+06 -.29132770E+00  .22953410E+05
 .28337060E+03  .68103740E+03  .23209400E+07  .17252080E+06 -.27420240E+00  .22048140E+05
 .26848750E+03  .68281630E+03  .23591270E+07  .17575940E+06 -.25740630E+00  .20852870E+05
 .25453180E+03  .68471630E+03  .23974180E+07  .18001820E+06 -.24110490E+00  .19441390E+05
 .24147190E+03  .68677330E+03  .24358190E+07  .18525540E+06 -.22543740E+00  .17906560E+05
 .22926880E+03  .68902450E+03  .24743400E+07  .19144050E+06 -.21052260E+00  .16340680E+05
 .21787750E+03  .69150870E+03  .25129940E+07  .19855020E+06 -.19645640E+00  .14818550E+05
 .20724850E+03  .69426390E+03  .25517940E+07  .20656910E+06 -.18330740E+00  .13389900E+05
 .19732920E+03  .69732870E+03  .25907570E+07  .21549010E+06 -.17111570E+00  .12080570E+05
 .18802420E+03  .70081500E+03  .26298460E+07  .22675730E+06 -.16095220E+00  .10271930E+05
 .18802420E+03  .70081500E+03  .26298460E+07  .22675730E+06 -.16095220E+00  .10271930E+05
 .17006680E+03  .70991780E+03  .27144710E+07  .24840680E+06 -.13908720E+00  .84498220E+04
 .15448650E+03  .72111220E+03  .28003100E+07  .27179290E+06 -.12114880E+00  .69928060E+04
 .14087550E+03  .73479530E+03  .28876380E+07  .29674440E+06 -.10610680E+00  .58595910E+04
 .12893770E+03  .75129820E+03  .29767740E+07  .32269030E+06 -.93155990E-01  .50114440E+04
 .11845220E+03  .77081850E+03  .30680700E+07  .34905240E+06 -.81862920E-01  .43911230E+04
 .10922960E+03  .79345020E+03  .31618950E+07  .37571630E+06 -.72095100E-01  .39329880E+04
 .10109240E+03  .81925710E+03  .32586250E+07  .40287860E+06 -.63749050E-01  .35862310E+04
 .93880920E+02  .84828500E+03  .33586460E+07  .43066580E+06 -.56625580E-01  .33223380E+04
 .87462730E+02  .88051280E+03  .34623420E+07  .45901070E+06 -.50491690E-01  .31264100E+04
 .81730730E+02  .91582520E+03  .35700920E+07  .48775910E+06 -.45165120E-01  .29865540E+04
 .76595380E+02  .95404740E+03  .36822560E+07  .51680360E+06 -.40532810E-01  .28897640E+04
 .71978070E+02  .99501180E+03  .37991730E+07  .54613190E+06 -.36520320E-01  .28232640E+04
 .67808370E+02  .10386040E+04  .39211640E+07  .57580430E+06 -.33061090E-01  .27767490E+04
 .64024040E+02  .10847730E+04  .40485410E+07  .60591890E+06 -.30085930E-01  .27431220E+04
 .10000000E+02  .28000000E+02  .00000000E+00  .14000000E+02  .15000000E+02  .68508650E+04
 .37428140E+03  .67391330E+03  .21324720E+07  .17871770E+06 -.35551750E+00  .21978280E+05
 .39453470E+03  .67215700E+03  .20947820E+07  .18540110E+06 -.36729340E+00  .20872240E+05
 .41534970E+03  .67028830E+03  .20571930E+07  .19520240E+06 -.37540250E+00  .19308140E+05
 .43649440E+03  .66824790E+03  .20197130E+07  .20873120E+06 -.37895910E+00  .17425490E+05
 .45770170E+03  .66597230E+03  .19823530E+07  .22649790E+06 -.37764190E+00  .15451820E+05
 .47870640E+03  .66340340E+03  .19451290E+07  .24881720E+06 -.37184510E+00  .13602180E+05
 .49928240E+03  .66049900E+03  .19080580E+07  .27576390E+06 -.36252430E+00  .12003830E+05
 .51926510E+03  .65723720E+03  .18711600E+07  .30718070E+06 -.35084580E+00  .10692230E+05
 .53855280E+03  .65361760E+03  .18344540E+07  .34269750E+06 -.33784890E+00  .96473100E+04
 .55709320E+03  .64965750E+03  .17979610E+07  .38171410E+06 -.32424790E+00  .88291900E+04
 .55709320E+03  .64965750E+03  .17979610E+07  .38171410E+06 -.32424790E+00  .88291900E+04
 .60480510E+03  .63709210E+03  .17014130E+07  .57002370E+06 -.31165850E+00  .67788310E+04
 .64645060E+03  .62301170E+03  .16071350E+07  .66964340E+06 -.26239610E+00  .63877030E+04
 .68402810E+03  .60780110E+03  .15148100E+07  .82028200E+06 -.23878370E+00  .57948440E+04
 .71815500E+03  .59166140E+03  .14248410E+07  .97784160E+06 -.21655230E+00  .53816110E+04
 .74910300E+03  .57492030E+03  .13373410E+07  .11413690E+07 -.19648160E+00  .50891420E+04
 .77721750E+03  .55784990E+03  .12523810E+07  .13067280E+07 -.17875650E+00  .48760000E+04
 .80283510E+03  .54065750E+03  .11699920E+07  .14687290E+07 -.16313140E+00  .47155530E+04
 .82624300E+03  .52349790E+03  .10901820E+07  .16230720E+07 -.14923210E+00  .45916180E+04
 .84767430E+03  .50648750E+03  .10129360E+07  .17671400E+07 -.13672660E+00  .44942720E+04
 .86731830E+03  .48971450E+03  .93822380E+06  .18998220E+07 -.12536860E+00  .44169640E+04
 .88533330E+03  .47324500E+03  .86600590E+06  .20209480E+07 -.11497980E+00  .43549660E+04
 .90185380E+03  .45712770E+03  .79623260E+06  .21307430E+07 -.10542160E+00  .43047280E+04
 .91699530E+03  .44139690E+03  .72884830E+06  .22294790E+07 -.96575000E-01  .42636360E+04
 .93085630E+03  .42607640E+03  .66379310E+06  .23172800E+07 -.88330950E-01  .42298730E+04
 .94351960E+03  .41118210E+03  .60100410E+06  .23940480E+07 -.80588060E-01  .42022250E+04
 .95505320E+03  .39672440E+03  .54041660E+06  .24594080E+07 -.73252940E-01  .41798490E+04
 .96551160E+03  .38270930E+03  .48196460E+06  .25126630E+07 -.66240460E-01  .41620300E+04
 .97493750E+03  .36913860E+03  .42558160E+06  .25527280E+07 -.59472500E-01  .41479990E+04
 .98336190E+03  .35601040E+03  .37120090E+06  .25780440E+07 -.52875880E-01  .41368700E+04
 .99080540E+03  .34331880E+03  .31875660E+06  .25865230E+07 -.46383590E-01  .41277600E+04
 .99727970E+03  .33105520E+03  .26818380E+06  .25755710E+07 -.39945400E-01  .41200110E+04
 .10027910E+04  .31920920E+03  .21941920E+06  .25421170E+07 -.33535390E-01  .41131220E+04
 .10073390E+04  .30776840E+03  .17240080E+06  .24826270E+07 -.27100190E-01  .41061420E+04
 .10109090E+04  .29671770E+03  .12706910E+06  .23938190E+07 -.20435740E-01  .40977690E+04
 .10134360E+04  .28603960E+03  .83366870E+05  .22749760E+07 -.13087100E-01  .40871970E+04
 .10147610E+04  .27571630E+03  .41239500E+05  .21313220E+07 -.42303940E-02  .40737350E+04
 .10145590E+04  .26572850E+03  .63520730E+03  .19779080E+07  .75989830E-02  .40562350E+04
 .37428140E+03  .67391330E+03  .21324720E+07  .17871770E+06 -.35551750E+00  .21978280E+05
 .35476450E+03  .67560550E+03  .21702590E+07  .17455290E+06 -.34118060E+00  .22607190E+05
 .33609790E+03  .67727120E+03  .22081390E+07  .17239910E+06 -.32529570E+00  .22809290E+05
 .31834580E+03  .67894020E+03  .22461130E+07  .17187480E+06 -.30862980E+00  .22639600E+05
 .30153630E+03  .68063870E+03  .22841810E+07  .17271920E+06 -.29169850E+00  .22132470E+05
 .28567430E+03  .68239380E+03  .23223460E+07  .17476670E+06 -.27483280E+00  .21313190E+05
 .27074950E+03  .68423500E+03  .23606110E+07  .17791680E+06 -.25825550E+00  .20220220E+05
 .25674110E+03  .68619530E+03  .23989820E+07  .18210770E+06 -.24213450E+00  .18916710E+05
 .24361930E+03  .68831010E+03  .24374680E+07  .18729880E+06 -.22661050E+00  .17484770E+05
 .23134730E+03  .69061700E+03  .24760770E+07  .19346060E+06 -.21180430E+00  .16009010E+05
 .21988200E+03  .69315460E+03  .25148210E+07  .20057100E+06 -.19781470E+00  .14560740E+05
 .20917540E+03  .69596170E+03  .25537150E+07  .20861430E+06 -.18471460E+00  .13189730E+05
 .19917650E+03  .69907740E+03  .25927750E+07  .21758130E+06 -.17254780E+00  .11923890E+05
 .18978030E+03  .70262670E+03  .26319640E+07  .22880680E+06 -.16228460E+00  .10174540E+05
 .18978030E+03  .70262670E+03  .26319640E+07  .22880680E+06 -.16228460E+00  .10174540E+05
 .17167080E+03  .71183170E+03  .27168120E+07  .25037310E+06 -.14029230E+00  .83856400E+04
 .15595300E+03  .72313260E+03  .28028870E+07  .27371160E+06 -.12223390E+00  .69517330E+04
 .14221920E+03  .73692320E+03  .28904640E+07  .29863150E+06 -.10706780E+00  .58354540E+04
 .13017380E+03  .75352810E+03  .29798610E+07  .32452540E+06 -.93989500E-01  .49993300E+04
 .11959530E+03  .77314010E+03  .30714310E+07  .35082080E+06 -.82583180E-01  .43863440E+04
 .11029180E+03  .79585440E+03  .31655390E+07  .37743290E+06 -.72726410E-01  .39319930E+04
 .10208320E+03  .82173890E+03  .32625630E+07  .40457100E+06 -.64310740E-01  .35871580E+04
 .94807900E+02  .85084100E+03  .33628850E+07  .43235490E+06 -.57128470E-01  .33245000E+04
 .88332570E+02  .88313860E+03  .34668930E+07  .46070730E+06 -.50942140E-01  .31295380E+04
 .82549370E+02  .91851480E+03  .35749620E+07  .48946790E+06 -.45568810E-01  .29903790E+04
 .77368080E+02  .95679550E+03  .36874520E+07  .51852800E+06 -.40895890E-01  .28939570E+04
 .72709320E+02  .99781560E+03  .38047020E+07  .54787560E+06 -.36848930E-01  .28275190E+04
 .68501980E+02  .10414640E+04  .39270330E+07  .57757150E+06 -.33360650E-01  .27808470E+04
 .64683220E+02  .10876920E+04  .40547570E+07  .60771390E+06 -.30361020E-01  .27469320E+04
 .10000000E+02  .28000000E+02  .00000000E+00  .14000000E+02  .15000000E+02  .68508650E+04
 .37650040E+03  .67492070E+03  .21335380E+07  .18182890E+06 -.35431990E+00  .21151530E+05
 .39667290E+03  .67309370E+03  .20957930E+07  .18876360E+06 -.36560550E+00  .20099640E+05
 .41738010E+03  .67115200E+03  .20581530E+07  .19883590E+06 -.37324820E+00  .18626360E+05
 .43839310E+03  .66903740E+03  .20206270E+07  .21263690E+06 -.37643100E+00  .16862350E+05
 .45945170E+03  .66668790E+03  .19832250E+07  .23065540E+06 -.37488990E+00  .15014910E+05
 .48030000E+03  .66404790E+03  .19459630E+07  .25318840E+06 -.36904030E+00  .13278870E+05
 .50072110E+03  .66107680E+03  .19088580E+07  .28030330E+06 -.35981690E+00  .11770880E+05
 .52055750E+03  .65775450E+03  .18719290E+07  .31184680E+06 -.34834040E+00  .10525550E+05
 .53971190E+03  .65408090E+03  .18351960E+07  .34746310E+06 -.33560330E+00  .95269790E+04
 .55813450E+03  .65007340E+03  .17986790E+07  .38657190E+06 -.32228540E+00  .87404070E+04
 .55813450E+03  .65007340E+03  .17986790E+07  .38657190E+06 -.32228540E+00  .87404070E+04
 .60550370E+03  .63743180E+03  .17020740E+07  .57511370E+06 -.31047790E+00  .67385320E+04
 .64709820E+03  .62325220E+03  .16075350E+07  .66900300E+06 -.26021620E+00  .63962820E+04
 .68451430E+03  .60800490E+03  .15153940E+07  .82497230E+06 -.23817780E+00  .57817410E+04
 .71856310E+03  .59182900E+03  .14253980E+07  .98223440E+06 -.21610550E+00  .53728550E+04
 .74945280E+03  .57506020E+03  .13378750E+07  .11455900E+07 -.19614460E+00  .50830570E+04
 .77752310E+03  .55796810E+03  .12528960E+07  .13108330E+07 -.17850040E+00  .48716040E+04
 .80310710E+03  .54075860E+03  .11704910E+07  .14727270E+07 -.16293580E+00  .47122520E+04
 .82648920E+03  .52358530E+03  .10906660E+07  .16269530E+07 -.14908120E+00  .45890500E+04
 .84790040E+03  .50656360E+03  .10134070E+07  .17708880E+07 -.13660870E+00  .44922120E+04
 .86752860E+03  .48978110E+03  .93868490E+06  .19034300E+07 -.12527510E+00  .44152690E+04
 .88553100E+03  .47330370E+03  .86645770E+06  .20244160E+07 -.11490460E+00  .43535400E+04
 .90204130E+03  .45717950E+03  .79667610E+06  .21340780E+07 -.10536050E+00  .43035050E+04
 .91717460E+03  .44144280E+03  .72928440E+06  .22326900E+07 -.96525070E-01  .42625690E+04
 .93102890E+03  .42611710E+03  .66422270E+06  .23203790E+07 -.88290150E-01  .42289230E+04
 .94368660E+03  .41121830E+03  .60142800E+06  .23970470E+07 -.80555010E-01  .42013620E+04
 .95521570E+03  .39675660E+03  .54083540E+06  .24623160E+07 -.73226770E-01  .41790490E+04
 .96567070E+03  .38273770E+03  .48237880E+06  .25154890E+07 -.66220690E-01  .41612730E+04
 .97509410E+03  .36916370E+03  .42599180E+06  .25554760E+07 -.59459030E-01  .41472660E+04
 .98351700E+03  .35603230E+03  .37160760E+06  .25807120E+07 -.52868970E-01  .41361460E+04
 .99096000E+03  .34333770E+03  .31916030E+06  .25891020E+07 -.46383910E-01  .41270300E+04
 .99743490E+03  .33107130E+03  .26858490E+06  .25780420E+07 -.39954120E-01  .41192630E+04
 .10029480E+04  .31922250E+03  .21981800E+06  .25444530E+07 -.33554330E-01  .41123480E+04
 .10075000E+04  .30777910E+03  .17279790E+06  .24847930E+07 -.27132100E-01  .41053190E+04
 .10110760E+04  .29672570E+03  .12746480E+06  .23957780E+07 -.20484190E-01  .40968430E+04
 .10136120E+04  .28604470E+03  .83761530E+05  .22767090E+07 -.13155530E-01  .40860630E+04
 .10149490E+04  .27571790E+03  .41633640E+05  .21328550E+07 -.43196610E-02  .40721980E+04
 .10147610E+04  .26572560E+03  .10294280E+04  .19793820E+07  .74969760E-02  .40539370E+04
 .37650040E+03  .67492070E+03  .21335380E+07  .18182890E+06 -.35431990E+00  .21151530E+05
 .35703730E+03  .67668180E+03  .21713830E+07  .17744350E+06 -.34044570E+00  .21759930E+05
 .33840020E+03  .67841470E+03  .22093260E+07  .17510270E+06 -.32497120E+00  .21968790E+05
 .32065600E+03  .68014960E+03  .22473650E+07  .17442230E+06 -.30865930E+00  .21829750E+05
 .30383620E+03  .68191300E+03  .22855030E+07  .17513720E+06 -.29203110E+00  .21376290E+05
 .28794810E+03  .68373170E+03  .23237410E+07  .17707800E+06 -.27542460E+00  .20631700E+05
 .27298390E+03  .68563490E+03  .23620820E+07  .18014180E+06 -.25906690E+00  .19628750E+05
 .25892470E+03  .68765520E+03  .24005340E+07  .18426630E+06 -.24312830E+00  .18421640E+05
 .24574310E+03  .68982790E+03  .24391030E+07  .18941150E+06 -.22775080E+00  .17082980E+05
 .23340390E+03  .69219060E+03  .24777980E+07  .19554930E+06 -.21305670E+00  .15690160E+05
 .22186600E+03  .69478200E+03  .25166320E+07  .20265800E+06 -.19914750E+00  .14310850E+05
 .21108330E+03  .69764140E+03  .25556190E+07  .21072160E+06 -.18609930E+00  .12994350E+05
 .20100590E+03  .70080830E+03  .25947740E+07  .21972790E+06 -.17395990E+00  .11770130E+05
 .19152060E+03  .70441980E+03  .26340620E+07  .23087510E+06 -.16358690E+00  .10079980E+05
 .19152060E+03  .70441980E+03  .26340620E+07  .23087510E+06 -.16358690E+00  .10079980E+05
 .17326210E+03  .71372630E+03  .27191310E+07  .25234710E+06 -.14147490E+00  .83230820E+04
 .15740930E+03  .72513300E+03  .28054400E+07  .27563380E+06 -.12330230E+00  .69116350E+04
 .14355450E+03  .73903020E+03  .28932630E+07  .30051780E+06 -.10801520E+00  .58119720E+04
 .13140290E+03  .75573560E+03  .29829200E+07  .32635470E+06 -.94811570E-01  .49876310E+04
 .12073260E+03  .77543770E+03  .30747600E+07  .35258060E+06 -.83294510E-01  .43817660E+04
 .11134930E+03  .79823330E+03  .31691490E+07  .37914020E+06 -.73351130E-01  .39310640E+04
 .10306980E+03  .82419430E+03  .32664620E+07  .40625390E+06 -.64867500E-01  .35880940E+04
 .95731270E+02  .85336970E+03  .33670840E+07  .43403440E+06 -.57627530E-01  .33266520E+04
 .89199200E+02  .88573610E+03  .34713990E+07  .46239370E+06 -.51389450E-01  .31326480E+04
 .83365170E+02  .92117510E+03  .35797840E+07  .49116580E+06 -.45969880E-01  .29941770E+04
 .78138220E+02  .95951330E+03  .36925970E+07  .52024070E+06 -.41256790E-01  .28981140E+04
 .73438260E+02  .10005880E+04  .38101760E+07  .54960700E+06 -.37175690E-01  .28317320E+04
 .69193490E+02  .10442920E+04  .39328430E+07  .57932580E+06 -.33658650E-01  .27848980E+04
 .65340460E+02  .10905790E+04  .40609090E+07  .60949520E+06 -.30634760E-01  .27506950E+04
 .10000000E+02  .28000000E+02  .00000000E+00  .14000000E+02  .15000000E+02  .68508650E+04
 .37868140E+03  .67591310E+03  .21345970E+07  .18498570E+06 -.35311320E+00  .20395260E+05
 .39877310E+03  .67401610E+03  .20967990E+07  .19216480E+06 -.36392580E+00  .19393090E+05
 .41937350E+03  .67200260E+03  .20591090E+07  .20249930E+06 -.37112370E+00  .18002110E+05
 .44025710E+03  .66981500E+03  .20215370E+07  .21656220E+06 -.37395380E+00  .16344940E+05
 .46117040E+03  .66739310E+03  .19840940E+07  .23482140E+06 -.37220530E+00  .14611120E+05
 .48186640E+03  .66468330E+03  .19467950E+07  .25755780E+06 -.36631040E+00  .12977810E+05
 .50213670E+03  .66164720E+03  .19096560E+07  .28483180E+06 -.35718290E+00  .11552180E+05
 .52183070E+03  .65826560E+03  .18726970E+07  .31649480E+06 -.34590090E+00  .10367840E+05
 .54085530E+03  .65453930E+03  .18359370E+07  .35220450E+06 -.33341310E+00  .94123110E+04
 .55916280E+03  .65048520E+03  .17993950E+07  .39140080E+06 -.32036710E+00  .86552930E+04
 .55916280E+03  .65048520E+03  .17993950E+07  .39140080E+06 -.32036710E+00  .86552930E+04
 .60619620E+03  .63776950E+03  .17027350E+07  .57999790E+06 -.30925370E+00  .67006960E+04
 .64770450E+03  .62349610E+03  .16081530E+07  .65225540E+06 -.25147740E+00  .65740880E+04
 .68499790E+03  .60820780E+03  .15159790E+07  .82966360E+06 -.23758030E+00  .57688240E+04
 .71896940E+03  .59199620E+03  .14259540E+07  .98662440E+06 -.21566330E+00  .53641940E+04
 .74980130E+03  .57519970E+03  .13384090E+07  .11498060E+07 -.19581030E+00  .50770250E+04
 .77782780E+03  .55808610E+03  .12534100E+07  .13149340E+07 -.17824620E+00  .48672410E+04
 .80337830E+03  .54085960E+03  .11709890E+07  .14767210E+07 -.16274130E+00  .47089730E+04
 .82673470E+03  .52367250E+03  .10911500E+07  .16308280E+07 -.14893110E+00  .45864960E+04
 .84812600E+03  .50663960E+03  .10138790E+07  .17746310E+07 -.13649140E+00  .44901620E+04
 .86773860E+03  .48984770E+03  .93914590E+06  .19070330E+07 -.12518200E+00  .44135800E+04
 .88572840E+03  .47336230E+03  .86690940E+06  .20278790E+07 -.11482970E+00  .43521200E+04
 .90222860E+03  .45723130E+03  .79711950E+06  .21374080E+07 -.10529970E+00  .43022870E+04
 .91735360E+03  .44148870E+03  .72972060E+06  .22358960E+07 -.96475340E-01  .42615050E+04
 .93120110E+03  .42615790E+03  .66465230E+06  .23234740E+07 -.88249510E-01  .42279750E+04
 .94385330E+03  .41125450E+03  .60185180E+06  .24000410E+07 -.80522100E-01  .42005010E+04
 .95537810E+03  .39678860E+03  .54125410E+06  .24652200E+07 -.73200710E-01  .41782510E+04
 .96582970E+03  .38276610E+03  .48279300E+06  .25183110E+07 -.66201020E-01  .41605180E+04
 .97525050E+03  .36918870E+03  .42640200E+06  .25582190E+07 -.59445620E-01  .41465350E+04
 .98367190E+03  .35605410E+03  .37201430E+06  .25833750E+07 -.52862100E-01  .41354230E+04
 .99111440E+03  .34335660E+03  .31956390E+06  .25916770E+07 -.46384270E-01  .41263010E+04
 .99759000E+03  .33108730E+03  .26898590E+06  .25805100E+07 -.39962870E-01  .41185180E+04
 .10031050E+04  .31923590E+03  .22021680E+06  .25467860E+07 -.33573290E-01  .41115750E+04
 .10076610E+04  .30778980E+03  .17319480E+06  .24869560E+07 -.27164030E-01  .41044990E+04
 .10112430E+04  .29673370E+03  .12786040E+06  .23977370E+07 -.20532660E-01  .40959210E+04
 .10137880E+04  .28604990E+03  .84156130E+05  .22784430E+07 -.13223970E-01  .40849330E+04
 .10151360E+04  .27571960E+03  .42027710E+05  .21343930E+07 -.44088890E-02  .40706660E+04
 .10149630E+04  .26572270E+03  .14235710E+04  .19808710E+07  .73951820E-02  .40516440E+04
 .37868140E+03  .67591310E+03  .21345970E+07  .18498570E+06 -.35311320E+00  .20395260E+05
 .35927310E+03  .67774220E+03  .21725000E+07  .18038500E+06 -.33968960E+00  .20984050E+05
 .34066680E+03  .67954160E+03  .22105040E+07  .17786110E+06 -.32461780E+00  .21197730E+05
 .32293240E+03  .68134190E+03  .22486080E+07  .17702810E+06 -.30865540E+00  .21084660E+05
 .30610410E+03  .68316960E+03  .22868140E+07  .17761650E+06 -.29232790E+00  .20677490E+05
 .29019200E+03  .68505150E+03  .23251240E+07  .17945310E+06 -.27597940E+00  .19998050E+05
 .27519050E+03  .68701640E+03  .23635420E+07  .18243250E+06 -.25984170E+00  .19074570E+05
 .26108260E+03  .68909660E+03  .24020720E+07  .18649170E+06 -.24408710E+00  .17953760E+05
 .24784290E+03  .69132730E+03  .24407230E+07  .19159130E+06 -.22885860E+00  .16699820E+05
 .23543830E+03  .69374590E+03  .24795040E+07  .19770390E+06 -.21427970E+00  .15383440E+05
 .22382950E+03  .69639130E+03  .25184270E+07  .20480830E+06 -.20045410E+00  .14068560E+05
 .21297190E+03  .69930320E+03  .25575050E+07  .21288730E+06 -.18746070E+00  .12803650E+05
 .20281740E+03  .70252200E+03  .25967550E+07  .22192610E+06 -.17535070E+00  .11619300E+05
 .19324540E+03  .70619460E+03  .26361410E+07  .23295990E+06 -.16485870E+00  .99881290E+04
 .19324540E+03  .70619460E+03  .26361410E+07  .23295990E+06 -.16485870E+00  .99881290E+04
 .17484100E+03  .71560200E+03  .27214300E+07  .25432790E+06 -.14263520E+00  .82620660E+04
 .15885550E+03  .72711380E+03  .28079700E+07  .27755920E+06 -.12435430E+00  .68724720E+04
 .14488130E+03  .74111650E+03  .28960370E+07  .30240290E+06 -.10894910E+00  .57891280E+04
 .13262520E+03  .75792100E+03  .29859500E+07  .32817810E+06 -.95622310E-01  .49763300E+04
 .12186430E+03  .77771170E+03  .30780570E+07  .35433170E+06 -.83997030E-01  .43773770E+04
 .11240190E+03  .80058750E+03  .31727240E+07  .38083830E+06 -.73969380E-01  .39301950E+04
 .10405240E+03  .82662400E+03  .32703250E+07  .40792760E+06 -.65419450E-01  .35890340E+04
 .96651080E+02  .85587170E+03  .33712420E+07  .43570440E+06 -.58122790E-01  .33287920E+04
 .90062710E+02  .88830580E+03  .34758620E+07  .46407010E+06 -.51833670E-01  .31357390E+04
 .84178150E+02  .92380670E+03  .35845590E+07  .49285290E+06 -.46368380E-01  .29979480E+04
 .78905850E+02  .96220150E+03  .36976910E+07  .52194200E+06 -.41615530E-01  .29022360E+04
 .74164920E+02  .10033300E+04  .38155960E+07  .55132640E+06 -.37500630E-01  .28359040E+04
 .69882910E+02  .10470880E+04  .39385950E+07  .58106740E+06 -.33955100E-01  .27889060E+04
 .65995790E+02  .10934330E+04  .40670010E+07  .61126330E+06 -.30907170E-01  .27544120E+04
 .10000000E+02  .28000000E+02  .00000000E+00  .14000000E+02  .15000000E+02  .68508650E+04
 .38082530E+03  .67689080E+03  .21356500E+07  .18818680E+06 -.35190040E+00  .19700870E+05
 .40083630E+03  .67492460E+03  .20977990E+07  .19560330E+06 -.36225700E+00  .18744530E+05
 .42133100E+03  .67284030E+03  .20600610E+07  .20619140E+06 -.36903030E+00  .17428430E+05
 .44208750E+03  .67058100E+03  .20224440E+07  .22050610E+06 -.37152780E+00  .15867900E+05
 .46285890E+03  .66808810E+03  .19849600E+07  .23899550E+06 -.36958640E+00  .14236800E+05
 .48340640E+03  .66531010E+03  .19476240E+07  .26192520E+06 -.36365280E+00  .12696740E+05
 .50353010E+03  .66221020E+03  .19104520E+07  .28934980E+06 -.35461980E+00  .11346430E+05
 .52308540E+03  .65877080E+03  .18734620E+07  .32112520E+06 -.34352480E+00  .10218350E+05
 .54198350E+03  .65499280E+03  .18366760E+07  .35692280E+06 -.33127620E+00  .93028960E+04
 .56017850E+03  .65089310E+03  .18001090E+07  .39620170E+06 -.31849130E+00  .85736150E+04
 .56017850E+03  .65089310E+03  .18001090E+07  .39620170E+06 -.31849130E+00  .85736150E+04
 .60688310E+03  .63810510E+03  .17033940E+07  .58467800E+06 -.30798620E+00  .66652430E+04
 .64832230E+03  .62373260E+03  .16087700E+07  .64376810E+06 -.24556520E+00  .66858620E+04
 .68547860E+03  .60841000E+03  .15165620E+07  .83435590E+06 -.23699100E+00  .57560880E+04
 .71937400E+03  .59216280E+03  .14265100E+07  .99101180E+06 -.21522570E+00  .53556260E+04
 .75014860E+03  .57533880E+03  .13389420E+07  .11540180E+07 -.19547880E+00  .50710460E+04
 .77813150E+03  .55820380E+03  .12539240E+07  .13190290E+07 -.17799360E+00  .48629090E+04
 .80364880E+03  .54096030E+03  .11714860E+07  .14807100E+07 -.16254810E+00  .47057130E+04
 .82697970E+03  .52375960E+03  .10916340E+07  .16346980E+07 -.14878190E+00  .45839550E+04
 .84835120E+03  .50671540E+03  .10143510E+07  .17783690E+07 -.13637470E+00  .44881200E+04
 .86794820E+03  .48991410E+03  .93960690E+06  .19106310E+07 -.12508940E+00  .44118970E+04
 .88592550E+03  .47342080E+03  .86736090E+06  .20313370E+07 -.11475530E+00  .43507030E+04
 .90241560E+03  .45728300E+03  .79756280E+06  .21407330E+07 -.10523910E+00  .43010720E+04
 .91753230E+03  .44153450E+03  .73015650E+06  .22390980E+07 -.96425820E-01  .42604430E+04
 .93137320E+03  .42619850E+03  .66508180E+06  .23265640E+07 -.88209030E-01  .42270290E+04
 .94401990E+03  .41129060E+03  .60227560E+06  .24030300E+07 -.80489320E-01  .41996430E+04
 .95554020E+03  .39682070E+03  .54167280E+06  .24681190E+07 -.73174740E-01  .41774550E+04
 .96598840E+03  .38279450E+03  .48320720E+06  .25211280E+07 -.66181410E-01  .41597630E+04
 .97540680E+03  .36921370E+03  .42681210E+06  .25609580E+07 -.59432270E-01  .41458050E+04
 .98382670E+03  .35607600E+03  .37242090E+06  .25860340E+07 -.52855280E-01  .41347020E+04
 .99126870E+03  .34337550E+03  .31996740E+06  .25942470E+07 -.46384670E-01  .41255740E+04
 .99774490E+03  .33110340E+03  .26938680E+06  .25829740E+07 -.39971650E-01  .41177730E+04
 .10032620E+04  .31924920E+03  .22061550E+06  .25491160E+07 -.33592280E-01  .41108050E+04
 .10078220E+04  .30780050E+03  .17359180E+06  .24891170E+07 -.27195980E-01  .41036820E+04
 .10114100E+04  .29674170E+03  .12825590E+06  .23996940E+07 -.20581150E-01  .40950020E+04
 .10139630E+04  .28605500E+03  .84550660E+05  .22801780E+07 -.13292420E-01  .40838080E+04
 .10153240E+04  .27572130E+03  .42421710E+05  .21359380E+07 -.44980740E-02  .40691400E+04
 .10151650E+04  .26571980E+03  .18176340E+04  .19823750E+07  .72936100E-02  .40493560E+04
 .38082530E+03  .67689080E+03  .21356500E+07  .18818680E+06 -.35190040E+00  .19700870E+05
 .36147250E+03  .67878720E+03  .21736100E+07  .18337590E+06 -.33891540E+00  .20270900E+05
 .34289820E+03  .68065260E+03  .22116740E+07  .18067300E+06 -.32423860E+00  .20487800E+05
 .32517520E+03  .68251750E+03  .22498430E+07  .17969050E+06 -.30862080E+00  .20396810E+05
 .30834030E+03  .68440900E+03  .22881160E+07  .18015520E+06 -.29259100E+00  .20029750E+05
 .29240610E+03  .68635360E+03  .23264970E+07  .18189000E+06 -.27649920E+00  .19407360E+05
 .27736910E+03  .68838000E+03  .23649900E+07  .18478680E+06 -.26058140E+00  .18554290E+05
 .26321440E+03  .69052010E+03  .24035980E+07  .18878180E+06 -.24501180E+00  .17510900E+05
 .24991860E+03  .69280870E+03  .24423310E+07  .19383570E+06 -.22993420E+00  .16334050E+05
 .23745030E+03  .69528330E+03  .24811960E+07  .19992160E+06 -.21547310E+00  .15088210E+05
 .22577210E+03  .69798300E+03  .25202070E+07  .20701850E+06 -.20173370E+00  .13833590E+05
 .21484110E+03  .70094790E+03  .25593750E+07  .21510800E+06 -.18879760E+00  .12617550E+05
 .20461070E+03  .70421880E+03  .25987180E+07  .22417170E+06 -.17671900E+00  .11471400E+05
 .19495480E+03  .70795160E+03  .26382020E+07  .23505900E+06 -.16609990E+00  .98988670E+04
 .19495480E+03  .70795160E+03  .26382020E+07  .23505900E+06 -.16609990E+00  .98988670E+04
 .17640770E+03  .71745920E+03  .27237070E+07  .25631470E+06 -.14377330E+00  .82025160E+04
 .16029160E+03  .72907540E+03  .28104760E+07  .27948740E+06 -.12539000E+00  .68342080E+04
 .14620000E+03  .74318260E+03  .28987850E+07  .30428650E+06 -.10986960E+00  .57669000E+04
 .13384070E+03  .76008480E+03  .29889520E+07  .32999530E+06 -.96421820E-01  .49654100E+04
 .12299040E+03  .77996270E+03  .30813250E+07  .35607440E+06 -.84690900E-01  .43731670E+04
 .11344990E+03  .80291720E+03  .31762660E+07  .38252740E+06 -.74581280E-01  .39293790E+04
 .10503100E+03  .82902840E+03  .32741510E+07  .40959240E+06 -.65966660E-01  .35899770E+04
 .97567390E+02  .85834750E+03  .33753610E+07  .43736530E+06 -.58614330E-01  .33309200E+04
 .90923100E+02  .89084860E+03  .34802820E+07  .46573690E+06 -.52274830E-01  .31388110E+04
 .84988380E+02  .92641030E+03  .35892880E+07  .49452980E+06 -.46764330E-01  .30016920E+04
 .79670970E+02  .96486070E+03  .37027360E+07  .52363230E+06 -.41972130E-01  .29063220E+04
 .74889310E+02  .10060430E+04  .38209630E+07  .55303410E+06 -.37823770E-01  .28400340E+04
 .70570270E+02  .10498540E+04  .39442910E+07  .58279660E+06 -.34250020E-01  .27928690E+04
 .66649230E+02  .10962560E+04  .40730320E+07  .61301830E+06 -.31178270E-01  .27580860E+04
 .10000000E+02  .28000000E+02  .00000000E+00  .14000000E+02  .15000000E+02  .68508650E+04
 .38293280E+03  .67785440E+03  .21366980E+07  .19143060E+06 -.35068440E+00  .19061060E+05
 .40286330E+03  .67581990E+03  .20987940E+07  .19907780E+06 -.36060130E+00  .18147130E+05
 .42325370E+03  .67366570E+03  .20610080E+07  .20991100E+06 -.36696930E+00  .16899460E+05
 .44388540E+03  .67133590E+03  .20233470E+07  .22446770E+06 -.36915280E+00  .15426700E+05
 .46451810E+03  .66877330E+03  .19858230E+07  .24317710E+06 -.36703190E+00  .13888820E+05
 .48492100E+03  .66592840E+03  .19484500E+07  .26629060E+06 -.36106520E+00  .12433710E+05
 .50490180E+03  .66276620E+03  .19112450E+07  .29385750E+06 -.35212470E+00  .11152490E+05
 .52432210E+03  .65927010E+03  .18742260E+07  .32573860E+06 -.34120980E+00  .10076450E+05
 .54309690E+03  .65544150E+03  .18374130E+07  .36161850E+06 -.32919050E+00  .91983690E+04
 .56118210E+03  .65129720E+03  .18008230E+07  .40097560E+06 -.31665640E+00  .84951600E+04
 .56118210E+03  .65129720E+03  .18008230E+07  .40097560E+06 -.31665640E+00  .84951600E+04
 .60756460E+03  .63843850E+03  .17040530E+07  .58915630E+06 -.30667580E+00  .66320960E+04
 .64894570E+03  .62396410E+03  .16093870E+07  .64015180E+06 -.24146600E+00  .67517520E+04
 .68595670E+03  .60861130E+03  .15171460E+07  .83904960E+06 -.23640990E+00  .57435290E+04
 .71977670E+03  .59232890E+03  .14270660E+07  .99539660E+06 -.21479260E+00  .53471490E+04
 .75049460E+03  .57547760E+03  .13394750E+07  .11582260E+07 -.19514990E+00  .50651190E+04
 .77843430E+03  .55832120E+03  .12544380E+07  .13231200E+07 -.17774280E+00  .48586090E+04
 .80391860E+03  .54106090E+03  .11719840E+07  .14846930E+07 -.16235590E+00  .47024730E+04
 .82722420E+03  .52384660E+03  .10921170E+07  .16385630E+07 -.14863350E+00  .45814260E+04
 .84857590E+03  .50679110E+03  .10148220E+07  .17821010E+07 -.13625860E+00  .44860870E+04
 .86815730E+03  .48998050E+03  .94006770E+06  .19142240E+07 -.12499730E+00  .44102210E+04
 .88612230E+03  .47347920E+03  .86781240E+06  .20347900E+07 -.11468110E+00  .43492920E+04
 .90260230E+03  .45733470E+03  .79800600E+06  .21440520E+07 -.10517880E+00  .42998610E+04
 .91771090E+03  .44158040E+03  .73059240E+06  .22422940E+07 -.96376500E-01  .42593840E+04
 .93154500E+03  .42623920E+03  .66551130E+06  .23296480E+07 -.88168710E-01  .42260860E+04
 .94418630E+03  .41132670E+03  .60269930E+06  .24060150E+07 -.80456640E-01  .41987850E+04
 .95570220E+03  .39685280E+03  .54209130E+06  .24710140E+07 -.73148880E-01  .41766600E+04
 .96614700E+03  .38282290E+03  .48362120E+06  .25239400E+07 -.66161880E-01  .41590110E+04
 .97556290E+03  .36923860E+03  .42722220E+06  .25636920E+07 -.59418980E-01  .41450770E+04
 .98398130E+03  .35609780E+03  .37282740E+06  .25886890E+07 -.52848510E-01  .41339820E+04
 .99142280E+03  .34339430E+03  .32037090E+06  .25968140E+07 -.46385110E-01  .41248480E+04
 .99789970E+03  .33111940E+03  .26978770E+06  .25854350E+07 -.39980460E-01  .41170310E+04
 .10034190E+04  .31926260E+03  .22101420E+06  .25514420E+07 -.33611300E-01  .41100380E+04
 .10079830E+04  .30781120E+03  .17398860E+06  .24912750E+07 -.27227960E-01  .41028670E+04
 .10115770E+04  .29674980E+03  .12865130E+06  .24016500E+07 -.20629670E-01  .40940870E+04
 .10141390E+04  .28606020E+03  .84945110E+05  .22819140E+07 -.13360870E-01  .40826880E+04
 .10155110E+04  .27572310E+03  .42815640E+05  .21374890E+07 -.45872130E-02  .40676180E+04
 .10153660E+04  .26571700E+03  .22116200E+04  .19838930E+07  .71922690E-02  .40470710E+04
 .38293280E+03  .67785440E+03  .21366980E+07  .19143060E+06 -.35068440E+00  .19061060E+05
 .36363600E+03  .67981740E+03  .21747130E+07  .18641470E+06 -.33812610E+00  .19613160E+05
 .34509480E+03  .68174790E+03  .22128370E+07  .18353670E+06 -.32383620E+00  .19831990E+05
 .32738460E+03  .68367700E+03  .22510690E+07  .18240810E+06 -.30855790E+00  .19759820E+05
 .31054480E+03  .68563170E+03  .22894090E+07  .18275180E+06 -.29282260E+00  .19427650E+05
 .29459030E+03  .68763870E+03  .23278600E+07  .18438680E+06 -.27698580E+00  .18855410E+05
 .27951980E+03  .68972630E+03  .23664260E+07  .18720270E+06 -.26128720E+00  .18064890E+05
 .26532030E+03  .69192600E+03  .24051120E+07  .19113430E+06 -.24590310E+00  .17091150E+05
 .25197000E+03  .69427250E+03  .24439250E+07  .19614210E+06 -.23097800E+00  .15984560E+05
 .23943980E+03  .69680330E+03  .24828740E+07  .20219960E+06 -.21663680E+00  .14803890E+05
 .22769380E+03  .69955760E+03  .25219710E+07  .20928560E+06 -.20298600E+00  .13605700E+05
 .21669090E+03  .70257570E+03  .25612290E+07  .21737990E+06 -.19010930E+00  .12435960E+05
 .20638600E+03  .70589900E+03  .26006650E+07  .22646050E+06 -.17806350E+00  .11326460E+05
 .19664890E+03  .70969090E+03  .26402450E+07  .23717040E+06 -.16731030E+00  .98120730E+04
 .19664890E+03  .70969090E+03  .26402450E+07  .23717040E+06 -.16731030E+00  .98120730E+04
 .17796230E+03  .71929810E+03  .27259650E+07  .25830690E+06 -.14488970E+00  .81443570E+04
 .16171790E+03  .73101810E+03  .28129610E+07  .28141820E+06 -.12640970E+00  .67968090E+04
 .14751050E+03  .74522880E+03  .29015090E+07  .30616840E+06 -.11077680E+00  .57452700E+04
 .13504950E+03  .76222740E+03  .29919270E+07  .33180620E+06 -.97210220E-01  .49548580E+04
 .12411110E+03  .78219090E+03  .30845620E+07  .35780860E+06 -.85376240E-01  .43691230E+04
 .11449330E+03  .80522330E+03  .31797760E+07  .38420780E+06 -.75186950E-01  .39286110E+04
 .10600560E+03  .83140800E+03  .32779420E+07  .41124860E+06 -.66509210E-01  .35909210E+04
 .98480230E+02  .86079780E+03  .33794420E+07  .43901740E+06 -.59102200E-01  .33330360E+04
 .91780430E+02  .89336470E+03  .34846610E+07  .46739430E+06 -.52712970E-01  .31418640E+04
 .85795870E+02  .92898640E+03  .35939720E+07  .49619660E+06 -.47157770E-01  .30054100E+04
 .80433650E+02  .96749160E+03  .37077330E+07  .52531190E+06 -.42326640E-01  .29103740E+04
 .75611490E+02  .10087260E+04  .38262790E+07  .55473040E+06 -.38145140E-01  .28441240E+04
 .71255620E+02  .10525900E+04  .39499320E+07  .58451400E+06 -.34543430E-01  .27967890E+04
 .67300810E+02  .10990480E+04  .40790040E+07  .61476080E+06 -.31448060E-01  .27617160E+04
 .10000000E+02  .28000000E+02  .00000000E+00  .14000000E+02  .15000000E+02  .68508650E+04
 .38500460E+03  .67880410E+03  .21377400E+07  .19471570E+06 -.34946780E+00  .18469680E+05
 .40485510E+03  .67670230E+03  .20997850E+07  .20258690E+06 -.35896080E+00  .17595100E+05
 .42514250E+03  .67447920E+03  .20619510E+07  .21365680E+06 -.36494180E+00  .16410180E+05
 .44565180E+03  .67208000E+03  .20242460E+07  .22844610E+06 -.36682830E+00  .15017420E+05
 .46614900E+03  .66944900E+03  .19866820E+07  .24736580E+06 -.36454020E+00  .13564460E+05
 .48641090E+03  .66653850E+03  .19492730E+07  .27065400E+06 -.35854540E+00  .12187010E+05
 .50625270E+03  .66331520E+03  .19120360E+07  .29835530E+06 -.34969530E+00  .10969340E+05
 .52554160E+03  .65976370E+03  .18749880E+07  .33033550E+06 -.33895340E+00  .99415440E+04
 .54419590E+03  .65588570E+03  .18381490E+07  .36629240E+06 -.32715420E+00  .90983960E+04
 .56217380E+03  .65169760E+03  .18015350E+07  .40572320E+06 -.31486100E+00  .84197320E+04
 .56217380E+03  .65169760E+03  .18015350E+07  .40572320E+06 -.31486100E+00  .84197320E+04
 .60824100E+03  .63876970E+03  .17047110E+07  .59343560E+06 -.30532290E+00  .66011820E+04
 .64957100E+03  .62419170E+03  .16100030E+07  .63964610E+06 -.23859210E+00  .67849960E+04
 .68643210E+03  .60881190E+03  .15177290E+07  .84374460E+06 -.23583670E+00  .57311430E+04
 .72017770E+03  .59249450E+03  .14276220E+07  .99977880E+06 -.21436380E+00  .53387620E+04
 .75083930E+03  .57561600E+03  .13400080E+07  .11624290E+07 -.19482380E+00  .50592430E+04
 .77873610E+03  .55843840E+03  .12549520E+07  .13272050E+07 -.17749370E+00  .48543390E+04
 .80418760E+03  .54116130E+03  .11724820E+07  .14886720E+07 -.16216500E+00  .46992530E+04
 .82746800E+03  .52393340E+03  .10926010E+07  .16424230E+07 -.14848590E+00  .45789120E+04
 .84880010E+03  .50686680E+03  .10152930E+07  .17858290E+07 -.13614310E+00  .44840630E+04
 .86836610E+03  .49004680E+03  .94052840E+06  .19178110E+07 -.12490560E+00  .44085510E+04
 .88631870E+03  .47353760E+03  .86826380E+06  .20382380E+07 -.11460730E+00  .43478850E+04
 .90278870E+03  .45738630E+03  .79844910E+06  .21473670E+07 -.10511880E+00  .42986530E+04
 .91788920E+03  .44162610E+03  .73102830E+06  .22454860E+07 -.96327390E-01  .42583280E+04
 .93171660E+03  .42627980E+03  .66594060E+06  .23327290E+07 -.88128540E-01  .42251450E+04
 .94435240E+03  .41136280E+03  .60312290E+06  .24089950E+07 -.80424110E-01  .41979300E+04
 .95586400E+03  .39688480E+03  .54250980E+06  .24739040E+07 -.73123120E-01  .41758670E+04
 .96630540E+03  .38285120E+03  .48403520E+06  .25267490E+07 -.66142420E-01  .41582590E+04
 .97571890E+03  .36926360E+03  .42763210E+06  .25664230E+07 -.59405750E-01  .41443500E+04
 .98413570E+03  .35611960E+03  .37323390E+06  .25913400E+07 -.52841790E-01  .41332630E+04
 .99157680E+03  .34341320E+03  .32077440E+06  .25993770E+07 -.46385580E-01  .41241240E+04
 .99805430E+03  .33113550E+03  .27018850E+06  .25878910E+07 -.39989310E-01  .41162910E+04
 .10035760E+04  .31927590E+03  .22141280E+06  .25537650E+07 -.33630350E-01  .41092720E+04
 .10081430E+04  .30782190E+03  .17438540E+06  .24934310E+07 -.27259970E-01  .41020560E+04
 .10117430E+04  .29675790E+03  .12904670E+06  .24036050E+07 -.20678200E-01  .40931760E+04
 .10143140E+04  .28606540E+03  .85339500E+05  .22836520E+07 -.13429330E-01  .40815720E+04
 .10156980E+04  .27572490E+03  .43209500E+05  .21390450E+07 -.46763000E-02  .40661020E+04
 .10155680E+04  .26571430E+03  .26055280E+04  .19854260E+07  .70911690E-02  .40447920E+04
 .38500460E+03  .67880410E+03  .21377400E+07  .19471570E+06 -.34946780E+00  .18469680E+05
 .36576420E+03  .68083310E+03  .21758100E+07  .18949980E+06 -.33732430E+00  .19004600E+05
 .34725720E+03  .68282810E+03  .22139920E+07  .18645080E+06 -.32341330E+00  .19224300E+05
 .32956110E+03  .68482070E+03  .22522860E+07  .18517900E+06 -.30846910E+00  .19168220E+05
 .31271790E+03  .68683830E+03  .22906930E+07  .18540430E+06 -.29302480E+00  .18866530E+05
 .29674480E+03  .68890710E+03  .23292130E+07  .18694180E+06 -.27744070E+00  .18338520E+05
 .28164250E+03  .69105550E+03  .23678520E+07  .18967820E+06 -.26196040E+00  .17603740E+05
 .26740000E+03  .69331480E+03  .24066130E+07  .19354680E+06 -.24676190E+00  .16692780E+05
 .25399720E+03  .69571930E+03  .24455060E+07  .19850800E+06 -.23199020E+00  .15650350E+05
 .24140680E+03  .69830640E+03  .24845370E+07  .20453500E+06 -.21777050E+00  .14529960E+05
 .22959460E+03  .70111540E+03  .25237200E+07  .21160620E+06 -.20421020E+00  .13384630E+05
 .21852130E+03  .70418700E+03  .25630670E+07  .21969940E+06 -.19139470E+00  .12258830E+05
 .20814340E+03  .70756320E+03  .26025950E+07  .22878820E+06 -.17938300E+00  .11184490E+05
 .19832790E+03  .71141290E+03  .26422700E+07  .23929250E+06 -.16849020E+00  .97276260E+04
 .19832790E+03  .71141290E+03  .26422700E+07  .23929250E+06 -.16849020E+00  .97276260E+04
 .17950490E+03  .72111920E+03  .27282030E+07  .26030400E+06 -.14598470E+00  .80875190E+04
 .16313440E+03  .73294230E+03  .28154230E+07  .28335120E+06 -.12741350E+00  .67602450E+04
 .14881290E+03  .74725560E+03  .29042090E+07  .30804810E+06 -.11167070E+00  .57242210E+04
 .13625170E+03  .76434890E+03  .29948760E+07  .33361080E+06 -.97987630E-01  .49446580E+04
 .12522630E+03  .78439690E+03  .30877710E+07  .35953460E+06 -.86053190E-01  .43652350E+04
 .11553210E+03  .80750590E+03  .31832540E+07  .38587980E+06 -.75786490E-01  .39278850E+04
 .10697630E+03  .83376350E+03  .32816980E+07  .41289650E+06 -.67047190E-01  .35918640E+04
 .99389660E+02  .86322300E+03  .33834850E+07  .44066100E+06 -.59586440E-01  .33351380E+04
 .92634730E+02  .89585490E+03  .34889990E+07  .46904250E+06 -.53148140E-01  .31448980E+04
 .86600650E+02  .93153560E+03  .35986120E+07  .49785370E+06 -.47548730E-01  .30091000E+04
 .81193890E+02  .97009480E+03  .37126820E+07  .52698120E+06 -.42679060E-01  .29143920E+04
 .76331470E+02  .10113800E+04  .38315440E+07  .55641580E+06 -.38464750E-01  .28481750E+04
 .71938940E+02  .10552970E+04  .39555190E+07  .58621970E+06 -.34835350E-01  .28006670E+04
 .67950560E+02  .11018110E+04  .40849190E+07  .61649110E+06 -.31716570E-01  .27653030E+04
 .10000000E+02  .28000000E+02  .00000000E+00  .14000000E+02  .15000000E+02  .68508650E+04
 .38704160E+03  .67974060E+03  .21387760E+07  .19804050E+06 -.34825280E+00  .17921410E+05
 .40681250E+03  .67757210E+03  .21007710E+07  .20612920E+06 -.35733730E+00  .17083470E+05
 .42699840E+03  .67528110E+03  .20628900E+07  .21742780E+06 -.36294840E+00  .15956290E+05
 .44738770E+03  .67281360E+03  .20251420E+07  .23244040E+06 -.36455400E+00  .14636730E+05
 .46775250E+03  .67011550E+03  .19875390E+07  .25156120E+06 -.36210980E+00  .13261380E+05
 .48787700E+03  .66714080E+03  .19500950E+07  .27501530E+06 -.35609100E+00  .11955120E+05
 .50758340E+03  .66385780E+03  .19128250E+07  .30284350E+06 -.34732910E+00  .10796080E+05
 .52674410E+03  .66025190E+03  .18757480E+07  .33491660E+06 -.33675360E+00  .98131100E+04
 .54528110E+03  .65632530E+03  .18388830E+07  .37094530E+06 -.32516540E+00  .90026700E+04
 .56315400E+03  .65209430E+03  .18022460E+07  .41044540E+06 -.31310370E+00  .83471520E+04
 .56315400E+03  .65209430E+03  .18022460E+07  .41044540E+06 -.31310370E+00  .83471520E+04
 .60891280E+03  .63909870E+03  .17053680E+07  .59751940E+06 -.30392830E+00  .65724300E+04
 .65019570E+03  .62441660E+03  .16106180E+07  .64123890E+06 -.23657710E+00  .67946760E+04
 .68690480E+03  .60901170E+03  .15183110E+07  .84844130E+06 -.23527130E+00  .57189240E+04
 .72057690E+03  .59265950E+03  .14281770E+07  .10041590E+07 -.21393940E+00  .53304630E+04
 .75118270E+03  .57575410E+03  .13405410E+07  .11666290E+07 -.19450020E+00  .50534170E+04
 .77903700E+03  .55855540E+03  .12554650E+07  .13312860E+07 -.17724630E+00  .48501010E+04
 .80445600E+03  .54126150E+03  .11729790E+07  .14926450E+07 -.16197520E+00  .46960520E+04
 .82771120E+03  .52402010E+03  .10930840E+07  .16462780E+07 -.14833920E+00  .45764100E+04
 .84902390E+03  .50694230E+03  .10157650E+07  .17895510E+07 -.13602820E+00  .44820470E+04
 .86857450E+03  .49011300E+03  .94098890E+06  .19213940E+07 -.12481430E+00  .44068870E+04
 .88651470E+03  .47359590E+03  .86871500E+06  .20416810E+07 -.11453380E+00  .43464820E+04
 .90297490E+03  .45743790E+03  .79889220E+06  .21506770E+07 -.10505900E+00  .42974480E+04
 .91806710E+03  .44167180E+03  .73146400E+06  .22486730E+07 -.96278470E-01  .42572740E+04
 .93188790E+03  .42632040E+03  .66636990E+06  .23358040E+07 -.88088540E-01  .42242060E+04
 .94451840E+03  .41139890E+03  .60354640E+06  .24119700E+07 -.80391700E-01  .41970770E+04
 .95602560E+03  .39691680E+03  .54292830E+06  .24767900E+07 -.73097450E-01  .41750750E+04
 .96646360E+03  .38287950E+03  .48444910E+06  .25295520E+07 -.66123050E-01  .41575090E+04
 .97587460E+03  .36928860E+03  .42804210E+06  .25691490E+07 -.59392580E-01  .41436250E+04
 .98429000E+03  .35614140E+03  .37364030E+06  .25939870E+07 -.52835110E-01  .41325460E+04
 .99173060E+03  .34343210E+03  .32117770E+06  .26019360E+07 -.46386090E-01  .41234010E+04
 .99820880E+03  .33115160E+03  .27058930E+06  .25903450E+07 -.39998180E-01  .41155520E+04
 .10037320E+04  .31928930E+03  .22181130E+06  .25560850E+07 -.33649420E-01  .41085080E+04
 .10083040E+04  .30783270E+03  .17478220E+06  .24955840E+07 -.27292000E-01  .41012470E+04
 .10119100E+04  .29676600E+03  .12944200E+06  .24055580E+07 -.20726750E-01  .40922690E+04
 .10144890E+04  .28607060E+03  .85733820E+05  .22853910E+07 -.13497800E-01  .40804600E+04
 .10158850E+04  .27572670E+03  .43603280E+05  .21406080E+07 -.47653330E-02  .40645910E+04
 .10157690E+04  .26571150E+03  .29993570E+04  .19869750E+07  .69903190E-02  .40425160E+04
 .38704160E+03  .67974060E+03  .21387760E+07  .19804050E+06 -.34825280E+00  .17921410E+05
 .36785780E+03  .68183470E+03  .21769000E+07  .19262980E+06 -.33651240E+00  .18439880E+05
 .34938570E+03  .68389360E+03  .22151410E+07  .18941350E+06 -.32297210E+00  .18659590E+05
 .33170490E+03  .68594920E+03  .22534960E+07  .18800170E+06 -.30835650E+00  .18617300E+05
 .31485980E+03  .68802900E+03  .22919670E+07  .18811100E+06 -.29319950E+00  .18342310E+05
 .29886980E+03  .69015940E+03  .23305560E+07  .18955280E+06 -.27786560E+00  .17853460E+05
 .28373750E+03  .69236830E+03  .23692670E+07  .19221090E+06 -.26260220E+00  .17168490E+05
 .26945360E+03  .69468700E+03  .24081040E+07  .19601690E+06 -.24758900E+00  .16314250E+05
 .25600010E+03  .69714940E+03  .24470740E+07  .20093050E+06 -.23297130E+00  .15330490E+05
 .24335110E+03  .69979300E+03  .24861880E+07  .20692480E+06 -.21887430E+00  .14265930E+05
 .23147440E+03  .70265690E+03  .25254550E+07  .21397690E+06 -.20540610E+00  .13170170E+05
 .22033230E+03  .70578230E+03  .25648900E+07  .22206250E+06 -.19265310E+00  .12086090E+05
 .20988280E+03  .70921160E+03  .26045090E+07  .23115070E+06 -.18067650E+00  .11045520E+05
 .19999210E+03  .71311790E+03  .26442780E+07  .24142370E+06 -.16963980E+00  .96454050E+04
 .19999210E+03  .71311790E+03  .26442780E+07  .24142370E+06 -.16963980E+00  .96454050E+04
 .18103560E+03  .72292270E+03  .27304220E+07  .26230530E+06 -.14705850E+00  .80319370E+04
 .16454130E+03  .73484830E+03  .28178650E+07  .28528610E+06 -.12840150E+00  .67244870E+04
 .15010750E+03  .74926310E+03  .29068850E+07  .30992560E+06 -.11255150E+00  .57037350E+04
 .13744750E+03  .76645000E+03  .29977990E+07  .33540890E+06 -.98754180E-01  .49347940E+04
 .12633620E+03  .78658110E+03  .30909510E+07  .36125230E+06 -.86721920E-01  .43614940E+04
 .11656650E+03  .80976570E+03  .31867010E+07  .38754350E+06 -.76380040E-01  .39271980E+04
 .10794310E+03  .83609520E+03  .32854200E+07  .41453630E+06 -.67580650E-01  .35928030E+04
 .10029570E+03  .86562360E+03  .33874910E+07  .44229620E+06 -.60067130E-01  .33372260E+04
 .93486040E+02  .89831980E+03  .34932970E+07  .47068200E+06 -.53580380E-01  .31479120E+04
 .87402780E+02  .93405870E+03  .36032100E+07  .49950130E+06 -.47937230E-01  .30127640E+04
 .81951740E+02  .97267100E+03  .37175860E+07  .52864030E+06 -.43029420E-01  .29183750E+04
 .77049270E+02  .10140070E+04  .38367600E+07  .55809040E+06 -.38782640E-01  .28521860E+04
 .72620290E+02  .10579750E+04  .39610530E+07  .58791410E+06 -.35125800E-01  .28045040E+04
 .68598490E+02  .11045440E+04  .40907780E+07  .61820940E+06 -.31983820E-01  .27688480E+04
 .10000000E+02  .28000000E+02  .00000000E+00  .14000000E+02  .15000000E+02  .68508650E+04
 .38904450E+03  .68066410E+03  .21398070E+07  .20140350E+06 -.34704150E+00  .17411720E+05
 .40873650E+03  .67842970E+03  .21017510E+07  .20970330E+06 -.35573210E+00  .16607980E+05
 .42882220E+03  .67607180E+03  .20638250E+07  .22122270E+06 -.36098990E+00  .15534090E+05
 .44909390E+03  .67353720E+03  .20260350E+07  .23645000E+06 -.36232950E+00  .14281710E+05
 .46932940E+03  .67077310E+03  .19883930E+07  .25576270E+06 -.35973920E+00  .12977510E+05
 .48932010E+03  .66773550E+03  .19509130E+07  .27937440E+06 -.35370000E+00  .11736730E+05
 .50889450E+03  .66439390E+03  .19136120E+07  .30732230E+06 -.34502390E+00  .10631890E+05
 .52793040E+03  .66073470E+03  .18765070E+07  .33948230E+06 -.33460820E+00  .96906760E+04
 .54635270E+03  .65676060E+03  .18396160E+07  .37557790E+06 -.32322240E+00  .89109140E+04
 .56412300E+03  .65248740E+03  .18029550E+07  .41514290E+06 -.31138320E+00  .82772530E+04
 .56412300E+03  .65248740E+03  .18029550E+07  .41514290E+06 -.31138320E+00  .82772530E+04
 .60958000E+03  .63942550E+03  .17060250E+07  .60141170E+06 -.30249280E+00  .65457700E+04
 .65081810E+03  .62463960E+03  .16112330E+07  .64430420E+06 -.23518010E+00  .67872100E+04
 .68737500E+03  .60921080E+03  .15188930E+07  .85313960E+06 -.23471370E+00  .57068680E+04
 .72097440E+03  .59282410E+03  .14287320E+07  .10085360E+07 -.21351940E+00  .53222500E+04
 .75152500E+03  .57589180E+03  .13410730E+07  .11708240E+07 -.19417920E+00  .50476410E+04
 .77933700E+03  .55867210E+03  .12559790E+07  .13353620E+07 -.17700050E+00  .48458930E+04
 .80472360E+03  .54136160E+03  .11734760E+07  .14966130E+07 -.16178660E+00  .46928710E+04
 .82795390E+03  .52410660E+03  .10935670E+07  .16501270E+07 -.14819320E+00  .45739200E+04
 .84924710E+03  .50701780E+03  .10162360E+07  .17932680E+07 -.13591390E+00  .44800410E+04
 .86878250E+03  .49017910E+03  .94144940E+06  .19249710E+07 -.12472350E+00  .44052300E+04
 .88671050E+03  .47365420E+03  .86916610E+06  .20451190E+07 -.11446070E+00  .43450840E+04
 .90316070E+03  .45748940E+03  .79933510E+06  .21539820E+07 -.10499950E+00  .42962470E+04
 .91824490E+03  .44171750E+03  .73189970E+06  .22518550E+07 -.96229760E-01  .42562230E+04
 .93205900E+03  .42636100E+03  .66679910E+06  .23388740E+07 -.88048700E-01  .42232690E+04
 .94468410E+03  .41143490E+03  .60396980E+06  .24149410E+07 -.80359400E-01  .41962250E+04
 .95618700E+03  .39694880E+03  .54334660E+06  .24796710E+07 -.73071870E-01  .41742850E+04
 .96662160E+03  .38290780E+03  .48486290E+06  .25323520E+07 -.66103750E-01  .41567610E+04
 .97603030E+03  .36931350E+03  .42845190E+06  .25718710E+07 -.59379470E-01  .41429000E+04
 .98444410E+03  .35616330E+03  .37404670E+06  .25966300E+07 -.52828480E-01  .41318310E+04
 .99188420E+03  .34345100E+03  .32158100E+06  .26044920E+07 -.46386640E-01  .41226810E+04
 .99836320E+03  .33116760E+03  .27098990E+06  .25927940E+07 -.40007080E-01  .41148150E+04
 .10038880E+04  .31930260E+03  .22220980E+06  .25584020E+07 -.33668510E-01  .41077480E+04
 .10084640E+04  .30784340E+03  .17517880E+06  .24977350E+07 -.27324050E-01  .41004410E+04
 .10120760E+04  .29677400E+03  .12983730E+06  .24075110E+07 -.20775330E-01  .40913650E+04
 .10146640E+04  .28607590E+03  .86128080E+05  .22871320E+07 -.13566260E-01  .40793530E+04
 .10160720E+04  .27572860E+03  .43996980E+05  .21421770E+07 -.48543070E-02  .40630850E+04
 .10159700E+04  .26570890E+03  .33931080E+04  .19885380E+07  .68897280E-02  .40402440E+04
 .38904450E+03  .68066410E+03  .21398070E+07  .20140350E+06 -.34704150E+00  .17411720E+05
 .36991750E+03  .68282260E+03  .21779840E+07  .19580300E+06 -.33569270E+00  .17914420E+05
 .35148090E+03  .68494490E+03  .22162820E+07  .19242330E+06 -.32251490E+00  .18133440E+05
 .33381650E+03  .68706290E+03  .22546980E+07  .19087440E+06 -.30822210E+00  .18102980E+05
 .31697080E+03  .68920440E+03  .22932340E+07  .19087000E+06 -.29334840E+00  .17851470E+05
 .30096540E+03  .69139590E+03  .23318900E+07  .19221790E+06 -.27826210E+00  .17397380E+05
 .28580470E+03  .69366520E+03  .23706710E+07  .19479870E+06 -.26321380E+00  .16757040E+05
 .27148130E+03  .69604300E+03  .24095830E+07  .19854230E+06 -.24838510E+00  .15954160E+05
 .25797870E+03  .69856340E+03  .24486310E+07  .20340720E+06 -.23392150E+00  .15024140E+05
 .24527290E+03  .70126330E+03  .24878250E+07  .20936590E+06 -.21994810E+00  .14011350E+05
 .23333330E+03  .70418240E+03  .25271760E+07  .21639440E+06 -.20657310E+00  .12962140E+05
 .22212390E+03  .70736190E+03  .25666980E+07  .22446570E+06 -.19388390E+00  .11917670E+05
 .21160440E+03  .71084450E+03  .26064070E+07  .23354370E+06 -.18194300E+00  .10909550E+05
 .20164170E+03  .71480610E+03  .26462700E+07  .24356270E+06 -.17075930E+00  .95652960E+04
 .20164170E+03  .71480610E+03  .26462700E+07  .24356270E+06 -.17075930E+00  .95652960E+04
 .18255480E+03  .72470890E+03  .27326220E+07  .26431070E+06 -.14811170E+00  .79775490E+04
 .16593860E+03  .73673650E+03  .28202850E+07  .28722280E+06 -.12937410E+00  .66895080E+04
 .15139430E+03  .75125180E+03  .29095380E+07  .31180030E+06 -.11341930E+00  .56837960E+04
 .13863690E+03  .76853090E+03  .30006970E+07  .33720030E+06 -.99510010E-01  .49252540E+04
 .12744080E+03  .78874380E+03  .30941030E+07  .36296200E+06 -.87382540E-01  .43578900E+04
 .11759640E+03  .81200310E+03  .31901170E+07  .38919920E+06 -.76967680E-01  .39265440E+04
 .10890610E+03  .83840370E+03  .32891100E+07  .41616820E+06 -.68109690E-01  .35937380E+04
 .10119840E+03  .86800020E+03  .33914620E+07  .44392340E+06 -.60544290E-01  .33393000E+04
 .94334400E+02  .90075960E+03  .34975560E+07  .47231290E+06 -.54009710E-01  .31509070E+04
 .88202260E+02  .93655600E+03  .36077660E+07  .50113980E+06 -.48323310E-01  .30164020E+04
 .82707210E+02  .97522050E+03  .37224440E+07  .53028970E+06 -.43377760E-01  .29223260E+04
 .77764940E+02  .10166070E+04  .38419270E+07  .55975480E+06 -.39098810E-01  .28561590E+04
 .73299690E+02  .10606260E+04  .39665350E+07  .58959760E+06 -.35414790E-01  .28083000E+04
 .69244620E+02  .11072480E+04  .40965820E+07  .61991630E+06 -.32249820E-01  .27723530E+04
 .10000000E+02  .28000000E+02  .00000000E+00  .14000000E+02  .15000000E+02  .68508650E+04
 .39101390E+03  .68157510E+03  .21408320E+07  .20480330E+06 -.34583570E+00  .16936670E+05
 .41062770E+03  .67927560E+03  .21027280E+07  .21330780E+06 -.35414670E+00  .16164920E+05
 .43061490E+03  .67685170E+03  .20647550E+07  .22504050E+06 -.35906650E+00  .15140360E+05
 .45077140E+03  .67425090E+03  .20269240E+07  .24047390E+06 -.36015390E+00  .13949820E+05
 .47088060E+03  .67142220E+03  .19892440E+07  .25997000E+06 -.35742670E+00  .12711070E+05
 .49074080E+03  .66832270E+03  .19517290E+07  .28373140E+06 -.35137030E+00  .11530660E+05
 .51018670E+03  .66492360E+03  .19143970E+07  .31179210E+06 -.34277760E+00  .10476070E+05
 .52910080E+03  .66121240E+03  .18772640E+07  .34403320E+06 -.33251520E+00  .95738100E+04
 .54741130E+03  .65719170E+03  .18403470E+07  .38019080E+06 -.32132370E+00  .88228730E+04
 .56508120E+03  .65287710E+03  .18036640E+07  .41981640E+06 -.30969830E+00  .82098810E+04
 .56508120E+03  .65287710E+03  .18036640E+07  .41981640E+06 -.30969830E+00  .82098810E+04
 .61024300E+03  .63974990E+03  .17066810E+07  .60511690E+06 -.30101720E+00  .65211370E+04
 .65143710E+03  .62486100E+03  .16118480E+07  .64843280E+06 -.23423620E+00  .67672360E+04
 .68784260E+03  .60940910E+03  .15194750E+07  .85783990E+06 -.23416380E+00  .56949710E+04
 .72137010E+03  .59298820E+03  .14292870E+07  .10129110E+07 -.21310360E+00  .53141200E+04
 .75186600E+03  .57602910E+03  .13416050E+07  .11750150E+07 -.19386080E+00  .50419130E+04
 .77963610E+03  .55878850E+03  .12564920E+07  .13394330E+07 -.17675640E+00  .48417140E+04
 .80499050E+03  .54146140E+03  .11739730E+07  .15005760E+07 -.16159910E+00  .46897090E+04
 .82819600E+03  .52419300E+03  .10940500E+07  .16539710E+07 -.14804810E+00  .45714440E+04
 .84947000E+03  .50709310E+03  .10167070E+07  .17969800E+07 -.13580010E+00  .44780430E+04
 .86899010E+03  .49024520E+03  .94190980E+06  .19285430E+07 -.12463310E+00  .44035790E+04
 .88690590E+03  .47371240E+03  .86961720E+06  .20485520E+07 -.11438790E+00  .43436910E+04
 .90334630E+03  .45754080E+03  .79977790E+06  .21572820E+07 -.10494030E+00  .42950490E+04
 .91842240E+03  .44176310E+03  .73233530E+06  .22550320E+07 -.96181240E-01  .42551750E+04
 .93223000E+03  .42640150E+03  .66722820E+06  .23419400E+07 -.88009000E-01  .42223340E+04
 .94484960E+03  .41147090E+03  .60439330E+06  .24179070E+07 -.80327240E-01  .41953750E+04
 .95634810E+03  .39698070E+03  .54376490E+06  .24825480E+07 -.73046400E-01  .41734970E+04
 .96677950E+03  .38293610E+03  .48527670E+06  .25351470E+07 -.66084530E-01  .41560140E+04
 .97618570E+03  .36933840E+03  .42886170E+06  .25745880E+07 -.59366410E-01  .41421780E+04
 .98459810E+03  .35618510E+03  .37445300E+06  .25992690E+07 -.52821890E-01  .41311170E+04
 .99203770E+03  .34346980E+03  .32198430E+06  .26070430E+07 -.46387220E-01  .41219610E+04
 .99851730E+03  .33118370E+03  .27139060E+06  .25952400E+07 -.40016010E-01  .41140810E+04
 .10040450E+04  .31931600E+03  .22260830E+06  .25607160E+07 -.33687640E-01  .41069890E+04
 .10086240E+04  .30785420E+03  .17557550E+06  .24998830E+07 -.27356130E-01  .40996380E+04
 .10122420E+04  .29678220E+03  .13023250E+06  .24094620E+07 -.20823910E-01  .40904650E+04
 .10148390E+04  .28608120E+03  .86522260E+05  .22888740E+07 -.13634720E-01  .40782510E+04
 .10162580E+04  .27573050E+03  .44390620E+05  .21437520E+07 -.49432170E-02  .40615840E+04
 .10161720E+04  .26570620E+03  .37867810E+04  .19901170E+07  .67894060E-02  .40379770E+04
 .39101390E+03  .68157510E+03  .21408320E+07  .20480330E+06 -.34583570E+00  .16936670E+05
 .37194380E+03  .68379740E+03  .21790630E+07  .19901790E+06 -.33486730E+00  .17424240E+05
 .35354340E+03  .68598220E+03  .22174170E+07  .19547840E+06 -.32204370E+00  .17641990E+05
 .33589630E+03  .68816220E+03  .22558930E+07  .19379530E+06 -.30806800E+00  .17621690E+05
 .31905120E+03  .69036490E+03  .22944910E+07  .19367940E+06 -.29347330E+00  .17390900E+05
 .30303180E+03  .69261710E+03  .23332150E+07  .19493490E+06 -.27863140E+00  .16967780E+05
 .28784430E+03  .69494640E+03  .23720660E+07  .19743930E+06 -.26379630E+00  .16367540E+05
 .27348310E+03  .69738320E+03  .24110510E+07  .20112030E+06 -.24915110E+00  .15611260E+05
 .25993310E+03  .69996140E+03  .24501750E+07  .20593510E+06 -.23484140E+00  .14730550E+05
 .24717220E+03  .70271800E+03  .24894500E+07  .21185530E+06 -.22099200E+00  .13765820E+05
 .23517140E+03  .70569230E+03  .25288840E+07  .21885530E+06 -.20771080E+00  .12760330E+05
 .22389630E+03  .70892610E+03  .25684920E+07  .22690510E+06 -.19508610E+00  .11753520E+05
 .21330830E+03  .71246230E+03  .26082890E+07  .23596300E+06 -.18318160E+00  .10776600E+05
 .20327680E+03  .71647780E+03  .26482460E+07  .24570850E+06 -.17184920E+00  .94871850E+04
 .20327680E+03  .71647780E+03  .26482460E+07  .24570850E+06 -.17184920E+00  .94871850E+04
 .18406240E+03  .72647820E+03  .27348040E+07  .26631960E+06 -.14914450E+00  .79242970E+04
 .16732660E+03  .73860720E+03  .28226860E+07  .28916080E+06 -.13033130E+00  .66552850E+04
 .15267330E+03  .75322190E+03  .29121690E+07  .31367220E+06 -.11427410E+00  .56643890E+04
 .13982000E+03  .77059200E+03  .30035700E+07  .33898520E+06 -.10025520E+00  .49160230E+04
 .12854030E+03  .79088540E+03  .30972280E+07  .36466370E+06 -.88035200E-01  .43544130E+04
 .11862200E+03  .81421840E+03  .31935040E+07  .39084710E+06 -.77549540E-01  .39259180E+04
 .10986540E+03  .84068940E+03  .32927660E+07  .41779250E+06 -.68634380E-01  .35946670E+04
 .10209780E+03  .87035330E+03  .33953970E+07  .44554290E+06 -.61017990E-01  .33413600E+04
 .95179840E+02  .90317530E+03  .35017780E+07  .47393560E+06 -.54436180E-01  .31538830E+04
 .88999150E+02  .93902810E+03  .36122800E+07  .50276930E+06 -.48707000E-01  .30200140E+04
 .83460350E+02  .97774420E+03  .37272590E+07  .53192960E+06 -.43724090E-01  .29262420E+04
 .78478480E+02  .10191800E+04  .38470480E+07  .56140890E+06 -.39413290E-01  .28600940E+04
 .73977160E+02  .10632490E+04  .39719670E+07  .59127030E+06 -.35702340E-01  .28120550E+04
 .69888990E+02  .11099250E+04  .41023320E+07  .62161180E+06 -.32514570E-01  .27758170E+04
