 .10000000E+02  .28000000E+02  .00000000E+00  .14000000E+02  .15000000E+02  .68508650E+04
 .39101390E+03  .68157510E+03  .21408320E+07  .20480330E+06 -.34583570E+00  .16936670E+05
 .41062770E+03  .67927560E+03  .21027280E+07  .21330780E+06 -.35414670E+00  .16164920E+05
 .43061490E+03  .67685170E+03  .20647550E+07  .22504050E+06 -.35906650E+00  .15140360E+05
 .45077140E+03  .67425090E+03  .20269240E+07  .24047390E+06 -.36015390E+00  .13949820E+05
 .47088060E+03  .67142220E+03  .19892440E+07  .25997000E+06 -.35742670E+00  .12711070E+05
 .49074080E+03  .66832270E+03  .19517290E+07  .28373140E+06 -.35137030E+00  .11530660E+05
 .51018670E+03  .66492360E+03  .19143970E+07  .31179210E+06 -.34277760E+00  .10476070E+05
 .52910080E+03  .66121240E+03  .18772640E+07  .34403320E+06 -.33251520E+00  .95738100E+04
 .54741130E+03  .65719170E+03  .18403470E+07  .38019080E+06 -.32132370E+00  .88228730E+04
 .56508120E+03  .65287710E+03  .18036640E+07  .41981640E+06 -.30969830E+00  .82098810E+04
 .56508120E+03  .65287710E+03  .18036640E+07  .41981640E+06 -.30969830E+00  .82098810E+04
 .61024300E+03  .63974990E+03  .17066810E+07  .60511690E+06 -.30101720E+00  .65211370E+04
 .65143710E+03  .62486100E+03  .16118480E+07  .64843280E+06 -.23423620E+00  .67672360E+04
 .68784260E+03  .60940910E+03  .15194750E+07  .85783990E+06 -.23416380E+00  .56949710E+04
 .72137010E+03  .59298820E+03  .14292870E+07  .10129110E+07 -.21310360E+00  .53141200E+04
 .75186600E+03  .57602910E+03  .13416050E+07  .11750150E+07 -.19386080E+00  .50419130E+04
 .77963610E+03  .55878850E+03  .12564920E+07  .13394330E+07 -.17675640E+00  .48417140E+04
 .80499050E+03  .54146140E+03  .11739730E+07  .15005760E+07 -.16159910E+00  .46897090E+04
 .82819600E+03  .52419300E+03  .10940500E+07  .16539710E+07 -.14804810E+00  .45714440E+04
 .84947000E+03  .50709310E+03  .10167070E+07  .17969800E+07 -.13580010E+00  .44780430E+04
 .86899010E+03  .49024520E+03  .94190980E+06  .19285430E+07 -.12463310E+00  .44035790E+04
 .88690590E+03  .47371240E+03  .86961720E+06  .20485520E+07 -.11438790E+00  .43436910E+04
 .90334630E+03  .45754080E+03  .79977790E+06  .21572820E+07 -.10494030E+00  .42950490E+04
 .91842240E+03  .44176310E+03  .73233530E+06  .22550320E+07 -.96181240E-01  .42551750E+04
 .93223000E+03  .42640150E+03  .66722820E+06  .23419400E+07 -.88009000E-01  .42223340E+04
 .94484960E+03  .41147090E+03  .60439330E+06  .24179070E+07 -.80327240E-01  .41953750E+04
 .95634810E+03  .39698070E+03  .54376490E+06  .24825480E+07 -.73046400E-01  .41734970E+04
 .96677950E+03  .38293610E+03  .48527670E+06  .25351470E+07 -.66084530E-01  .41560140E+04
 .97618570E+03  .36933840E+03  .42886170E+06  .25745880E+07 -.59366410E-01  .41421780E+04
 .98459810E+03  .35618510E+03  .37445300E+06  .25992690E+07 -.52821890E-01  .41311170E+04
 .99203770E+03  .34346980E+03  .32198430E+06  .26070430E+07 -.46387220E-01  .41219610E+04
 .99851730E+03  .33118370E+03  .27139060E+06  .25952400E+07 -.40016010E-01  .41140810E+04
 .10040450E+04  .31931600E+03  .22260830E+06  .25607160E+07 -.33687640E-01  .41069890E+04
 .10086240E+04  .30785420E+03  .17557550E+06  .24998830E+07 -.27356130E-01  .40996380E+04
 .10122420E+04  .29678220E+03  .13023250E+06  .24094620E+07 -.20823910E-01  .40904650E+04
 .10148390E+04  .28608120E+03  .86522260E+05  .22888740E+07 -.13634720E-01  .40782510E+04
 .10162580E+04  .27573050E+03  .44390620E+05  .21437520E+07 -.49432170E-02  .40615840E+04
 .10161720E+04  .26570620E+03  .37867810E+04  .19901170E+07  .67894060E-02  .40379770E+04
 .39101390E+03  .68157510E+03  .21408320E+07  .20480330E+06 -.34583570E+00  .16936670E+05
 .37194380E+03  .68379740E+03  .21790630E+07  .19901790E+06 -.33486730E+00  .17424240E+05
 .35354340E+03  .68598220E+03  .22174170E+07  .19547840E+06 -.32204370E+00  .17641990E+05
 .33589630E+03  .68816220E+03  .22558930E+07  .19379530E+06 -.30806800E+00  .17621690E+05
 .31905120E+03  .69036490E+03  .22944910E+07  .19367940E+06 -.29347330E+00  .17390900E+05
 .30303180E+03  .69261710E+03  .23332150E+07  .19493490E+06 -.27863140E+00  .16967780E+05
 .28784430E+03  .69494640E+03  .23720660E+07  .19743930E+06 -.26379630E+00  .16367540E+05
 .27348310E+03  .69738320E+03  .24110510E+07  .20112030E+06 -.24915110E+00  .15611260E+05
 .25993310E+03  .69996140E+03  .24501750E+07  .20593510E+06 -.23484140E+00  .14730550E+05
 .24717220E+03  .70271800E+03  .24894500E+07  .21185530E+06 -.22099200E+00  .13765820E+05
 .23517140E+03  .70569230E+03  .25288840E+07  .21885530E+06 -.20771080E+00  .12760330E+05
 .22389630E+03  .70892610E+03  .25684920E+07  .22690510E+06 -.19508610E+00  .11753520E+05
 .21330830E+03  .71246230E+03  .26082890E+07  .23596300E+06 -.18318160E+00  .10776600E+05
 .20327680E+03  .71647780E+03  .26482460E+07  .24570850E+06 -.17184920E+00  .94871850E+04
 .20327680E+03  .71647780E+03  .26482460E+07  .24570850E+06 -.17184920E+00  .94871850E+04
 .18406240E+03  .72647820E+03  .27348040E+07  .26631960E+06 -.14914450E+00  .79242970E+04
 .16732660E+03  .73860720E+03  .28226860E+07  .28916080E+06 -.13033130E+00  .66552850E+04
 .15267330E+03  .75322190E+03  .29121690E+07  .31367220E+06 -.11427410E+00  .56643890E+04
 .13982000E+03  .77059200E+03  .30035700E+07  .33898520E+06 -.10025520E+00  .49160230E+04
 .12854030E+03  .79088540E+03  .30972280E+07  .36466370E+06 -.88035200E-01  .43544130E+04
 .11862200E+03  .81421840E+03  .31935040E+07  .39084710E+06 -.77549540E-01  .39259180E+04
 .10986540E+03  .84068940E+03  .32927660E+07  .41779250E+06 -.68634380E-01  .35946670E+04
 .10209780E+03  .87035330E+03  .33953970E+07  .44554290E+06 -.61017990E-01  .33413600E+04
 .95179840E+02  .90317530E+03  .35017780E+07  .47393560E+06 -.54436180E-01  .31538830E+04
 .88999150E+02  .93902810E+03  .36122800E+07  .50276930E+06 -.48707000E-01  .30200140E+04
 .83460350E+02  .97774420E+03  .37272590E+07  .53192960E+06 -.43724090E-01  .29262420E+04
 .78478480E+02  .10191800E+04  .38470480E+07  .56140890E+06 -.39413290E-01  .28600940E+04
 .73977160E+02  .10632490E+04  .39719670E+07  .59127030E+06 -.35702340E-01  .28120550E+04
 .69888990E+02  .11099250E+04  .41023320E+07  .62161180E+06 -.32514570E-01  .27758170E+04
 .10000000E+02  .28000000E+02  .00000000E+00  .14000000E+02  .15000000E+02  .68508650E+04
 .39390730E+03  .68291870E+03  .21423610E+07  .20996880E+06 -.34404090E+00  .16281670E+05
 .41340520E+03  .68052320E+03  .21041840E+07  .21876900E+06 -.35180780E+00  .15554240E+05
 .43324760E+03  .67800190E+03  .20661450E+07  .23080770E+06 -.35624800E+00  .14597130E+05
 .45323550E+03  .67530390E+03  .20282510E+07  .24653510E+06 -.35698080E+00  .13490610E+05
 .47316100E+03  .67238010E+03  .19905150E+07  .26629090E+06 -.35406380E+00  .12340640E+05
 .49283150E+03  .66919010E+03  .19529490E+07  .29026260E+06 -.34798640E+00  .11242400E+05
 .51209070E+03  .66570710E+03  .19155710E+07  .31848010E+06 -.33951370E+00  .10256620E+05
 .53082780E+03  .66191950E+03  .18783960E+07  .35083260E+06 -.32947010E+00  .94081100E+04
 .54897530E+03  .65783040E+03  .18414420E+07  .38707440E+06 -.31855520E+00  .86972740E+04
 .56649860E+03  .65345520E+03  .18047240E+07  .42678350E+06 -.30723510E+00  .81132540E+04
 .56649860E+03  .65345520E+03  .18047240E+07  .42678350E+06 -.30723510E+00  .81132540E+04
 .61123030E+03  .64023240E+03  .17076630E+07  .61033510E+06 -.29873110E+00  .64878470E+04
 .65235720E+03  .62519100E+03  .16127680E+07  .65603200E+06 -.23342470E+00  .67210070E+04
 .68853910E+03  .60970530E+03  .15203470E+07  .86489430E+06 -.23335290E+00  .56774150E+04
 .72196060E+03  .59323330E+03  .14301180E+07  .10194690E+07 -.21248770E+00  .53020810E+04
 .75237530E+03  .57623450E+03  .13424030E+07  .11812940E+07 -.19338790E+00  .50334110E+04
 .78008310E+03  .55896270E+03  .12572610E+07  .13455310E+07 -.17639340E+00  .48355010E+04
 .80538960E+03  .54161080E+03  .11747180E+07  .15065110E+07 -.16131990E+00  .46850010E+04
 .82855820E+03  .52432240E+03  .10947750E+07  .16597280E+07 -.14783180E+00  .45677530E+04
 .84980330E+03  .50720590E+03  .10174130E+07  .18025390E+07 -.13563060E+00  .44750630E+04
 .86930070E+03  .49034410E+03  .94260010E+06  .19338920E+07 -.12449830E+00  .44011130E+04
 .88719840E+03  .47379960E+03  .87029360E+06  .20536920E+07 -.11427930E+00  .43416090E+04
 .90362410E+03  .45761800E+03  .80044210E+06  .21622220E+07 -.10485180E+00  .42932590E+04
 .91868820E+03  .44183150E+03  .73298840E+06  .22597880E+07 -.96108850E-01  .42536070E+04
 .93248590E+03  .42646220E+03  .66787180E+06  .23465300E+07 -.87949750E-01  .42209360E+04
 .94509750E+03  .41152490E+03  .60502820E+06  .24223470E+07 -.80279210E-01  .41941040E+04
 .95658970E+03  .39702860E+03  .54439220E+06  .24868540E+07 -.73008360E-01  .41723170E+04
 .96701590E+03  .38297850E+03  .48589730E+06  .25393310E+07 -.66055830E-01  .41548960E+04
 .97641860E+03  .36937580E+03  .42947630E+06  .25786570E+07 -.59346940E-01  .41410970E+04
 .98482870E+03  .35621770E+03  .37506230E+06  .26032200E+07 -.52812090E-01  .41300490E+04
 .99226770E+03  .34349810E+03  .32258900E+06  .26108630E+07 -.46388160E-01  .41208850E+04
 .99874840E+03  .33120780E+03  .27199140E+06  .25989020E+07 -.40029470E-01  .41129810E+04
 .10042790E+04  .31933610E+03  .22320580E+06  .25641800E+07 -.33716370E-01  .41058540E+04
 .10088640E+04  .30787030E+03  .17617030E+06  .25031010E+07 -.27404280E-01  .40984390E+04
 .10124910E+04  .29679440E+03  .13082520E+06  .24123870E+07 -.20896830E-01  .40891210E+04
 .10151010E+04  .28608920E+03  .87113410E+05  .22914900E+07 -.13737410E-01  .40766060E+04
 .10165380E+04  .27573340E+03  .44980940E+05  .21461270E+07 -.50764550E-02  .40593420E+04
 .10164730E+04  .26570230E+03  .43771460E+04  .19925140E+07  .66394470E-02  .40345830E+04
 .39390730E+03  .68291870E+03  .21423610E+07  .20996880E+06 -.34404090E+00  .16281670E+05
 .37492220E+03  .68523550E+03  .21806700E+07  .20391480E+06 -.33362240E+00  .16747690E+05
 .35657690E+03  .68751320E+03  .22191070E+07  .20014250E+06 -.32131480E+00  .16962680E+05
 .33895730E+03  .68978490E+03  .22576710E+07  .19826310E+06 -.30780340E+00  .16955030E+05
 .32211530E+03  .69207870E+03  .22963630E+07  .19798390E+06 -.29361900E+00  .16750950E+05
 .30607750E+03  .69442110E+03  .23351850E+07  .19910340E+06 -.27913770E+00  .16368220E+05
 .29085260E+03  .69683980E+03  .23741390E+07  .20149430E+06 -.26461790E+00  .15820800E+05
 .27643750E+03  .69936490E+03  .24132330E+07  .20508050E+06 -.25024500E+00  .15126640E+05
 .26281970E+03  .70202970E+03  .24524710E+07  .20981710E+06 -.23616490E+00  .14312520E+05
 .24997920E+03  .70487120E+03  .24918630E+07  .21567330E+06 -.22250140E+00  .13413620E+05
 .23788970E+03  .70792880E+03  .25314210E+07  .22262060E+06 -.20936190E+00  .12468890E+05
 .22651930E+03  .71124430E+03  .25711560E+07  .23062380E+06 -.19683490E+00  .11515180E+05
 .21583150E+03  .71486140E+03  .26110860E+07  .23963250E+06 -.18498530E+00  .10582850E+05
 .20570280E+03  .71895500E+03  .26511800E+07  .24893760E+06 -.17342980E+00  .93735310E+04
 .20570280E+03  .71895500E+03  .26511800E+07  .24893760E+06 -.17342980E+00  .93735310E+04
 .18630270E+03  .72910100E+03  .27380440E+07  .26933910E+06 -.15065660E+00  .78464380E+04
 .16939120E+03  .74138100E+03  .28262500E+07  .29206980E+06 -.13173880E+00  .66053170E+04
 .15457760E+03  .75614310E+03  .29160750E+07  .31647400E+06 -.11553230E+00  .56362390E+04
 .14158310E+03  .77364720E+03  .30078340E+07  .34164990E+06 -.10135350E+00  .49027290E+04
 .13017990E+03  .79405930E+03  .31018670E+07  .36720170E+06 -.88999600E-01  .43494200E+04
 .12015230E+03  .81750110E+03  .31985290E+07  .39330480E+06 -.78411710E-01  .39250270E+04
 .11129740E+03  .84407620E+03  .32981920E+07  .42021540E+06 -.69413400E-01  .35960450E+04
 .10344090E+03  .87383970E+03  .34012350E+07  .44795800E+06 -.61722150E-01  .33444200E+04
 .96442610E+02  .90675410E+03  .35080400E+07  .47635460E+06 -.55070600E-01  .31583100E+04
 .90189660E+02  .94269010E+03  .36189770E+07  .50519760E+06 -.49278110E-01  .30253820E+04
 .84585740E+02  .98148220E+03  .37344000E+07  .53437210E+06 -.44239870E-01  .29320560E+04
 .79544880E+02  .10229900E+04  .38546420E+07  .56387190E+06 -.39881890E-01  .28659260E+04
 .74989790E+02  .10671330E+04  .39800230E+07  .59376010E+06 -.36130990E-01  .28176150E+04
 .70852260E+02  .11138880E+04  .41108580E+07  .62413460E+06 -.32909410E-01  .27809390E+04
 .10000000E+02  .28000000E+02  .00000000E+00  .14000000E+02  .15000000E+02  .68508650E+04
 .39672990E+03  .68423620E+03  .21438790E+07  .21520880E+06 -.34226690E+00  .15687220E+05
 .41611390E+03  .68174620E+03  .21056310E+07  .22429150E+06 -.34951860E+00  .15000220E+05
 .43581500E+03  .67912960E+03  .20675250E+07  .23662050E+06 -.35350940E+00  .14103740E+05
 .45563970E+03  .67633660E+03  .20295710E+07  .25262450E+06 -.35391370E+00  .13072180E+05
 .47538780E+03  .67332020E+03  .19917800E+07  .27262260E+06 -.35082340E+00  .12001300E+05
 .49487570E+03  .67004220E+03  .19541640E+07  .29678850E+06 -.34472950E+00  .10976480E+05
 .51395520E+03  .66647750E+03  .19167400E+07  .32514890E+06 -.33637100E+00  .10052620E+05
 .53252170E+03  .66261570E+03  .18795240E+07  .35760110E+06 -.32653300E+00  .92529050E+04
 .55051180E+03  .65846010E+03  .18425330E+07  .39391720E+06 -.31587800E+00  .85788060E+04
 .56789320E+03  .65402600E+03  .18057820E+07  .43370070E+06 -.30484570E+00  .80215610E+04
 .56789320E+03  .65402600E+03  .18057820E+07  .43370070E+06 -.30484570E+00  .80215610E+04
 .61220940E+03  .64070940E+03  .17086440E+07  .61516180E+06 -.29636120E+00  .64587630E+04
 .65326580E+03  .62551950E+03  .16136870E+07  .66479090E+06 -.23311180E+00  .66620870E+04
 .68923000E+03  .60999980E+03  .15212180E+07  .87195380E+06 -.23255870E+00  .56601930E+04
 .72254720E+03  .59347740E+03  .14309490E+07  .10260220E+07 -.21188120E+00  .52902210E+04
 .75288190E+03  .57643910E+03  .13432000E+07  .11875630E+07 -.19292060E+00  .50250150E+04
 .78052800E+03  .55913640E+03  .12580300E+07  .13516170E+07 -.17603390E+00  .48293540E+04
 .80578710E+03  .54175980E+03  .11754630E+07  .15124350E+07 -.16104320E+00  .46803350E+04
 .82891910E+03  .52445140E+03  .10954990E+07  .16654740E+07 -.14761740E+00  .45640890E+04
 .85013570E+03  .50731850E+03  .10181190E+07  .18080850E+07 -.13546240E+00  .44721020E+04
 .86961050E+03  .49044290E+03  .94329020E+06  .19392290E+07 -.12436450E+00  .43986610E+04
 .88749020E+03  .47388660E+03  .87096980E+06  .20588200E+07 -.11417150E+00  .43395370E+04
 .90390120E+03  .45769490E+03  .80110590E+06  .21671520E+07 -.10476400E+00  .42914760E+04
 .91895340E+03  .44189970E+03  .73364140E+06  .22645330E+07 -.96036890E-01  .42520450E+04
 .93274130E+03  .42652290E+03  .66851510E+06  .23511090E+07 -.87890860E-01  .42195430E+04
 .94534500E+03  .41157870E+03  .60566290E+06  .24267770E+07 -.80231450E-01  .41928360E+04
 .95683070E+03  .39707640E+03  .54501940E+06  .24911500E+07 -.72970540E-01  .41711410E+04
 .96725210E+03  .38302090E+03  .48651770E+06  .25435050E+07 -.66027300E-01  .41537820E+04
 .97665110E+03  .36941310E+03  .43009070E+06  .25827150E+07 -.59327600E-01  .41400180E+04
 .98505900E+03  .35625040E+03  .37567140E+06  .26071610E+07 -.52802400E-01  .41289830E+04
 .99249740E+03  .34352630E+03  .32319360E+06  .26146740E+07 -.46389180E-01  .41198130E+04
 .99897910E+03  .33123180E+03  .27259210E+06  .26025560E+07 -.40042990E-01  .41118870E+04
 .10045130E+04  .31935610E+03  .22380310E+06  .25676370E+07 -.33745160E-01  .41047250E+04
 .10091030E+04  .30788650E+03  .17676490E+06  .25063130E+07 -.27452490E-01  .40972460E+04
 .10127390E+04  .29680660E+03  .13141770E+06  .24153100E+07 -.20969780E-01  .40877850E+04
 .10153620E+04  .28609720E+03  .87704410E+05  .22941100E+07 -.13840090E-01  .40749700E+04
 .10168180E+04  .27573640E+03  .45571100E+05  .21485160E+07 -.52095280E-02  .40571100E+04
 .10167740E+04  .26569850E+03  .49673340E+04  .19949460E+07  .64901450E-02  .40311990E+04
 .39672990E+03  .68423620E+03  .21438790E+07  .21520880E+06 -.34226690E+00  .15687220E+05
 .37782930E+03  .68664590E+03  .21822640E+07  .20889670E+06 -.33237430E+00  .16132940E+05
 .35953980E+03  .68901520E+03  .22207820E+07  .20489930E+06 -.32056430E+00  .16344390E+05
 .34194940E+03  .69137740E+03  .22594330E+07  .20282950E+06 -.30750350E+00  .16346840E+05
 .32511280E+03  .69376120E+03  .22982170E+07  .20239100E+06 -.29371920E+00  .16165140E+05
 .30905920E+03  .69619310E+03  .23371350E+07  .20337710E+06 -.27959030E+00  .15816750E+05
 .29380010E+03  .69870040E+03  .23761920E+07  .20565520E+06 -.26537980E+00  .15314750E+05
 .27933470E+03  .70131330E+03  .24153920E+07  .20914520E+06 -.25127510E+00  .14674690E+05
 .26565260E+03  .70406460E+03  .24547420E+07  .21379890E+06 -.23742210E+00  .13919440E+05
 .25273640E+03  .70699110E+03  .24942500E+07  .21958270E+06 -.22394350E+00  .13079700E+05
 .24056200E+03  .71013210E+03  .25339290E+07  .22646440E+06 -.21094560E+00  .12190500E+05
 .22909990E+03  .71352980E+03  .25737900E+07  .23440290E+06 -.19851660E+00  .11286120E+05
 .21823440E+03  .71722240E+03  .26138010E+07  .24362880E+06 -.18728490E+00  .10058480E+05
 .20809750E+03  .72139640E+03  .26540800E+07  .25217690E+06 -.17494670E+00  .92637930E+04
 .20809750E+03  .72139640E+03  .26540800E+07  .25217690E+06 -.17494670E+00  .92637930E+04
 .18851800E+03  .73168730E+03  .27412460E+07  .27236510E+06 -.15212510E+00  .77708590E+04
 .17143540E+03  .74411700E+03  .28297710E+07  .29498060E+06 -.13311270E+00  .65569280E+04
 .15646520E+03  .75902440E+03  .29199330E+07  .31926800E+06 -.11676200E+00  .56091990E+04
 .14333250E+03  .77665970E+03  .30120460E+07  .34429940E+06 -.10242880E+00  .48900570E+04
 .13180830E+03  .79718790E+03  .31064470E+07  .36972270E+06 -.89946890E-01  .43446670E+04
 .12167310E+03  .82073660E+03  .32034920E+07  .39574610E+06 -.79261460E-01  .39241800E+04
 .11272120E+03  .84741430E+03  .33035490E+07  .42262260E+06 -.70183010E-01  .35974040E+04
 .10477670E+03  .87727590E+03  .34069990E+07  .45035710E+06 -.62418760E-01  .33474470E+04
 .97699010E+02  .91028080E+03  .35142210E+07  .47875640E+06 -.55698760E-01  .31626930E+04
 .91374490E+02  .94629840E+03  .36255870E+07  .50760720E+06 -.49843990E-01  .30306920E+04
 .85706010E+02  .98516470E+03  .37414470E+07  .53679480E+06 -.44751280E-01  .29377970E+04
 .80606650E+02  .10267440E+04  .38621350E+07  .56631360E+06 -.40346780E-01  .28716750E+04
 .75998210E+02  .10709590E+04  .39879710E+07  .59622740E+06 -.36556500E-01  .28230880E+04
 .71811680E+02  .11177920E+04  .41192690E+07  .62663380E+06 -.33301540E-01  .27859750E+04
 .10000000E+02  .28000000E+02  .00000000E+00  .14000000E+02  .15000000E+02  .68508650E+04
 .39948420E+03  .68552860E+03  .21453860E+07  .22051860E+06 -.34051760E+00  .15145240E+05
 .41875630E+03  .68294580E+03  .21070680E+07  .22987120E+06 -.34728120E+00  .14495280E+05
 .43831990E+03  .68023570E+03  .20688980E+07  .24247550E+06 -.35085050E+00  .13653570E+05
 .45798650E+03  .67734990E+03  .20308850E+07  .25873980E+06 -.35094960E+00  .12689240E+05
 .47756340E+03  .67424320E+03  .19930390E+07  .27896400E+06 -.34770030E+00  .11689180E+05
 .49687550E+03  .67087950E+03  .19553740E+07  .30330920E+06 -.34159350E+00  .10730320E+05
 .51578190E+03  .66723540E+03  .19179060E+07  .33179940E+06 -.33334330E+00  .98624270E+04
 .53418400E+03  .66330140E+03  .18806490E+07  .36434020E+06 -.32369830E+00  .91071760E+04
 .55202190E+03  .65908120E+03  .18436210E+07  .40072090E+06 -.31328760E+00  .84668420E+04
 .56926570E+03  .65458960E+03  .18068370E+07  .44057020E+06 -.30252640E+00  .79344090E+04
 .56926570E+03  .65458960E+03  .18068370E+07  .44057020E+06 -.30252640E+00  .79344090E+04
 .61318120E+03  .64118120E+03  .17096230E+07  .61961700E+06 -.29391180E+00  .64336860E+04
 .65416200E+03  .62584670E+03  .16146050E+07  .67432220E+06 -.23312800E+00  .65956570E+04
 .68991540E+03  .61029270E+03  .15220880E+07  .87901910E+06 -.23178060E+00  .56432930E+04
 .72313010E+03  .59372030E+03  .14317790E+07  .10325710E+07 -.21128370E+00  .52785370E+04
 .75338580E+03  .57664290E+03  .13439970E+07  .11938230E+07 -.19245880E+00  .50167210E+04
 .78097090E+03  .55930940E+03  .12587990E+07  .13576930E+07 -.17567810E+00  .48232700E+04
 .80618300E+03  .54190840E+03  .11762070E+07  .15183470E+07 -.16076890E+00  .46757110E+04
 .82927870E+03  .52458020E+03  .10962220E+07  .16712070E+07 -.14740470E+00  .45604540E+04
 .85046700E+03  .50743080E+03  .10188240E+07  .18136210E+07 -.13529550E+00  .44691590E+04
 .86991960E+03  .49054150E+03  .94398000E+06  .19445550E+07 -.12423170E+00  .43962220E+04
 .88778130E+03  .47397350E+03  .87164580E+06  .20639370E+07 -.11406430E+00  .43374750E+04
 .90417780E+03  .45777180E+03  .80176960E+06  .21720700E+07 -.10467670E+00  .42897010E+04
 .91921810E+03  .44196790E+03  .73429430E+06  .22692680E+07 -.95965360E-01  .42504890E+04
 .93299630E+03  .42658350E+03  .66915830E+06  .23556770E+07 -.87832290E-01  .42181540E+04
 .94559200E+03  .41163260E+03  .60629760E+06  .24311960E+07 -.80183970E-01  .41915730E+04
 .95707140E+03  .39712430E+03  .54564640E+06  .24954360E+07 -.72932930E-01  .41699690E+04
 .96748770E+03  .38306320E+03  .48713790E+06  .25476700E+07 -.65998930E-01  .41526710E+04
 .97688320E+03  .36945040E+03  .43070500E+06  .25867650E+07 -.59308390E-01  .41389430E+04
 .98528900E+03  .35628310E+03  .37628050E+06  .26110930E+07 -.52792810E-01  .41279220E+04
 .99272670E+03  .34355460E+03  .32379810E+06  .26184760E+07 -.46390280E-01  .41187440E+04
 .99920950E+03  .33125590E+03  .27319260E+06  .26062020E+07 -.40056580E-01  .41107960E+04
 .10047460E+04  .31937620E+03  .22440040E+06  .25710870E+07 -.33774010E-01  .41036010E+04
 .10093420E+04  .30790260E+03  .17735940E+06  .25095200E+07 -.27500740E-01  .40960600E+04
 .10129880E+04  .29681890E+03  .13201010E+06  .24182300E+07 -.21042760E-01  .40864580E+04
 .10156240E+04  .28610530E+03  .88295260E+05  .22967330E+07 -.13942750E-01  .40733450E+04
 .10170970E+04  .27573950E+03  .46161090E+05  .21509190E+07 -.53424220E-02  .40548900E+04
 .10170740E+04  .26569480E+03  .55573490E+04  .19974140E+07  .63415320E-02  .40278230E+04
 .39948420E+03  .68552860E+03  .21453860E+07  .22051860E+06 -.34051760E+00  .15145240E+05
 .38066740E+03  .68802980E+03  .21838460E+07  .21395830E+06 -.33112760E+00  .15571850E+05
 .36243410E+03  .69048940E+03  .22224440E+07  .20974320E+06 -.31979720E+00  .15779200E+05
 .34487420E+03  .69294110E+03  .22611800E+07  .20748830E+06 -.30717330E+00  .15789710E+05
 .32804500E+03  .69541370E+03  .23000540E+07  .20689410E+06 -.29377810E+00  .15626890E+05
 .31197820E+03  .69793410E+03  .23390680E+07  .20774890E+06 -.27999330E+00  .15307860E+05
 .29668800E+03  .70052950E+03  .23782240E+07  .20991430E+06 -.26608520E+00  .14845120E+05
 .28217540E+03  .70322970E+03  .24175290E+07  .21330570E+06 -.25224360E+00  .14252400E+05
 .26843270E+03  .70606730E+03  .24569880E+07  .21787100E+06 -.23861420E+00  .13549400E+05
 .25544440E+03  .70907870E+03  .24966120E+07  .22357310E+06 -.22531850E+00  .12762960E+05
 .24318880E+03  .71230330E+03  .25364090E+07  .23037550E+06 -.21246120E+00  .11924600E+05
 .23163890E+03  .71578330E+03  .25763940E+07  .23823030E+06 -.20012960E+00  .11066150E+05
 .22068010E+03  .71956470E+03  .26165350E+07  .24703620E+06 -.18874340E+00  .99336370E+04
 .21046160E+03  .72380310E+03  .26569470E+07  .25542420E+06 -.17640220E+00  .91576530E+04
 .21046160E+03  .72380310E+03  .26569470E+07  .25542420E+06 -.17640220E+00  .91576530E+04
 .19070870E+03  .73423790E+03  .27444100E+07  .27539710E+06 -.15355160E+00  .76974170E+04
 .17345940E+03  .74681630E+03  .28332500E+07  .29789220E+06 -.13445370E+00  .65100560E+04
 .15833630E+03  .76186680E+03  .29237450E+07  .32205330E+06 -.11796360E+00  .55832200E+04
 .14506850E+03  .77963050E+03  .30162070E+07  .34693360E+06 -.10348150E+00  .48779660E+04
 .13342570E+03  .80027240E+03  .31109710E+07  .37222700E+06 -.90877530E-01  .43401320E+04
 .12318460E+03  .82392630E+03  .32083930E+07  .39817190E+06 -.80099120E-01  .39233680E+04
 .11413680E+03  .85070500E+03  .33088390E+07  .42501480E+06 -.70943440E-01  .35987400E+04
 .10610550E+03  .88066310E+03  .34126890E+07  .45274070E+06 -.63107970E-01  .33504390E+04
 .98949140E+02  .91375700E+03  .35203230E+07  .48114170E+06 -.56320790E-01  .31670330E+04
 .92553730E+02  .94985450E+03  .36321110E+07  .50999910E+06 -.50404720E-01  .30359450E+04
 .86821260E+02  .98879350E+03  .37484020E+07  .53919830E+06 -.45258360E-01  .29434670E+04
 .81663870E+02  .10304430E+04  .38695300E+07  .56873510E+06 -.40808040E-01  .28773440E+04
 .77002470E+02  .10747290E+04  .39958140E+07  .59867330E+06 -.36978920E-01  .28284770E+04
 .72767290E+02  .11216380E+04  .41275690E+07  .62911030E+06 -.33691000E-01  .27909280E+04
 .10000000E+02  .28000000E+02  .00000000E+00  .14000000E+02  .15000000E+02  .68508650E+04
 .40217250E+03  .68679700E+03  .21468830E+07  .22589360E+06 -.33879590E+00  .14649040E+05
 .42133500E+03  .68412300E+03  .21084960E+07  .23550410E+06 -.34509710E+00  .14033120E+05
 .44076470E+03  .68132130E+03  .20702630E+07  .24836960E+06 -.34827040E+00  .13241130E+05
 .46027840E+03  .67834470E+03  .20321920E+07  .26487890E+06 -.34808530E+00  .12337390E+05
 .47969020E+03  .67514990E+03  .19942930E+07  .28531400E+06 -.34468960E+00  .11401060E+05
 .49883270E+03  .67170280E+03  .19565800E+07  .30982430E+06 -.33857270E+00  .10501710E+05
 .51757240E+03  .66798130E+03  .19190670E+07  .33843220E+06 -.33042460E+00  .96846170E+04
 .53581570E+03  .66397710E+03  .18817710E+07  .37105100E+06 -.32096100E+00  .89700300E+04
 .55350670E+03  .65969400E+03  .18447070E+07  .40748740E+06 -.31077970E+00  .83608280E+04
 .57061720E+03  .65514630E+03  .18078900E+07  .44739410E+06 -.30027430E+00  .78514490E+04
 .57061720E+03  .65514630E+03  .18078900E+07  .44739410E+06 -.30027430E+00  .78514490E+04
 .61414640E+03  .64164750E+03  .17106010E+07  .62372170E+06 -.29138770E+00  .64124240E+04
 .65504530E+03  .62617330E+03  .16155220E+07  .68437610E+06 -.23336300E+00  .65250920E+04
 .69059520E+03  .61058420E+03  .15229570E+07  .88609060E+06 -.23101850E+00  .56267030E+04
 .72370940E+03  .59396230E+03  .14326080E+07  .10391150E+07 -.21069520E+00  .52670230E+04
 .75388710E+03  .57684590E+03  .13447930E+07  .12000750E+07 -.19200250E+00  .50085280E+04
 .78141180E+03  .55948200E+03  .12595670E+07  .13637580E+07 -.17532580E+00  .48172500E+04
 .80657740E+03  .54205660E+03  .11769510E+07  .15242480E+07 -.16049710E+00  .46711270E+04
 .82963710E+03  .52470860E+03  .10969460E+07  .16769290E+07 -.14719370E+00  .45568450E+04
 .85079740E+03  .50754290E+03  .10195300E+07  .18191440E+07 -.13512980E+00  .44662360E+04
 .87022770E+03  .49063990E+03  .94466960E+06  .19498690E+07 -.12409980E+00  .43937970E+04
 .88807170E+03  .47406030E+03  .87232140E+06  .20690430E+07 -.11395790E+00  .43354230E+04
 .90445370E+03  .45784860E+03  .80243310E+06  .21769770E+07 -.10459000E+00  .42879330E+04
 .91948220E+03  .44203600E+03  .73494690E+06  .22739910E+07 -.95894280E-01  .42489390E+04
 .93325080E+03  .42664400E+03  .66980130E+06  .23602340E+07 -.87774080E-01  .42167710E+04
 .94583860E+03  .41168640E+03  .60693200E+06  .24356050E+07 -.80136750E-01  .41903140E+04
 .95731160E+03  .39717200E+03  .54627320E+06  .24997110E+07 -.72895530E-01  .41687990E+04
 .96772310E+03  .38310550E+03  .48775800E+06  .25518240E+07 -.65970730E-01  .41515630E+04
 .97711500E+03  .36948770E+03  .43131910E+06  .25908040E+07 -.59289310E-01  .41378720E+04
 .98551860E+03  .35631570E+03  .37688940E+06  .26150160E+07 -.52783310E-01  .41268630E+04
 .99295560E+03  .34358280E+03  .32440240E+06  .26222690E+07 -.46391460E-01  .41176790E+04
 .99943950E+03  .33128000E+03  .27379300E+06  .26098400E+07 -.40070220E-01  .41097090E+04
 .10049790E+04  .31939630E+03  .22499750E+06  .25745300E+07 -.33802910E-01  .41024820E+04
 .10095810E+04  .30791890E+03  .17795380E+06  .25127210E+07 -.27549040E-01  .40948790E+04
 .10132360E+04  .29683120E+03  .13260230E+06  .24211480E+07 -.21115770E-01  .40851380E+04
 .10158850E+04  .28611340E+03  .88885950E+05  .22993590E+07 -.14045390E-01  .40717290E+04
 .10173750E+04  .27574260E+03  .46750930E+05  .21533370E+07 -.54751220E-02  .40526810E+04
 .10173750E+04  .26569110E+03  .61471890E+04  .19999170E+07  .61936410E-02  .40244550E+04
 .40217250E+03  .68679700E+03  .21468830E+07  .22589360E+06 -.33879590E+00  .14649040E+05
 .38343860E+03  .68938840E+03  .21854160E+07  .21909440E+06 -.32988660E+00  .15057610E+05
 .36526170E+03  .69193700E+03  .22240930E+07  .21466870E+06 -.31901780E+00  .15260470E+05
 .34773340E+03  .69447700E+03  .22629130E+07  .21223360E+06 -.30681680E+00  .15277410E+05
 .33091340E+03  .69703750E+03  .23018750E+07  .21148690E+06 -.29379990E+00  .15130610E+05
 .31483580E+03  .69964550E+03  .23409820E+07  .21221160E+06 -.28035010E+00  .14836850E+05
 .29951720E+03  .70232830E+03  .23802370E+07  .21426370E+06 -.26673700E+00  .14408250E+05
 .28496080E+03  .70511520E+03  .24196450E+07  .21755330E+06 -.25315270E+00  .13857140E+05
 .27116080E+03  .70803880E+03  .24592120E+07  .22202400E+06 -.23974260E+00  .13200670E+05
 .25810410E+03  .71113510E+03  .24989480E+07  .22763440E+06 -.22662690E+00  .12462410E+05
 .24577110E+03  .71444340E+03  .25388630E+07  .23434270E+06 -.21390830E+00  .11670710E+05
 .23413730E+03  .71800590E+03  .25789710E+07  .24209420E+06 -.20167290E+00  .10855060E+05
 .22309220E+03  .72187340E+03  .26192390E+07  .25045270E+06 -.19013030E+00  .98131760E+04
 .21279580E+03  .72617570E+03  .26597820E+07  .25867780E+06 -.17779850E+00  .90548270E+04
 .21279580E+03  .72617570E+03  .26597820E+07  .25867780E+06 -.17779850E+00  .90548270E+04
 .19287550E+03  .73675390E+03  .27475380E+07  .27843430E+06 -.15493720E+00  .76259880E+04
 .17546380E+03  .74947970E+03  .28366890E+07  .30080390E+06 -.13576230E+00  .64646430E+04
 .16019140E+03  .76467110E+03  .29275120E+07  .32482930E+06 -.11913760E+00  .55582550E+04
 .14679140E+03  .78256070E+03  .30203180E+07  .34955250E+06 -.10451230E+00  .48664170E+04
 .13503220E+03  .80331400E+03  .31154410E+07  .37471530E+06 -.91792010E-01  .43357890E+04
 .12468700E+03  .82707130E+03  .32132340E+07  .40058280E+06 -.80925030E-01  .39225800E+04
 .11554460E+03  .85394960E+03  .33140630E+07  .42739280E+06 -.71694890E-01  .36000510E+04
 .10742730E+03  .88400290E+03  .34183090E+07  .45510980E+06 -.63789950E-01  .33533960E+04
 .10019310E+03  .91718410E+03  .35263490E+07  .48351130E+06 -.56936770E-01  .31713290E+04
 .93727460E+02  .95335990E+03  .36385530E+07  .51237400E+06 -.50960400E-01  .30411400E+04
 .87931560E+02  .99237020E+03  .37552690E+07  .54158370E+06 -.45761210E-01  .29490650E+04
 .82716620E+02  .10340880E+04  .38768300E+07  .57113720E+06 -.41265710E-01  .28829340E+04
 .78002660E+02  .10784440E+04  .40035560E+07  .60109840E+06 -.37398280E-01  .28337830E+04
 .73719150E+02  .11254280E+04  .41357610E+07  .63156480E+06 -.34077840E-01  .27957980E+04
 .10000000E+02  .28000000E+02  .00000000E+00  .14000000E+02  .15000000E+02  .68508650E+04
 .40479710E+03  .68804250E+03  .21483700E+07  .23132930E+06 -.33710440E+00  .14192990E+05
 .42385250E+03  .68527890E+03  .21099160E+07  .24118640E+06 -.34296710E+00  .13608470E+05
 .44315210E+03  .68238720E+03  .20716210E+07  .25429980E+06 -.34576790E+00  .12861780E+05
 .46251760E+03  .67932180E+03  .20334920E+07  .27103980E+06 -.34531780E+00  .12012910E+05
 .48177000E+03  .67604100E+03  .19955410E+07  .29167150E+06 -.34178670E+00  .11134180E+05
 .50074920E+03  .67251250E+03  .19577800E+07  .31633390E+06 -.33566150E+00  .10288770E+05
 .51932810E+03  .66871570E+03  .19202240E+07  .34504790E+06 -.32760980E+00  .95179600E+04
 .53741840E+03  .66464310E+03  .18828890E+07  .37773500E+06 -.31831630E+00  .88406860E+04
 .55496710E+03  .66029860E+03  .18457890E+07  .41421830E+06 -.30835050E+00  .82602700E+04
 .57194820E+03  .65569640E+03  .18089400E+07  .45417440E+06 -.29808620E+00  .77723630E+04
 .57194820E+03  .65569640E+03  .18089400E+07  .45417440E+06 -.29808620E+00  .77723630E+04
 .61510530E+03  .64210820E+03  .17115770E+07  .62749790E+06 -.28879400E+00  .63947930E+04
 .65591540E+03  .62649940E+03  .16164370E+07  .69478740E+06 -.23374360E+00  .64525980E+04
 .69126970E+03  .61087400E+03  .15238250E+07  .89316890E+06 -.23027200E+00  .56104110E+04
 .72428500E+03  .59420310E+03  .14334370E+07  .10456540E+07 -.21011550E+00  .52556750E+04
 .75438570E+03  .57704830E+03  .13455890E+07  .12063170E+07 -.19155150E+00  .50004340E+04
 .78185080E+03  .55965410E+03  .12603340E+07  .13698120E+07 -.17497690E+00  .48112910E+04
 .80697030E+03  .54220450E+03  .11776950E+07  .15301370E+07 -.16022770E+00  .46665830E+04
 .82999430E+03  .52483680E+03  .10976690E+07  .16826400E+07 -.14698440E+00  .45532630E+04
 .85112660E+03  .50765480E+03  .10202350E+07  .18246560E+07 -.13496540E+00  .44633310E+04
 .87053500E+03  .49073810E+03  .94535900E+06  .19551720E+07 -.12396890E+00  .43913850E+04
 .88836130E+03  .47414690E+03  .87299690E+06  .20741370E+07 -.11385220E+00  .43333800E+04
 .90472900E+03  .45792520E+03  .80309640E+06  .21818720E+07 -.10450380E+00  .42861720E+04
 .91974580E+03  .44210410E+03  .73559940E+06  .22787030E+07 -.95823620E-01  .42473950E+04
 .93350480E+03  .42670440E+03  .67044410E+06  .23647800E+07 -.87716190E-01  .42153910E+04
 .94608470E+03  .41174010E+03  .60756630E+06  .24400030E+07 -.80089790E-01  .41890590E+04
 .95755140E+03  .39721970E+03  .54689990E+06  .25039770E+07 -.72858330E-01  .41676340E+04
 .96795800E+03  .38314780E+03  .48837790E+06  .25559690E+07 -.65942700E-01  .41504590E+04
 .97734640E+03  .36952500E+03  .43193310E+06  .25948340E+07 -.59270360E-01  .41368030E+04
 .98574790E+03  .35634830E+03  .37749810E+06  .26189300E+07 -.52773920E-01  .41258080E+04
 .99318430E+03  .34361110E+03  .32500660E+06  .26260540E+07 -.46392720E-01  .41166170E+04
 .99966930E+03  .33130400E+03  .27439330E+06  .26134700E+07 -.40083940E-01  .41086270E+04
 .10052120E+04  .31941640E+03  .22559440E+06  .25779660E+07 -.33831860E-01  .41013680E+04
 .10098200E+04  .30793510E+03  .17854800E+06  .25159170E+07 -.27597380E-01  .40937050E+04
 .10134830E+04  .29684360E+03  .13319440E+06  .24240640E+07 -.21188800E-01  .40838270E+04
 .10161460E+04  .28612160E+03  .89476490E+05  .23019890E+07 -.14147990E-01  .40701240E+04
 .10176540E+04  .27574580E+03  .47340600E+05  .21557690E+07 -.56076140E-02  .40504830E+04
 .10176740E+04  .26568760E+03  .67368550E+04  .20024560E+07  .60465030E-02  .40210960E+04
 .40479710E+03  .68804250E+03  .21483700E+07  .23132930E+06 -.33710440E+00  .14192990E+05
 .38614520E+03  .69072270E+03  .21869750E+07  .22430020E+06 -.32865430E+00  .14584540E+05
 .36802470E+03  .69335920E+03  .22257300E+07  .21967030E+06 -.31822990E+00  .14782640E+05
 .35052890E+03  .69598630E+03  .22646310E+07  .21705940E+06 -.30643810E+00  .14804700E+05
 .33371960E+03  .69863370E+03  .23036810E+07  .21616280E+06 -.29378810E+00  .14671580E+05
 .31763350E+03  .70132850E+03  .23428790E+07  .21675830E+06 -.28066390E+00  .14399720E+05
 .30228890E+03  .70409790E+03  .23822310E+07  .21869570E+06 -.26733810E+00  .14000950E+05
 .28769170E+03  .70697110E+03  .24217400E+07  .22187970E+06 -.25400440E+00  .13486590E+05
 .27383790E+03  .70998030E+03  .24614140E+07  .22624870E+06 -.24080860E+00  .12871700E+05
 .26071630E+03  .71316130E+03  .25012610E+07  .23175640E+06 -.22786900E+00  .12177100E+05
 .24830990E+03  .71655320E+03  .25412920E+07  .23835530E+06 -.21528650E+00  .11428320E+05
 .23659600E+03  .72019810E+03  .25815200E+07  .24598330E+06 -.20314540E+00  .10652640E+05
 .22547170E+03  .72414920E+03  .26219140E+07  .25387570E+06 -.19144820E+00  .96967390E+04
 .21510080E+03  .72851510E+03  .26625870E+07  .26193640E+06 -.17913780E+00  .89550550E+04
 .21510080E+03  .72851510E+03  .26625870E+07  .26193640E+06 -.17913780E+00  .89550550E+04
 .19501870E+03  .73923600E+03  .27506320E+07  .28147610E+06 -.15628330E+00  .75564640E+04
 .17744890E+03  .75210820E+03  .28400890E+07  .30371470E+06 -.13703900E+00  .64206370E+04
 .16203070E+03  .76743830E+03  .29312360E+07  .32759540E+06 -.12028440E+00  .55342590E+04
 .14850160E+03  .78545120E+03  .30243820E+07  .35215630E+06 -.10552150E+00  .48553730E+04
 .13662820E+03  .80631380E+03  .31198590E+07  .37718810E+06 -.92690770E-01  .43316170E+04
 .12618030E+03  .83017300E+03  .32180170E+07  .40297950E+06 -.81739490E-01  .39218090E+04
 .11694460E+03  .85714960E+03  .33192250E+07  .42975720E+06 -.72437560E-01  .36013330E+04
 .10874220E+03  .88729640E+03  .34238600E+07  .45746490E+06 -.64464800E-01  .33563170E+04
 .10143100E+03  .92056350E+03  .35323010E+07  .48586590E+06 -.57546820E-01  .31755830E+04
 .94895790E+02  .95681600E+03  .36449150E+07  .51473260E+06 -.51511100E-01  .30462790E+04
 .89037010E+02  .99589620E+03  .37620500E+07  .54395150E+06 -.46259880E-01  .29545950E+04
 .83764970E+02  .10376810E+04  .38840380E+07  .57352050E+06 -.41719870E-01  .28884460E+04
 .78998840E+02  .10821060E+04  .40111990E+07  .60350380E+06 -.37814640E-01  .28390100E+04
 .74667340E+02  .11291630E+04  .41438490E+07  .63399830E+06 -.34462100E-01  .28005890E+04
 .10000000E+02  .28000000E+02  .00000000E+00  .14000000E+02  .15000000E+02  .68508650E+04
 .40736060E+03  .68926610E+03  .21498470E+07  .23682140E+06 -.33544490E+00  .13772370E+05
 .42631120E+03  .68641420E+03  .21113280E+07  .24691450E+06 -.34089150E+00  .13216900E+05
 .44548430E+03  .68343440E+03  .20729710E+07  .26026330E+06 -.34334160E+00  .12511630E+05
 .46470650E+03  .68028200E+03  .20347860E+07  .27722060E+06 -.34264350E+00  .11712640E+05
 .48380500E+03  .67691720E+03  .19967840E+07  .29803560E+06 -.33898680E+00  .10886200E+05
 .50262670E+03  .67330930E+03  .19589760E+07  .32283790E+06 -.33285480E+00  .10089860E+05
 .52105060E+03  .66943900E+03  .19213780E+07  .35164730E+06 -.32489370E+00  .93613770E+04
 .53899300E+03  .66529970E+03  .18840040E+07  .38439330E+06 -.31575960E+00  .87184510E+04
 .55640410E+03  .66089540E+03  .18468690E+07  .42091530E+06 -.30599630E+00  .81647250E+04
 .57325960E+03  .65623990E+03  .18099880E+07  .46091290E+06 -.29595950E+00  .76968680E+04
 .57325960E+03  .65623990E+03  .18099880E+07  .46091290E+06 -.29595950E+00  .76968680E+04
 .61605890E+03  .64256340E+03  .17125520E+07  .63096830E+06 -.28613570E+00  .63806190E+04
 .65677240E+03  .62682530E+03  .16173510E+07  .70544510E+06 -.23422070E+00  .63796120E+04
 .69193880E+03  .61116240E+03  .15246930E+07  .90025460E+06 -.22954080E+00  .55944060E+04
 .72485700E+03  .59444290E+03  .14342650E+07  .10521890E+07 -.20954450E+00  .52444860E+04
 .75488180E+03  .57724990E+03  .13463840E+07  .12125500E+07 -.19110570E+00  .49924360E+04
 .78228780E+03  .55982550E+03  .12611010E+07  .13758550E+07 -.17463150E+00  .48053920E+04
 .80736160E+03  .54235190E+03  .11784380E+07  .15360150E+07 -.15996060E+00  .46620800E+04
 .83035030E+03  .52496470E+03  .10983920E+07  .16883380E+07 -.14677680E+00  .45497080E+04
 .85145500E+03  .50776650E+03  .10209400E+07  .18301570E+07 -.13480230E+00  .44604440E+04
 .87084140E+03  .49083620E+03  .94604810E+06  .19604630E+07 -.12383880E+00  .43889860E+04
 .88865020E+03  .47423340E+03  .87367230E+06  .20792200E+07 -.11374730E+00  .43313470E+04
 .90500370E+03  .45800180E+03  .80375950E+06  .21867570E+07 -.10441820E+00  .42844180E+04
 .92000890E+03  .44217200E+03  .73625160E+06  .22834040E+07 -.95753380E-01  .42458560E+04
 .93375820E+03  .42676480E+03  .67108680E+06  .23693160E+07 -.87658640E-01  .42140170E+04
 .94633040E+03  .41179370E+03  .60820040E+06  .24443900E+07 -.80043100E-01  .41878070E+04
 .95779080E+03  .39726740E+03  .54752640E+06  .25082320E+07 -.72821350E-01  .41664720E+04
 .96819260E+03  .38319000E+03  .48899770E+06  .25601030E+07 -.65914820E-01  .41493570E+04
 .97757750E+03  .36956220E+03  .43254690E+06  .25988550E+07 -.59251530E-01  .41357370E+04
 .98597680E+03  .35638080E+03  .37810670E+06  .26228350E+07 -.52764620E-01  .41247560E+04
 .99341260E+03  .34363930E+03  .32561070E+06  .26298300E+07 -.46394050E-01  .41155590E+04
 .99989870E+03  .33132810E+03  .27499340E+06  .26170910E+07 -.40097710E-01  .41075480E+04
 .10054450E+04  .31943650E+03  .22619120E+06  .25813950E+07 -.33860870E-01  .41002580E+04
 .10100580E+04  .30795140E+03  .17914220E+06  .25191070E+07 -.27645770E-01  .40925370E+04
 .10137310E+04  .29685600E+03  .13378630E+06  .24269770E+07 -.21261860E-01  .40825230E+04
 .10164060E+04  .28612990E+03  .90066880E+05  .23046230E+07 -.14250550E-01  .40685280E+04
 .10179320E+04  .27574910E+03  .47930110E+05  .21582160E+07 -.57398850E-02  .40482950E+04
 .10179740E+04  .26568410E+03  .73263490E+04  .20050310E+07  .59001520E-02  .40177440E+04
 .40736060E+03  .68926610E+03  .21498470E+07  .23682140E+06 -.33544490E+00  .13772370E+05
 .38878930E+03  .69203360E+03  .21885240E+07  .22957060E+06 -.32743370E+00  .14147830E+05
 .37072510E+03  .69475680E+03  .22273540E+07  .22474270E+06 -.31743670E+00  .14341000E+05
 .35326250E+03  .69747020E+03  .22663370E+07  .22195980E+06 -.30604010E+00  .14367120E+05
 .33646530E+03  .70020340E+03  .23054710E+07  .22091540E+06 -.29374590E+00  .14245750E+05
 .32037250E+03  .70298410E+03  .23447600E+07  .22138170E+06 -.28093760E+00  .13992980E+05
 .30500470E+03  .70583940E+03  .23842070E+07  .22320260E+06 -.26789070E+00  .13620440E+05
 .29036950E+03  .70879830E+03  .24238160E+07  .22627630E+06 -.25480070E+00  .13138680E+05
 .27646510E+03  .71189280E+03  .24635950E+07  .23053580E+06 -.24181340E+00  .12561110E+05
 .26328230E+03  .71515820E+03  .25035510E+07  .23592920E+06 -.22904560E+00  .11906190E+05
 .25080600E+03  .71863360E+03  .25436960E+07  .24240290E+06 -.21659590E+00  .11196970E+05
 .23901610E+03  .72236090E+03  .25840430E+07  .24988690E+06 -.20454680E+00  .10458660E+05
 .22781920E+03  .72639270E+03  .26245610E+07  .25730300E+06 -.19269990E+00  .95840050E+04
 .21737730E+03  .73082210E+03  .26653610E+07  .26519880E+06 -.18042240E+00  .88581050E+04
 .21737730E+03  .73082210E+03  .26653610E+07  .26519880E+06 -.18042240E+00  .88581050E+04
 .19713890E+03  .74168520E+03  .27536920E+07  .28452200E+06 -.15759100E+00  .74887500E+04
 .17941500E+03  .75470250E+03  .28434520E+07  .30662400E+06 -.13828440E+00  .63779910E+04
 .16385450E+03  .77016930E+03  .29349190E+07  .33035110E+06 -.12140440E+00  .55111880E+04
 .15019910E+03  .78830290E+03  .30283990E+07  .35474490E+06 -.10650970E+00  .48447980E+04
 .13821370E+03  .80927290E+03  .31242250E+07  .37964580E+06 -.93574250E-01  .43275970E+04
 .12766480E+03  .83323240E+03  .32227450E+07  .40536270E+06 -.82542810E-01  .39210470E+04
 .11833690E+03  .86030610E+03  .33243250E+07  .43210890E+06 -.73171670E-01  .36025870E+04
 .11005040E+03  .89054520E+03  .34293450E+07  .45980680E+06 -.65132660E-01  .33592040E+04
 .10266300E+03  .92389670E+03  .35381810E+07  .48820620E+06 -.58151020E-01  .31797930E+04
 .96058800E+02  .96022450E+03  .36511990E+07  .51707560E+06 -.52056900E-01  .30513620E+04
 .90137660E+02  .99937300E+03  .37687470E+07  .54630260E+06 -.46754430E-01  .29600570E+04
 .84808980E+02  .10412230E+04  .38911570E+07  .57588590E+06 -.42170550E-01  .28938830E+04
 .79991070E+02  .10857160E+04  .40187470E+07  .60589000E+06 -.38228050E-01  .28441580E+04
 .75611920E+02  .11328460E+04  .41518340E+07  .63641160E+06 -.34843810E-01  .28053030E+04
 .10000000E+02  .28000000E+02  .00000000E+00  .14000000E+02  .15000000E+02  .68508650E+04
 .40986500E+03  .69046860E+03  .21513160E+07  .24236570E+06 -.33381870E+00  .13383130E+05
 .42871330E+03  .68753000E+03  .21127310E+07  .25268480E+06 -.33887040E+00  .12854620E+05
 .44776360E+03  .68446360E+03  .20743150E+07  .26625730E+06 -.34098980E+00  .12187370E+05
 .46684700E+03  .68122600E+03  .20360740E+07  .28341940E+06 -.34005940E+00  .11433890E+05
 .48579700E+03  .67777910E+03  .19980210E+07  .30440550E+06 -.33628560E+00  .10655110E+05
 .50446670E+03  .67409370E+03  .19601680E+07  .32933620E+06 -.33014770E+00  .99035780E+04
 .52274110E+03  .67015190E+03  .19225270E+07  .35823080E+06 -.32227150E+00  .92139280E+04
 .54054050E+03  .66594740E+03  .18851150E+07  .39102700E+06 -.31328700E+00  .86027150E+04
 .55781840E+03  .66148480E+03  .18479460E+07  .42757970E+06 -.30371380E+00  .80738000E+04
 .57455190E+03  .65677710E+03  .18110340E+07  .46761150E+06 -.29389140E+00  .76247050E+04
 .57455190E+03  .65677710E+03  .18110340E+07  .46761150E+06 -.29389140E+00  .76247050E+04
 .61700740E+03  .64301290E+03  .17135250E+07  .63415530E+06 -.28341840E+00  .63697310E+04
 .65761650E+03  .62715110E+03  .16182640E+07  .71627340E+06 -.23476090E+00  .63070680E+04
 .69260270E+03  .61144930E+03  .15255600E+07  .90734830E+06 -.22882460E+00  .55786770E+04
 .72542550E+03  .59468170E+03  .14350920E+07  .10587210E+07 -.20898190E+00  .52334540E+04
 .75537540E+03  .57745070E+03  .13471780E+07  .12187740E+07 -.19066520E+00  .49845320E+04
 .78272300E+03  .55999650E+03  .12618680E+07  .13818870E+07 -.17428940E+00  .47995530E+04
 .80775150E+03  .54249900E+03  .11791810E+07  .15418810E+07 -.15969580E+00  .46576140E+04
 .83070510E+03  .52509220E+03  .10991140E+07  .16940260E+07 -.14657080E+00  .45461790E+04
 .85178230E+03  .50787800E+03  .10216440E+07  .18356450E+07 -.13464030E+00  .44575750E+04
 .87114700E+03  .49093410E+03  .94673690E+06  .19657430E+07 -.12370970E+00  .43866000E+04
 .88893840E+03  .47431980E+03  .87434730E+06  .20842910E+07 -.11364300E+00  .43293240E+04
 .90527780E+03  .45807820E+03  .80442240E+06  .21916300E+07 -.10433310E+00  .42826720E+04
 .92027140E+03  .44223980E+03  .73690370E+06  .22880940E+07 -.95683570E-01  .42443230E+04
 .93401120E+03  .42682500E+03  .67172920E+06  .23738410E+07 -.87601420E-01  .42126460E+04
 .94657560E+03  .41184740E+03  .60883430E+06  .24487670E+07 -.79996680E-01  .41865590E+04
 .95802980E+03  .39731500E+03  .54815280E+06  .25124770E+07 -.72784570E-01  .41653130E+04
 .96842680E+03  .38323210E+03  .48961730E+06  .25642280E+07 -.65887110E-01  .41482590E+04
 .97780810E+03  .36959940E+03  .43316060E+06  .26028660E+07 -.59232820E-01  .41346750E+04
 .98620540E+03  .35641340E+03  .37871520E+06  .26267300E+07 -.52755420E-01  .41237070E+04
 .99364060E+03  .34366750E+03  .32621460E+06  .26335980E+07 -.46395460E-01  .41145040E+04
 .10001280E+04  .33135220E+03  .27559340E+06  .26207050E+07 -.40111550E-01  .41064740E+04
 .10056770E+04  .31945650E+03  .22678790E+06  .25848160E+07 -.33889930E-01  .40991540E+04
 .10102960E+04  .30796760E+03  .17973610E+06  .25222920E+07 -.27694190E-01  .40913750E+04
 .10139780E+04  .29686840E+03  .13437820E+06  .24298890E+07 -.21334930E-01  .40812270E+04
 .10166660E+04  .28613820E+03  .90657120E+05  .23072600E+07 -.14353070E-01  .40669420E+04
 .10182100E+04  .27575240E+03  .48519460E+05  .21606790E+07 -.58719200E-02  .40461180E+04
 .10182730E+04  .26568080E+03  .79156680E+04  .20076430E+07  .57546180E-02  .40144000E+04
 .40986500E+03  .69046860E+03  .21513160E+07  .24236570E+06 -.33381870E+00  .13383130E+05
 .39137310E+03  .69332240E+03  .21900620E+07  .23490110E+06 -.32622700E+00  .13743380E+05
 .37336480E+03  .69613110E+03  .22289670E+07  .22988050E+06 -.31664080E+00  .13931540E+05
 .35593590E+03  .69892950E+03  .22680290E+07  .22692920E+06 -.30562590E+00  .13960860E+05
 .33915210E+03  .70174770E+03  .23072470E+07  .22573830E+06 -.29367590E+00  .13849670E+05
 .32305450E+03  .70461340E+03  .23466250E+07  .22607500E+06 -.28117380E+00  .13613630E+05
 .30766570E+03  .70755380E+03  .23861650E+07  .22777660E+06 -.26839720E+00  .13264280E+05
 .29299540E+03  .71059780E+03  .24258730E+07  .23073480E+06 -.25554340E+00  .12811580E+05
 .27904350E+03  .71377710E+03  .24657550E+07  .23487640E+06 -.24275840E+00  .12267620E+05
 .26580300E+03  .71712680E+03  .25058190E+07  .24014340E+06 -.23015730E+00  .11648880E+05
 .25326070E+03  .72068540E+03  .25460770E+07  .24647550E+06 -.21783670E+00  .10976210E+05
 .24139850E+03  .72449490E+03  .25865410E+07  .25379510E+06 -.20587680E+00  .10272900E+05
 .23013570E+03  .72860470E+03  .26271810E+07  .26073310E+06 -.19388820E+00  .94746780E+04
 .21962590E+03  .73309730E+03  .26681070E+07  .26846430E+06 -.18165470E+00  .87637710E+04
 .21962590E+03  .73309730E+03  .26681070E+07  .26846430E+06 -.18165470E+00  .87637710E+04
 .19923650E+03  .74410230E+03  .27567190E+07  .28757160E+06 -.15886150E+00  .74227630E+04
 .18136260E+03  .75726350E+03  .28467780E+07  .30953080E+06 -.13949880E+00  .63366580E+04
 .16566330E+03  .77286480E+03  .29385600E+07  .33309580E+06 -.12249810E+00  .54889990E+04
 .15188440E+03  .79111690E+03  .30323720E+07  .35731860E+06 -.10747750E+00  .48346590E+04
 .13978910E+03  .81219230E+03  .31285410E+07  .38208910E+06 -.94442890E-01  .43237110E+04
 .12914070E+03  .83625070E+03  .32274170E+07  .40773300E+06 -.83335300E-01  .39202890E+04
 .11972170E+03  .86342020E+03  .33293660E+07  .43444840E+06 -.73897380E-01  .36038110E+04
 .11135200E+03  .89375040E+03  .34347650E+07  .46213610E+06 -.65793660E-01  .33620550E+04
 .10388900E+03  .92718470E+03  .35439900E+07  .49053280E+06 -.58749480E-01  .31839610E+04
 .97216560E+02  .96358650E+03  .36574080E+07  .51940380E+06 -.52597880E-01  .30563910E+04
 .91233610E+02  .10028020E+04  .37753640E+07  .54863760E+06 -.47244940E-01  .29654520E+04
 .85848730E+02  .10447170E+04  .38981880E+07  .57823420E+06 -.42617820E-01  .28992460E+04
 .80979420E+02  .10892750E+04  .40262010E+07  .60825790E+06 -.38638540E-01  .28492300E+04
 .76552930E+02  .11364770E+04  .41597200E+07  .63880540E+06 -.35223000E-01  .28099420E+04
 .10000000E+02  .28000000E+02  .00000000E+00  .14000000E+02  .15000000E+02  .68508650E+04
 .41231250E+03  .69165090E+03  .21527750E+07  .24795820E+06 -.33222670E+00  .13021860E+05
 .43106090E+03  .68862700E+03  .21141270E+07  .25849400E+06 -.33690330E+00  .12518400E+05
 .44999190E+03  .68547550E+03  .20756510E+07  .27227950E+06 -.33871060E+00  .11886160E+05
 .46894110E+03  .68215450E+03  .20373570E+07  .28963470E+06 -.33756200E+00  .11174360E+05
 .48774770E+03  .67862740E+03  .19992540E+07  .31078020E+06 -.33367880E+00  .10439150E+05
 .50627090E+03  .67486620E+03  .19613550E+07  .33582860E+06 -.32753540E+00  .97286880E+04
 .52440080E+03  .67085440E+03  .19236730E+07  .36479910E+06 -.31973890E+00  .90747840E+04
 .54206210E+03  .66658650E+03  .18862240E+07  .39763710E+06 -.31089430E+00  .84929350E+04
 .55921080E+03  .66206680E+03  .18490200E+07  .43421310E+06 -.30149980E+00  .79871400E+04
 .57582600E+03  .65730820E+03  .18120770E+07  .47427180E+06 -.29187960E+00  .75556400E+04
 .57582600E+03  .65730820E+03  .18120770E+07  .47427180E+06 -.29187960E+00  .75556400E+04
 .61795130E+03  .64345670E+03  .17144970E+07  .63708180E+06 -.28064760E+00  .63619700E+04
 .65844790E+03  .62747670E+03  .16191760E+07  .72722010E+06 -.23534130E+00  .62355680E+04
 .69326140E+03  .61173490E+03  .15264260E+07  .91445030E+06 -.22812320E+00  .55632130E+04
 .72599050E+03  .59491940E+03  .14359190E+07  .10652480E+07 -.20842770E+00  .52225730E+04
 .75586650E+03  .57765090E+03  .13479720E+07  .12249900E+07 -.19022970E+00  .49767210E+04
 .78315630E+03  .56016690E+03  .12626350E+07  .13879090E+07 -.17395070E+00  .47937720E+04
 .80814000E+03  .54264560E+03  .11799240E+07  .15477360E+07 -.15943330E+00  .46531870E+04
 .83105870E+03  .52521950E+03  .10998360E+07  .16997010E+07 -.14636650E+00  .45426760E+04
 .85210870E+03  .50798920E+03  .10223480E+07  .18411230E+07 -.13447960E+00  .44547240E+04
 .87145190E+03  .49103180E+03  .94742560E+06  .19710110E+07 -.12358150E+00  .43842260E+04
 .88922600E+03  .47440600E+03  .87502220E+06  .20893510E+07 -.11353940E+00  .43273100E+04
 .90555130E+03  .45815460E+03  .80508500E+06  .21964920E+07 -.10424850E+00  .42809330E+04
 .92053330E+03  .44230760E+03  .73755560E+06  .22927740E+07 -.95614170E-01  .42427960E+04
 .93426370E+03  .42688530E+03  .67237150E+06  .23783550E+07 -.87544530E-01  .42112810E+04
 .94682040E+03  .41190090E+03  .60946810E+06  .24531340E+07 -.79950500E-01  .41853150E+04
 .95826840E+03  .39736250E+03  .54877890E+06  .25167110E+07 -.72747990E-01  .41641570E+04
 .96866050E+03  .38327430E+03  .49023680E+06  .25683430E+07 -.65859560E-01  .41471640E+04
 .97803850E+03  .36963650E+03  .43377410E+06  .26068670E+07 -.59214250E-01  .41336150E+04
 .98643370E+03  .35644590E+03  .37932350E+06  .26306160E+07 -.52746320E-01  .41226610E+04
 .99386820E+03  .34369560E+03  .32681830E+06  .26373560E+07 -.46396950E-01  .41134530E+04
 .10003570E+04  .33137630E+03  .27619330E+06  .26243100E+07 -.40125450E-01  .41054030E+04
 .10059090E+04  .31947670E+03  .22738450E+06  .25882300E+07 -.33919040E-01  .40980540E+04
 .10105340E+04  .30798390E+03  .18032990E+06  .25254720E+07 -.27742660E-01  .40902200E+04
 .10142240E+04  .29688090E+03  .13496980E+06  .24327980E+07 -.21408020E-01  .40799400E+04
 .10169260E+04  .28614650E+03  .91247210E+05  .23099020E+07 -.14455540E-01  .40653650E+04
 .10184870E+04  .27575590E+03  .49108650E+05  .21631560E+07 -.60037060E-02  .40439510E+04
 .10185710E+04  .26567750E+03  .85048140E+04  .20102930E+07  .56099360E-02  .40110630E+04
 .41231250E+03  .69165090E+03  .21527750E+07  .24795820E+06 -.33222670E+00  .13021860E+05
 .39389860E+03  .69458970E+03  .21915900E+07  .24028680E+06 -.32503590E+00  .13367710E+05
 .37594590E+03  .69748290E+03  .22305680E+07  .23507860E+06 -.31584440E+00  .13550830E+05
 .35855110E+03  .70036540E+03  .22697080E+07  .23196170E+06 -.30519790E+00  .13582660E+05
 .34178170E+03  .70326760E+03  .23090100E+07  .23062530E+06 -.29358070E+00  .13480320E+05
 .32568100E+03  .70621740E+03  .23484750E+07  .23083130E+06 -.28137480E+00  .13259070E+05
 .31027350E+03  .70924220E+03  .23881070E+07  .23241030E+06 -.26885960E+00  .12930330E+05
 .29557070E+03  .71237070E+03  .24279120E+07  .23524710E+06 -.25623430E+00  .12503650E+05
 .28157460E+03  .71563420E+03  .24678950E+07  .23926170E+06 -.24364480E+00  .11990090E+05
 .26827970E+03  .71906770E+03  .25080660E+07  .24438960E+06 -.23120500E+00  .11404430E+05
 .25567500E+03  .72270940E+03  .25484350E+07  .25056370E+06 -.21900910E+00  .10765590E+05
 .24374470E+03  .72660060E+03  .25890140E+07  .25769900E+06 -.20713540E+00  .10095100E+05
 .23242190E+03  .73078590E+03  .26297760E+07  .26416450E+06 -.19501590E+00  .93684930E+04
 .22184740E+03  .73534150E+03  .26708260E+07  .27173220E+06 -.18283700E+00  .86718700E+04
 .22184740E+03  .73534150E+03  .26708260E+07  .27173220E+06 -.18283700E+00  .86718700E+04
 .20131190E+03  .74648790E+03  .27597150E+07  .29062430E+06 -.16009590E+00  .73584320E+04
 .18329190E+03  .75979200E+03  .28500690E+07  .31243460E+06 -.14068300E+00  .62965970E+04
 .16745720E+03  .77552580E+03  .29421630E+07  .33582920E+06 -.12356590E+00  .54676490E+04
 .15355760E+03  .79389400E+03  .30363010E+07  .35987750E+06 -.10842530E+00  .48249220E+04
 .14135440E+03  .81507290E+03  .31328100E+07  .38451850E+06 -.95297120E-01  .43199430E+04
 .13060800E+03  .83922910E+03  .32320370E+07  .41009110E+06 -.84117230E-01  .39195270E+04
 .12109910E+03  .86649320E+03  .33343490E+07  .43677640E+06 -.74614880E-01  .36050030E+04
 .11264710E+03  .89691310E+03  .34401220E+07  .46445340E+06 -.66447920E-01  .33648720E+04
 .10510930E+03  .93042900E+03  .35497320E+07  .49284640E+06 -.59342280E-01  .31880880E+04
 .98369160E+02  .96690330E+03  .36635430E+07  .52171770E+06 -.53134100E-01  .30613650E+04
 .92324930E+02  .10061850E+04  .37819010E+07  .55095720E+06 -.47731470E-01  .29707810E+04
 .86884280E+02  .10481630E+04  .39051350E+07  .58056590E+06 -.43061730E-01  .29045370E+04
 .81963940E+02  .10927870E+04  .40335660E+07  .61060830E+06 -.39046150E-01  .28542280E+04
 .77490450E+02  .11400590E+04  .41675100E+07  .64118050E+06 -.35599730E-01  .28145070E+04
 .10000000E+02  .28000000E+02  .00000000E+00  .14000000E+02  .15000000E+02  .68508650E+04
 .41470520E+03  .69281390E+03  .21542260E+07  .25359500E+06 -.33066940E+00  .12685580E+05
 .43335620E+03  .68970600E+03  .21155150E+07  .26433910E+06 -.33498960E+00  .12205470E+05
 .45217150E+03  .68647100E+03  .20769810E+07  .27832740E+06 -.33650190E+00  .11605560E+05
 .47099070E+03  .68306820E+03  .20386330E+07  .29586490E+06 -.33514800E+00  .10932050E+05
 .48965880E+03  .67946250E+03  .20004810E+07  .31715910E+06 -.33116220E+00  .10236830E+05
 .50804040E+03  .67562730E+03  .19625380E+07  .34231530E+06 -.32501370E+00  .95641200E+04
 .52603090E+03  .67154720E+03  .19248160E+07  .37135270E+06 -.31729150E+00  .89432150E+04
 .54355870E+03  .66721720E+03  .18873290E+07  .40422470E+06 -.30857820E+00  .83886230E+04
 .56058220E+03  .66264180E+03  .18500920E+07  .44081680E+06 -.29935140E+00  .79044250E+04
 .57708230E+03  .65783350E+03  .18131180E+07  .48089540E+06 -.28992180E+00  .74894600E+04
 .57708230E+03  .65783350E+03  .18131180E+07  .48089540E+06 -.28992180E+00  .74894600E+04
 .61889110E+03  .64389480E+03  .17154670E+07  .63976990E+06 -.27782860E+00  .63571770E+04
 .65926670E+03  .62780240E+03  .16200860E+07  .73824830E+06 -.23594590E+00  .61654950E+04
 .69391500E+03  .61201890E+03  .15272910E+07  .92156150E+06 -.22743620E+00  .55480050E+04
 .72655200E+03  .59515630E+03  .14367450E+07  .10717720E+07 -.20788170E+00  .52118400E+04
 .75635500E+03  .57785030E+03  .13487660E+07  .12311970E+07 -.18979920E+00  .49689990E+04
 .78358760E+03  .56033680E+03  .12634000E+07  .13939200E+07 -.17361520E+00  .47880500E+04
 .80852690E+03  .54279190E+03  .11806660E+07  .15535790E+07 -.15917310E+00  .46487980E+04
 .83141110E+03  .52534660E+03  .11005580E+07  .17053650E+07 -.14616380E+00  .45391980E+04
 .85243410E+03  .50810020E+03  .10230520E+07  .18465880E+07 -.13432000E+00  .44518910E+04
 .87175590E+03  .49112940E+03  .94811400E+06  .19762680E+07 -.12345420E+00  .43818650E+04
 .88951280E+03  .47449210E+03  .87569680E+06  .20944000E+07 -.11343650E+00  .43253050E+04
 .90582410E+03  .45823080E+03  .80574750E+06  .22013420E+07 -.10416450E+00  .42792010E+04
 .92079470E+03  .44237520E+03  .73820730E+06  .22974420E+07 -.95545200E-01  .42412740E+04
 .93451570E+03  .42694540E+03  .67301360E+06  .23828580E+07 -.87487970E-01  .42099200E+04
 .94706480E+03  .41195430E+03  .61010170E+06  .24574890E+07 -.79904590E-01  .41840760E+04
 .95850670E+03  .39741000E+03  .54940500E+06  .25209350E+07 -.72711610E-01  .41630050E+04
 .96889400E+03  .38331640E+03  .49085620E+06  .25724470E+07 -.65832150E-01  .41460720E+04
 .97826840E+03  .36967360E+03  .43438750E+06  .26108580E+07 -.59195790E-01  .41325590E+04
 .98666160E+03  .35647850E+03  .37993170E+06  .26344930E+07 -.52737310E-01  .41216190E+04
 .99409560E+03  .34372380E+03  .32742200E+06  .26411060E+07 -.46398510E-01  .41124050E+04
 .10005850E+04  .33140030E+03  .27679300E+06  .26279080E+07 -.40139410E-01  .41043370E+04
 .10061410E+04  .31949680E+03  .22798090E+06  .25916380E+07 -.33948200E-01  .40969600E+04
 .10107710E+04  .30800020E+03  .18092360E+06  .25286460E+07 -.27791160E-01  .40890710E+04
 .10144710E+04  .29689340E+03  .13556130E+06  .24357040E+07 -.21481120E-01  .40786600E+04
 .10171860E+04  .28615490E+03  .91837150E+05  .23125470E+07 -.14557950E-01  .40637990E+04
 .10187650E+04  .27575940E+03  .49697680E+05  .21656480E+07 -.61352280E-02  .40417950E+04
 .10188700E+04  .26567430E+03  .90937890E+04  .20129800E+07  .54661370E-02  .40077340E+04
 .41470520E+03  .69281390E+03  .21542260E+07  .25359500E+06 -.33066940E+00  .12685580E+05
 .39636780E+03  .69583650E+03  .21931090E+07  .24572350E+06 -.32386170E+00  .13017800E+05
 .37847020E+03  .69881300E+03  .22321590E+07  .24033200E+06 -.31504960E+00  .13195900E+05
 .36110980E+03  .70177860E+03  .22713760E+07  .23705180E+06 -.30475810E+00  .13229680E+05
 .34435590E+03  .70476390E+03  .23107590E+07  .23557020E+06 -.29346240E+00  .13135100E+05
 .32825360E+03  .70779710E+03  .23503100E+07  .23564380E+06 -.28154270E+00  .12927000E+05
 .31282950E+03  .71090550E+03  .23900330E+07  .23709620E+06 -.26927990E+00  .12616680E+05
 .29809690E+03  .71411770E+03  .24299330E+07  .23980510E+06 -.25687490E+00  .12213430E+05
 .28405940E+03  .71746500E+03  .24700170E+07  .24368310E+06 -.24447380E+00  .11727450E+05
 .27071360E+03  .72098180E+03  .25102930E+07  .24865900E+06 -.23218950E+00  .11172130E+05
 .25805030E+03  .72470610E+03  .25507710E+07  .25465880E+06 -.22011380E+00  .10564680E+05
 .24605550E+03  .72867880E+03  .25914640E+07  .26159020E+06 -.20832300E+00  .99250180E+04
 .23467860E+03  .73293710E+03  .26323450E+07  .26759620E+06 -.19608590E+00  .92652150E+04
 .22404220E+03  .73755550E+03  .26735170E+07  .27500190E+06 -.18397140E+00  .85822410E+04
 .22404220E+03  .73755550E+03  .26735170E+07  .27500190E+06 -.18397140E+00  .85822410E+04
 .20336560E+03  .74884300E+03  .27626810E+07  .29367960E+06 -.16129510E+00  .72956920E+04
 .18520350E+03  .76228880E+03  .28533250E+07  .31533440E+06 -.14183730E+00  .62577680E+04
 .16923660E+03  .77815280E+03  .29457270E+07  .33855090E+06 -.12460850E+00  .54471010E+04
 .15521890E+03  .79663510E+03  .30401870E+07  .36242190E+06 -.10935370E+00  .48155600E+04
 .14290990E+03  .81791580E+03  .31370310E+07  .38693460E+06 -.96137350E-01  .43162760E+04
 .13206690E+03  .84216840E+03  .32366060E+07  .41243770E+06 -.84888880E-01  .39187580E+04
 .12246920E+03  .86952610E+03  .33392760E+07  .43909350E+06 -.75324330E-01  .36061640E+04
 .11393580E+03  .90003450E+03  .34454180E+07  .46675940E+06 -.67095540E-01  .33676540E+04
 .10632390E+03  .93363070E+03  .35554080E+07  .49514750E+06 -.59929500E-01  .31921730E+04
 .99516690E+02  .97017610E+03  .36696070E+07  .52401790E+06 -.53665650E-01  .30662850E+04
 .93411670E+02  .10095220E+04  .37883620E+07  .55326200E+06 -.48214060E-01  .29760460E+04
 .87915700E+02  .10515620E+04  .39120000E+07  .58288180E+06 -.43502300E-01  .29097570E+04
 .82944690E+02  .10962500E+04  .40408430E+07  .61294170E+06 -.39450940E-01  .28591520E+04
 .78424500E+02  .11435920E+04  .41752070E+07  .64353760E+06 -.35974010E-01  .28190000E+04
 .10000000E+02  .28000000E+02  .00000000E+00  .14000000E+02  .15000000E+02  .68508650E+04
 .41704510E+03  .69395840E+03  .21556690E+07  .25927240E+06 -.32914700E+00  .12371750E+05
 .43560120E+03  .69076780E+03  .21168960E+07  .27021690E+06 -.33312840E+00  .11913450E+05
 .45430400E+03  .68745070E+03  .20783050E+07  .28439880E+06 -.33436160E+00  .11343460E+05
 .47299760E+03  .68396770E+03  .20399050E+07  .30210850E+06 -.33281430E+00  .10705240E+05
 .49153180E+03  .68028500E+03  .20017040E+07  .32354150E+06 -.32873190E+00  .10046830E+05
 .50977680E+03  .67637740E+03  .19637170E+07  .34879610E+06 -.32257840E+00  .94089290E+04
 .52763260E+03  .67223050E+03  .19259550E+07  .37789210E+06 -.31492560E+00  .88185720E+04
 .54503110E+03  .66783990E+03  .18884320E+07  .41079060E+06 -.30633490E+00  .82893490E+04
 .56193320E+03  .66321000E+03  .18511610E+07  .44739200E+06 -.29726560E+00  .78253680E+04
 .57832150E+03  .65835300E+03  .18141560E+07  .48748380E+06 -.28801580E+00  .74259720E+04
 .57832150E+03  .65835300E+03  .18141560E+07  .48748380E+06 -.28801580E+00  .74259720E+04
 .61982710E+03  .64432710E+03  .17164360E+07  .64224160E+06 -.27496710E+00  .63552050E+04
 .66007340E+03  .62812820E+03  .16209960E+07  .74933160E+06 -.23656340E+00  .60970860E+04
 .69456350E+03  .61230170E+03  .15281550E+07  .92868230E+06 -.22676350E+00  .55330430E+04
 .72711010E+03  .59539200E+03  .14375710E+07  .10782930E+07 -.20734390E+00  .52012490E+04
 .75684110E+03  .57804900E+03  .13495590E+07  .12373940E+07 -.18937370E+00  .49613660E+04
 .78401720E+03  .56050620E+03  .12641660E+07  .13999200E+07 -.17328300E+00  .47823830E+04
 .80891240E+03  .54293780E+03  .11814080E+07  .15594110E+07 -.15891510E+00  .46444460E+04
 .83176230E+03  .52547330E+03  .11012790E+07  .17110170E+07 -.14596270E+00  .45357460E+04
 .85275860E+03  .50821100E+03  .10237560E+07  .18520420E+07 -.13416160E+00  .44490760E+04
 .87205910E+03  .49122670E+03  .94880210E+06  .19815130E+07 -.12332780E+00  .43795170E+04
 .88979890E+03  .47457800E+03  .87637130E+06  .20994370E+07 -.11333430E+00  .43233090E+04
 .90609640E+03  .45830690E+03  .80640980E+06  .22061820E+07 -.10408100E+00  .42774760E+04
 .92105570E+03  .44244280E+03  .73885880E+06  .23020990E+07 -.95476620E-01  .42397580E+04
 .93476730E+03  .42700550E+03  .67365560E+06  .23873500E+07 -.87431720E-01  .42085630E+04
 .94730870E+03  .41200780E+03  .61073520E+06  .24618350E+07 -.79858920E-01  .41828390E+04
 .95874440E+03  .39745750E+03  .55003090E+06  .25251490E+07 -.72675430E-01  .41618560E+04
 .96912700E+03  .38335840E+03  .49147530E+06  .25765420E+07 -.65804910E-01  .41449830E+04
 .97849800E+03  .36971080E+03  .43500080E+06  .26148410E+07 -.59177450E-01  .41315050E+04
 .98688920E+03  .35651090E+03  .38053970E+06  .26383610E+07 -.52728400E-01  .41205790E+04
 .99432260E+03  .34375200E+03  .32802550E+06  .26448470E+07 -.46400140E-01  .41113610E+04
 .10008130E+04  .33142430E+03  .27739260E+06  .26314970E+07 -.40153430E-01  .41032750E+04
 .10063720E+04  .31951690E+03  .22857710E+06  .25950380E+07 -.33977410E-01  .40958700E+04
 .10110090E+04  .30801650E+03  .18151710E+06  .25318140E+07 -.27839700E-01  .40879280E+04
 .10147170E+04  .29690590E+03  .13615270E+06  .24386090E+07 -.21554230E-01  .40773880E+04
 .10174450E+04  .28616340E+03  .92426940E+05  .23151970E+07 -.14660300E-01  .40622410E+04
 .10190420E+04  .27576300E+03  .50286550E+05  .21681560E+07 -.62664720E-02  .40396480E+04
 .10191680E+04  .26567110E+03  .96825900E+04  .20157040E+07  .53232550E-02  .40044110E+04
 .41704510E+03  .69395840E+03  .21556690E+07  .25927240E+06 -.32914700E+00  .12371750E+05
 .39878270E+03  .69706370E+03  .21946180E+07  .25120670E+06 -.32270570E+00  .12691050E+05
 .38093960E+03  .70012250E+03  .22337390E+07  .24563570E+06 -.31425770E+00  .12864190E+05
 .36361390E+03  .70317010E+03  .22730310E+07  .24219400E+06 -.30430820E+00  .12899480E+05
 .34687630E+03  .70623760E+03  .23124950E+07  .24056690E+06 -.29332280E+00  .12811750E+05
 .33077390E+03  .70935320E+03  .23521310E+07  .24050580E+06 -.28167930E+00  .12615410E+05
 .31533520E+03  .71254440E+03  .23919440E+07  .24182720E+06 -.26965970E+00  .12321660E+05
 .30057530E+03  .71583980E+03  .24319380E+07  .24440100E+06 -.25746670E+00  .11939590E+05
 .28649950E+03  .71927030E+03  .24721200E+07  .24813250E+06 -.24524690E+00  .11478740E+05
 .27310600E+03  .72286980E+03  .25124990E+07  .25294340E+06 -.23311190E+00  .10951330E+05
 .26038760E+03  .72667610E+03  .25530850E+07  .25875260E+06 -.22115160E+00  .10373080E+05
 .24833240E+03  .73072990E+03  .25938910E+07  .26546160E+06 -.20944030E+00  .97623920E+04
 .23690650E+03  .73505870E+03  .26348890E+07  .27102730E+06 -.19710100E+00  .91646300E+04
 .22621120E+03  .73973990E+03  .26761820E+07  .27827300E+06 -.18506010E+00  .84947430E+04
 .22621120E+03  .73973990E+03  .26761820E+07  .27827300E+06 -.18506010E+00  .84947430E+04
 .20539810E+03  .75116820E+03  .27656160E+07  .29673690E+06 -.16246030E+00  .72344890E+04
 .18709750E+03  .76475450E+03  .28565490E+07  .31822970E+06 -.14296220E+00  .62201300E+04
 .17100180E+03  .78074680E+03  .29492540E+07  .34126060E+06 -.12562630E+00  .54273140E+04
 .15686870E+03  .79934090E+03  .30440320E+07  .36495210E+06 -.11026330E+00  .48065420E+04
 .14445580E+03  .82072190E+03  .31412070E+07  .38933790E+06 -.96963990E-01  .43126990E+04
 .13351760E+03  .84506980E+03  .32411240E+07  .41477320E+06 -.85650520E-01  .39179770E+04
 .12383200E+03  .87252000E+03  .33441480E+07  .44140030E+06 -.76025910E-01  .36072920E+04
 .11521810E+03  .90311580E+03  .34506550E+07  .46905450E+06 -.67736650E-01  .33704030E+04
 .10753290E+03  .93679090E+03  .35610190E+07  .49743670E+06 -.60511240E-01  .31962170E+04
 .10065920E+03  .97340630E+03  .36756020E+07  .52630520E+06 -.54192570E-01  .30711530E+04
 .94493900E+02  .10128160E+04  .37947480E+07  .55555270E+06 -.48692770E-01  .29812470E+04
 .88943050E+02  .10549170E+04  .39187860E+07  .58518240E+06 -.43939610E-01  .29149060E+04
 .83921720E+02  .10996680E+04  .40480340E+07  .61525880E+06 -.39852940E-01  .28640060E+04
 .79355160E+02  .11470780E+04  .41828120E+07  .64587740E+06 -.36345900E-01  .28234250E+04
