****
ALALI100
****
alali100       0005 0055 alimento e drenaggio AP                           
****
0 COLNCUTP COLN  0  280  270 0
0 COLNCUPA COLN  0  280  395 0
0 COLNCUPB COLN  0  280  505 0
0 VALVTUTP VALV  0  380  270 0
0 VALVTUPA VALV  0  380  395 0
0 VALVTUPB VALV  0  380  505 0
0 COLNCIRA COLN  0  495  400 0
0 TUBOTUDG TUBO  1   85  215 0
0 COLNCITP COLN  0   80  395 0
0 DEGNDEGA DEGN  0   70  100 0
0 VALVTRTP VALV  2  215  600 0
0 VALVTRPA VALV  2  325  600 0
0 VALVTRPB VALV  2  270  600 0
0 VALVFX52 VALV  0  285  160 0
0  RSCDR4A RSCD  0  745  525 0
0  RSCDR5A RSCD  0  850  525 0
0  RSCDR6A RSCD  0  965  525 0
0 VALVF01A VALV  2  920  620 0
0 VALVF02A VALV  2  800  620 0
0 VALVF1AC VALV  0  915  775 0
0 VALVF2AC VALV  0  670  760 0
0 VALVF3AC VALV  0  670  695 0
0 VALVF03A VALV  0  690  620 0
0 VALVTIRA VALV  2  530  490 0
0 COLNCIAR COLN  0  645  555 0
0 COLNCURA COLN  0 1045  565 0
0 VALVTURA VALV  2 1040  475 0
0  RSCDR4B RSCD  0  740  105 0
0  RSCDR5B RSCD  0  850  105 0
0  RSCDR6B RSCD  0  965  105 0
0 VALVF01B VALV  2  910  205 0
0 VALVF02B VALV  2  790  205 0
0 VALVF1BC VALV  0  670  445 0
0 VALVF2BC VALV  0  670  355 0
0 VALVF3BC VALV  0  665  290 0
0 VALVF03B VALV  0  670  220 0
0 VALVTIRB VALV  2  545  280 0
0 COLNCIBR COLN  0  615  150 0
0 COLNCURB COLN  0 1045  150 0
0 VALVTURB VALV  2 1035  270 0
0 VALVTBRA VALV  0  855  390 0
0 COLNCURE COLN  0 1085  395 0
0 NODOCD6B NODO  0  970  270 0
0 NODOCD5B NODO  0  855  270 0
0 NODOCD4B NODO  0  745  270 0
0 NODOCD6A NODO  0  970  690 0
0 NODOCD5A NODO  0  850  695 0
0 NODOCD4A NODO  0  745  695 0
0 MIXNMR6A MIXN  0 1325  635 0
0 MIXNMR6B MIXN  0 1325  310 0
0 MIXNMR4A MIXN  0 1325  480 0
0 MIXNMR4B MIXN  0 1325  135 0
0 CPOMTPOM CPOM  0  175  270 0
0 CPOMPALA CPOM  0  175  395 0
0 CPOMPALB CPOM  0  175  505 0
0 MIXNMIRD MIXN  0  445  625 0
0 MIXNMIAB MIXN  0  580  775 0
0 MIXNMIDG MIXN  0  230   95 0
0 DISNDFX5 DISN  5 1355  775 0
0 VALVATRA VALV  2  455  145 0
0 VALVATRB VALV  2  510  145 0
0 NODOSWDG NODO  0 1285  775 0
0 TUBOTIEC TUBO  1 1150  260 0
0 COLNMIRI COLN  0  280  715 0
0 TUBOTIDG TUBO  0   65  715 0
1 *REMARK*   40   20 from the condensate                               
1 *REMARK*  210   10 from SED drum                                     
1 *REMARK*  290   40 from MP turbine                                   
1 *REMARK*  295   90 from BP turbine                                   
1 *REMARK*  335  165 from Pegging                                      
1 *REMARK*  600   40 RH attemp.                                        
1 *REMARK*  380  725 to the deaerator                                  
1 *REMARK*  350  770 from  deaerator by-pass                           
1 *REMARK*  370  815 to the condensate                                 
1 *REMARK* 1105  125 To the boiler                                     
1 *REMARK*  825  470 from MP turbine                                   
1 *REMARK*  805   15 from MP turbine                                   
1 *REMARK* 1385  130 da RH (TR4B)                                      
1 *REMARK* 1295   70 da turb. MP (TI4B)                                
1 *REMARK* 1385  470 da RH (TR4A)                                      
1 *REMARK* 1300  425 da turb. MP (TI4A)                                
1 *REMARK* 1380  300 da SH2 (TR6B)                                     
1 *REMARK* 1305  250 da turb. MP (TI6B)                                
1 *REMARK* 1380  625 da SH2 (TR6A)                                     
1 *REMARK* 1305  580 da turb. MP (TI6A)                                
1 *REMARK* 1280  170 [1]                                               
1 *REMARK* 1280  350 [2]                                               
1 *REMARK* 1280  520 [3]                                               
1 *REMARK* 1280  675 [4]                                               
1 *REMARK* 1245  130 al ris. R4B                                       
1 *REMARK* 1245  305 al ris. R6B                                       
1 *REMARK* 1245  470 al ris. R4A                                       
1 *REMARK* 1245  630 al ris. R6A                                       
1 *REMARK*  750   30 [1]                                               
1 *REMARK*  980   30 [2]                                               
1 *REMARK*  770  475 [3]                                               
1 *REMARK* 1000  480 [4]                                               
1 *REMARK* 1030  775 FEEDWATER SYSTEM                                  
1 *REMARK* 1070  805 ALALI100                                          
3 *GLINES*  4  1 12  8 1   3
(110,185)
(110,198)
(110,210)
3 *GLINES*  4  1 12  8 1   3
(110,305)
(110,373)
(110,385)
3 *GLINES*  4  1 12  8 1   3
(135,420)
(158,420)
(170,420)
3 *GLINES*  4  1 12  8 1   5
(125,390)
(150,290)
(150,290)
(158,290)
(170,290)
3 *GLINES*  4  1 12  8 1   5
(120,460)
(150,530)
(150,530)
(158,530)
(170,530)
3 *GLINES*  4  1 12  8 1   7
(60,740)
(35,740)
(35,740)
(35,130)
(35,130)
(53,130)
(65,130)
3 *GLINES*  4  1 12  8 1   3
(230,295)
(263,295)
(275,295)
3 *GLINES*  4  1 12  8 1   3
(335,295)
(363,295)
(375,295)
3 *GLINES*  4  1 12  8 1   3
(225,420)
(263,420)
(275,420)
3 *GLINES*  4  1 12  8 1   3
(330,420)
(363,420)
(375,420)
3 *GLINES*  4  1 12  8 1   3
(230,530)
(263,530)
(275,530)
3 *GLINES*  4  1 12  8 1   3
(330,535)
(363,535)
(375,535)
3 *GLINES*  4  1 12  8 1   3
(430,425)
(478,425)
(490,425)
3 *GLINES*  4  1 12  8 1   5
(435,305)
(455,305)
(455,305)
(486,384)
(490,395)
3 *GLINES*  4  1 12  8 1   5
(435,540)
(460,540)
(460,540)
(490,481)
(495,470)
3 *GLINES*  4  1 12  8 1   3
(550,425)
(838,425)
(850,425)
3 *GLINES*  4  1 12  8 1   3
(915,420)
(1068,420)
(1080,420)
3 *GLINES*  4  1 12  8 1   5
(1140,420)
(1175,420)
(1175,420)
(1175,362)
(1175,350)
3 *GLINES*  4  1 12  8 1   5
(545,405)
(580,405)
(580,405)
(580,357)
(580,345)
3 *GLINES*  4  1 12  8 1   5
(580,270)
(580,175)
(580,175)
(598,175)
(610,175)
3 *GLINES*  4  1 12  8 1   3
(665,175)
(723,175)
(735,175)
3 *GLINES*  4  1 12  8 1   3
(795,175)
(833,175)
(845,175)
3 *GLINES*  4  1 12  8 1   3
(900,175)
(948,175)
(960,175)
3 *GLINES*  4  1 12  8 1   3
(1015,175)
(1028,175)
(1040,175)
3 *GLINES*  4  1 12  8 1   3
(1020,595)
(1028,595)
(1040,595)
3 *GLINES*  4  1 12  8 1   3
(800,595)
(833,595)
(845,595)
3 *GLINES*  4  1 12  8 1   3
(900,595)
(948,595)
(960,595)
3 *GLINES*  4  1 12  8 1   3
(1065,215)
(1065,248)
(1065,260)
3 *GLINES*  4  1 12  8 1   3
(1070,560)
(1070,552)
(1070,540)
3 *GLINES*  4  1 12  8 1   5
(1065,335)
(1065,370)
(1065,370)
(1073,380)
(1080,390)
3 *GLINES*  4  1 12  8 1   5
(1070,470)
(1070,455)
(1070,455)
(1073,450)
(1080,440)
3 *GLINES*  4  1 12  8 1   3
(1175,255)
(1175,167)
(1175,155)
3 *GLINES*  4  1 12  8 1   3
(305,570)
(305,583)
(305,595)
3 *GLINES*  4  1 12  8 1   5
(330,435)
(355,435)
(355,435)
(355,583)
(355,595)
3 *GLINES*  4  1 12  8 1   5
(275,310)
(245,310)
(245,310)
(245,583)
(245,595)
3 *GLINES*  4  1 12  8 1   5
(250,670)
(250,705)
(250,705)
(265,714)
(275,720)
3 *GLINES*  4  1 12  8 1   3
(300,665)
(300,698)
(300,710)
3 *GLINES*  4  1 12  8 1   5
(355,670)
(355,710)
(355,710)
(345,718)
(335,725)
3 *GLINES*  4  1 12  8 1   3
(275,740)
(157,740)
(145,740)
3 *GLINES*  2  1 12  8 1   5
(340,65)
(290,65)
(290,65)
(284,79)
(280,90)
3 *GLINES*  2  1 12  8 1   3
(340,120)
(297,120)
(285,120)
3 *GLINES*  2  1 12  8 1   3
(370,195)
(347,195)
(335,195)
3 *GLINES*  2  1 12  8 1   5
(280,190)
(255,190)
(255,190)
(255,172)
(255,160)
3 *GLINES*  2  1 12  8 1   3
(225,120)
(172,120)
(160,120)
3 *GLINES*  2  1 12  8 1   5
(490,140)
(490,40)
(490,40)
(588,40)
(600,40)
3 *GLINES*  2  1 12  8 1   5
(540,140)
(540,60)
(540,60)
(583,60)
(595,60)
3 *GLINES*  2  1 12  8 1   3
(765,200)
(765,253)
(765,265)
3 *GLINES*  2  1 12  8 1   3
(875,195)
(875,253)
(875,265)
3 *GLINES*  2  1 12  8 1   3
(995,195)
(995,253)
(995,265)
3 *GLINES*  2  1 12  8 1   5
(965,295)
(945,295)
(945,295)
(945,282)
(945,270)
3 *GLINES*  2  1 12  8 1   5
(940,200)
(940,190)
(940,190)
(912,190)
(900,190)
3 *GLINES*  2  1 12  8 1   5
(850,290)
(825,290)
(825,290)
(825,282)
(825,270)
3 *GLINES*  2  1 12  8 1   5
(825,200)
(825,185)
(825,185)
(802,185)
(790,185)
3 *GLINES*  2  1 12  8 1   5
(755,265)
(755,250)
(755,250)
(737,250)
(725,250)
3 *GLINES*  2  1 12  8 1   3
(740,325)
(732,325)
(720,325)
3 *GLINES*  2  1 12  8 1   7
(850,315)
(805,315)
(805,315)
(805,385)
(805,385)
(737,385)
(725,385)
3 *GLINES*  2  1 12  8 1  13
(995,335)
(995,360)
(995,360)
(815,360)
(815,360)
(815,410)
(815,410)
(755,410)
(755,410)
(755,475)
(755,475)
(737,475)
(725,475)
3 *GLINES*  2  1 12  8 1   5
(965,710)
(955,710)
(955,710)
(955,697)
(955,685)
3 *GLINES*  2  1 12  8 1   5
(845,720)
(835,720)
(835,720)
(835,697)
(835,685)
3 *GLINES*  2  1 12  8 1   3
(770,615)
(770,678)
(770,690)
3 *GLINES*  2  1 12  8 1   5
(875,760)
(875,795)
(875,795)
(737,795)
(725,795)
3 *GLINES*  4  1 12  8 1   5
(545,440)
(560,440)
(560,440)
(560,473)
(560,485)
3 *GLINES*  4  1 12  8 1   5
(565,555)
(565,585)
(565,585)
(628,585)
(640,585)
3 *GLINES*  4  1 12  8 1   3
(695,590)
(728,590)
(740,590)
3 *GLINES*  2  1 12  8 1   3
(685,650)
(512,650)
(500,650)
3 *GLINES*  2  1 12  8 1   7
(545,210)
(545,225)
(545,225)
(530,225)
(530,225)
(530,383)
(530,395)
3 *GLINES*  2  1 12  8 1   7
(490,210)
(490,225)
(490,225)
(510,225)
(510,225)
(510,383)
(510,395)
3 *GLINES*  2  1 12  8 1   5
(665,255)
(465,255)
(465,255)
(470,608)
(470,620)
3 *GLINES*  2  1 12  8 1   3
(665,725)
(641,769)
(635,780)
3 *GLINES*  2  1 12  8 1   3
(665,795)
(647,795)
(635,795)
3 *GLINES*  2  1 12  8 1   5
(660,325)
(605,325)
(605,325)
(605,758)
(605,770)
3 *GLINES*  2  1 12  8 1   5
(665,385)
(615,385)
(615,385)
(615,758)
(615,770)
3 *GLINES*  2  1 12  8 1   5
(665,475)
(625,475)
(625,475)
(625,758)
(625,770)
3 *GLINES*  2  1 12  8 1   5
(760,690)
(760,650)
(760,650)
(757,650)
(745,650)
3 *GLINES*  2  1 12  8 1   3
(740,725)
(737,725)
(725,725)
3 *GLINES*  2  1 12  8 1   5
(830,615)
(830,605)
(830,605)
(807,605)
(795,605)
3 *GLINES*  2  1 12  8 1   5
(955,615)
(955,605)
(955,605)
(912,605)
(900,605)
3 *GLINES*  2  1 12  8 1   3
(760,60)
(760,88)
(760,100)
3 *GLINES*  2  1 12  8 1   3
(875,45)
(875,88)
(875,100)
3 *GLINES*  2  1 12  8 1   3
(990,60)
(990,88)
(990,100)
3 *GLINES*  2  1 12  8 1   3
(770,500)
(770,508)
(770,520)
3 *GLINES*  0  0  0  0 0   0
3 *GLINES*  2  1 12  8 1   3
(990,495)
(990,508)
(990,520)
3 *GLINES*  4  1 12  8 1   3
(115,45)
(115,83)
(115,95)
3 *GLINES*  2  1 12  8 1   3
(255,40)
(255,78)
(255,90)
3 *GLINES*  2  1 12  8 1   3
(470,690)
(470,708)
(470,720)
3 *GLINES*  2  1 12  8 1   5
(475,765)
(520,765)
(520,765)
(520,477)
(520,465)
3 *GLINES*  2  1 12  8 1   5
(575,800)
(550,825)
(550,825)
(492,825)
(480,825)
3 *GLINES*  2  1 12  8 1   5
(995,755)
(995,805)
(995,805)
(982,805)
(970,805)
3 *GLINES*  2  1 12  8 1   7
(910,810)
(880,830)
(880,830)
(665,830)
(665,830)
(649,817)
(640,810)
3 *GLINES*  2  1 12  8 1   3
(875,500)
(875,508)
(875,520)
3 *GLINES*  2  1 12  8 1   3
(1345,100)
(1345,118)
(1345,130)
3 *GLINES*  2  1 12  8 1   3
(1405,160)
(1392,160)
(1380,160)
3 *GLINES*  2  1 12  8 1   3
(1320,160)
(1302,160)
(1290,160)
3 *GLINES*  2  1 12  8 1   3
(1350,280)
(1350,293)
(1350,305)
3 *GLINES*  2  1 12  8 1   3
(1405,330)
(1392,330)
(1380,330)
3 *GLINES*  2  1 12  8 1   3
(1320,335)
(1307,335)
(1295,335)
3 *GLINES*  2  1 12  8 1   3
(1350,455)
(1350,463)
(1350,475)
3 *GLINES*  2  1 12  8 1   3
(1400,500)
(1392,500)
(1380,500)
3 *GLINES*  2  1 12  8 1   3
(1320,505)
(1302,505)
(1290,505)
3 *GLINES*  0  0  0  0 0   0
3 *GLINES*  2  1 12  8 1   3
(1400,655)
(1392,655)
(1380,655)
3 *GLINES*  2  1 12  8 1   3
(1320,660)
(1302,660)
(1290,660)
3 *GLINES*  2  1 12  8 1   3
(875,615)
(875,678)
(875,690)
3 *GLINES*  2  1 12  8 1   3
(990,615)
(990,673)
(990,685)
3 *GLINES*  2  1  2  8 1   9
(1025,765)
(1025,835)
(1025,835)
(1195,835)
(1195,835)
(1195,765)
(1195,765)
(1027,765)
(1025,765)
****
