****
ALCAL100
****
caldaia1       0005 0055 caldaia fino a SH                                 
****
0 EVAP1PAS EVAP  0  360  665 0
0 EVAP2PAS EVAP  0  110  665 0
0 EVAP3PAS EVAP  0  110  455 0
0 EVAP4PAS EVAP  0  110  240 0
0 COLTCU1P COLT  0  360  575 0
0 COLTCU2P COLT  0  110  575 0
0 COLTCU3P COLT  0  110  365 0
0 COLTCU4P COLT  0  110  150 0
0 EVAPCIEL EVAP  0  110   40 0
0 COLTCUCI COLT  0  360   45 0
0 EVAPGABB EVAP  0  360  135 0
0 DISNT3PA DISN  0   40  460 0
0 DISNT1CI DISN  0   40   85 0
0 DISNT2CI DISN  0   40   20 0
0 DISNT1GA DISN  4  435   70 0
0 DISNT2GA DISN  4  435  135 0
0 DISNT3GA DISN  4  435  200 0
0 COLTCUGA COLT  0  360  260 0
0  EVAPSH1 EVAP  0  360  350 0
0 COLTCUS1 COLT  0  515  425 0
0 VALVB401 VALV  0  625  460 0
0 VALVA401 VALV  0  625  385 0
0 COLTCATA COLT  0  715  385 0
0 COLTCATB COLT  0  715  460 0
0 VALVATSA VALV  2  765  575 0
0 VALVATSB VALV  2  710  575 0
0 TUBOTASA TUBO  0  825  385 0
0 TUBOTASB TUBO  0  825  460 0
0 COLTCIS2 COLT  0  935  425 0
0  EVAPSH2 EVAP  0  935  260 0
0 COLTCUS2 COLT  0  935  160 0
0 COLTCIEC COLT  0  640  775 0
0  EVAPECO EVAP  0  640  665 0
0 COLTCUEC COLT  0  640  575 0
0 DISNT4EC DISN  0 1220  775 0
0 TUBOTECO TUBO  0  435  770 0
0 TUBOTP12 TUBO  0  165  770 0
0 VALVVSH1 VALV  0  440  495 0
0 VALVVSH2 VALV  2  925   70 0
0 NODOQECO NODO  0  575  730 0
0  NODOQ1P NODO  0  285  715 0
0  NODOQ2P NODO  0   45  730 0
0  NODOQ3P NODO  0  185  505 0
0  NODOQ4P NODO  0  185  290 0
0 NODOQCIE NODO  0  185   80 0
0 NODOQGAB NODO  0  285  195 0
0 NODOQSH1 NODO  0  285  400 0
0 NODOQSH2 NODO  0 1005  325 0
0 NODOPAMM NODO  0 1140  140 0
0 EVAPLVS1 EVAP  1 1025  115 0
0 EVAPLVS2 EVAP  1 1025  185 0
0 CCN1COMB CCN1  0  935  610 0
0 FUMNSOVR FUMN  1 1015  605 0
0 FUMNRETR FUMN  0 1095  615 0
1 *REMARK* 1075   90 alla turbina AP                                   
1 *REMARK*  900   10 sfiati e sicurezza                                
1 *REMARK*  325  495 sfiati e sicurezza                                
1 *REMARK*  840  790 da alimento                                       
1 *REMARK* 1015  420 da F.T. (avviamento)                              
1 *REMARK*  765  160 da F.T. (attemper.)                               
1 *REMARK* 1080  250 alla turbina AP                                   
1 *REMARK* 1060  760 modello Caldaia                                   
1 *REMARK* 1085  785 ALCAL100                                          
3 *GLINES*  2  1 12  8 1   3
(665,770)
(665,767)
(665,755)
3 *GLINES*  2  1 12  8 1   3
(665,660)
(665,652)
(665,640)
3 *GLINES*  2  1 12  8 1   7
(630,600)
(540,600)
(540,600)
(540,795)
(540,795)
(522,795)
(510,795)
3 *GLINES*  2  1 12  8 1   5
(430,795)
(385,795)
(385,795)
(385,767)
(385,755)
3 *GLINES*  2  1 12  8 1   3
(385,660)
(385,652)
(385,640)
3 *GLINES*  2  1 12  8 1   7
(355,600)
(270,600)
(270,600)
(270,795)
(270,795)
(252,795)
(240,795)
3 *GLINES*  2  1 12  8 1   5
(160,795)
(135,795)
(135,795)
(135,767)
(135,755)
3 *GLINES*  2  1 12  8 1   3
(135,660)
(135,652)
(135,640)
3 *GLINES*  2  1 12  8 1   3
(135,570)
(135,557)
(135,545)
3 *GLINES*  2  1 12  8 1   3
(135,450)
(135,442)
(135,430)
3 *GLINES*  2  1 12  8 1   3
(135,360)
(135,342)
(135,330)
3 *GLINES*  2  1 12  8 1   3
(135,235)
(135,227)
(135,215)
3 *GLINES*  2  1 12  8 1   3
(135,145)
(135,142)
(135,130)
3 *GLINES*  2  1 12  8 1   7
(135,35)
(135,15)
(135,15)
(385,15)
(385,15)
(385,28)
(385,40)
3 *GLINES*  2  1 12  8 1   3
(385,110)
(385,118)
(385,130)
3 *GLINES*  2  1 12  8 1   3
(385,225)
(385,243)
(385,255)
3 *GLINES*  2  1 12  8 1   3
(385,325)
(385,333)
(385,345)
3 *GLINES*  2  1 12  8 1   5
(385,440)
(385,450)
(385,450)
(498,450)
(510,450)
3 *GLINES*  2  1 12  8 1   5
(565,435)
(580,415)
(580,415)
(608,415)
(620,415)
3 *GLINES*  2  1 12  8 1   5
(565,470)
(580,490)
(580,490)
(608,490)
(620,490)
3 *GLINES*  2  1 12  8 1   3
(675,415)
(698,415)
(710,415)
3 *GLINES*  2  1 12  8 1   3
(675,490)
(698,490)
(710,490)
3 *GLINES*  2  1 12  8 1   3
(770,410)
(808,410)
(820,410)
3 *GLINES*  2  1 12  8 1   3
(765,485)
(808,485)
(820,485)
3 *GLINES*  2  1 12  8 1   5
(900,410)
(915,410)
(915,410)
(922,417)
(930,425)
3 *GLINES*  2  1 12  8 1   5
(900,485)
(915,485)
(915,485)
(923,475)
(930,465)
3 *GLINES*  2  1 12  8 1   3
(1045,450)
(1002,450)
(990,450)
3 *GLINES*  2  1 12  8 1   3
(960,420)
(960,362)
(960,350)
3 *GLINES*  2  1 12  8 1   3
(960,255)
(960,237)
(960,225)
3 *GLINES*  2  1 12  8 1   3
(960,155)
(960,147)
(960,135)
3 *GLINES*  2  1 12  8 1   7
(960,65)
(960,40)
(960,40)
(960,45)
(960,45)
(960,52)
(960,40)
3 *GLINES*  2  1 12  8 1   3
(870,190)
(918,190)
(930,190)
3 *GLINES*  2  1 12  8 1   5
(985,165)
(1005,140)
(1005,140)
(1008,140)
(1020,140)
3 *GLINES*  2  1 12  8 1   5
(985,195)
(1000,210)
(1000,210)
(1008,210)
(1020,210)
3 *GLINES*  2  1 12  8 1   3
(1100,205)
(1118,205)
(1130,205)
3 *GLINES*  2  1 12  8 1   3
(1100,140)
(1118,140)
(1130,140)
3 *GLINES*  2  1 12  8 1   5
(695,800)
(800,800)
(800,800)
(800,652)
(800,640)
3 *GLINES*  2  1 12  8 1   5
(800,570)
(800,460)
(800,460)
(774,438)
(765,430)
3 *GLINES*  2  1 12  8 1   5
(695,785)
(740,785)
(740,785)
(740,652)
(740,640)
3 *GLINES*  2  1 12  8 1   3
(865,820)
(702,820)
(690,820)
3 *GLINES*  2  1 12  8 1   3
(740,570)
(740,537)
(740,525)
3 *GLINES*  2  1 12  8 1   3
(165,80)
(169,81)
(180,85)
3 *GLINES*  2  1 12  8 1   3
(160,90)
(164,91)
(175,95)
3 *GLINES*  2  1 12  8 1   3
(160,270)
(175,279)
(185,285)
3 *GLINES*  2  1 12  8 1   3
(165,290)
(170,293)
(180,300)
3 *GLINES*  2  1 12  8 1   3
(160,495)
(169,500)
(180,505)
3 *GLINES*  2  1 12  8 1   3
(160,510)
(165,513)
(175,520)
3 *GLINES*  2  1 12  8 1   3
(105,715)
(102,720)
(95,730)
3 *GLINES*  2  1 12  8 1   3
(95,705)
(92,710)
(85,720)
3 *GLINES*  2  1 12  8 1   3
(355,195)
(350,198)
(340,205)
3 *GLINES*  2  1 12  8 1   3
(350,180)
(345,183)
(335,190)
3 *GLINES*  2  1 12  8 1   3
(355,400)
(348,407)
(340,415)
3 *GLINES*  2  1 12  8 1   3
(355,385)
(345,393)
(335,400)
3 *GLINES*  2  1 12  8 1   3
(355,715)
(350,718)
(340,725)
3 *GLINES*  2  1 12  8 1   3
(350,700)
(345,703)
(335,710)
3 *GLINES*  2  1 12  8 1   3
(635,720)
(633,722)
(625,730)
3 *GLINES*  2  1 12  8 1   3
(630,700)
(622,710)
(615,720)
3 *GLINES*  2  1 12  8 1   5
(535,495)
(535,525)
(535,525)
(502,525)
(490,525)
3 *GLINES*  2  1 12  8 1   3
(435,525)
(407,525)
(395,525)
3 *GLINES*  2  1 12  8 1   3
(985,305)
(1000,314)
(1010,320)
3 *GLINES*  2  1 12  8 1   3
(985,320)
(990,323)
(1000,330)
3 *GLINES*  2  1  2  8 1   9
(1045,755)
(1045,815)
(1045,815)
(1185,815)
(1185,815)
(1185,750)
(1185,750)
(1047,750)
(1045,750)
****
caldaia2       0195 0055 parte del RH                                      
****
0 COLTCUAP COLT  0  750  120 0
0 SPILTI5A SPIL  1  775  395 0
0 SPILTI5B SPIL  1  830  395 0
0 SPILTSDG SPIL  1  720  395 0
0 VALVTUAV VALV  2  665  395 0
0 NODOCSP2 NODO  0  750  245 0
0 EVAPLIR1 EVAP  1  610   90 0
0 EVAPLIR2 EVAP  1  610  160 0
0 COLTCARB COLT  0  500  165 0
0 COLTCARA COLT  0  500   95 0
0 TUBOTARA TUBO  1  320  235 0
0 TUBOTARB TUBO  1  385  235 0
0 COLTCIRH COLT  0  350  370 0
0   EVAPRH EVAP  0  350  465 0
0 COLTCURH COLT  0  355  640 0
0 EVAPLUR1 EVAP  1  490  565 0
0 EVAPLUR2 EVAP  1  490  640 0
0 DISNT2RH DISN  0  300  475 0
0 VALVVRHI VALV  0  240  365 0
0 VALVVRHU VALV  0  495  725 0
0  NODOQRH NODO  0  420  510 0
1 *REMARK*  590  765 sfiati e sicurezza                                
1 *REMARK*  590  675 alla turbina BP - MP                              
1 *REMARK*  590  605 alla turbina BP - MP                              
1 *REMARK*  745  505 a alimento                                        
1 *REMARK*  850  200 da eventuale Caldaia a Recupero                   
1 *REMARK*  845   65 da turbina AP                                     
1 *REMARK*  110  360 sfiati e sicurezza                                
1 *REMARK*  160  635 da F.T. (attemper.)                               
1 *REMARK*   70   60 da attemper. ad acqua RH                          
1 *REMARK*  895  720 modello Caldaia                                   
1 *REMARK*  915  745 ALCAL100                                          
3 *GLINES*  2  1 12  8 1   5
(900,100)
(830,100)
(830,100)
(809,117)
(800,125)
3 *GLINES*  2  1 12  8 1   5
(900,185)
(830,185)
(830,185)
(814,172)
(805,165)
3 *GLINES*  2  1 12  8 1   3
(775,185)
(775,228)
(775,240)
3 *GLINES*  2  1 12  8 1   5
(770,315)
(755,340)
(755,340)
(755,378)
(755,390)
3 *GLINES*  2  1 12  8 1   5
(790,315)
(810,340)
(810,340)
(810,378)
(810,390)
3 *GLINES*  2  1 12  8 1   5
(805,285)
(860,340)
(860,340)
(860,378)
(860,390)
3 *GLINES*  2  1 12  8 1   5
(740,280)
(695,340)
(695,340)
(695,378)
(695,390)
3 *GLINES*  2  1 12  8 1   5
(745,130)
(730,110)
(730,110)
(697,110)
(685,110)
3 *GLINES*  2  1 12  8 1   5
(745,160)
(730,185)
(730,185)
(697,185)
(685,185)
3 *GLINES*  2  1 12  8 1   3
(605,110)
(567,110)
(555,110)
3 *GLINES*  2  1 12  8 1   3
(605,185)
(567,185)
(555,185)
3 *GLINES*  2  1 12  8 1   5
(495,120)
(345,120)
(345,120)
(345,218)
(345,230)
3 *GLINES*  2  1 12  8 1   5
(495,190)
(410,190)
(410,190)
(410,218)
(410,230)
3 *GLINES*  2  1 12  8 1   5
(345,325)
(345,350)
(345,350)
(352,357)
(360,365)
3 *GLINES*  2  1 12  8 1   5
(410,325)
(410,345)
(410,345)
(402,355)
(395,365)
3 *GLINES*  2  1 12  8 1   3
(340,395)
(307,395)
(295,395)
3 *GLINES*  2  1 12  8 1   3
(235,395)
(192,395)
(180,395)
3 *GLINES*  2  1 12  8 1   3
(375,435)
(375,448)
(375,460)
3 *GLINES*  2  1 12  8 1   3
(400,500)
(405,503)
(415,510)
3 *GLINES*  2  1 12  8 1   3
(400,520)
(402,522)
(410,530)
3 *GLINES*  2  1 12  8 1   3
(375,555)
(375,623)
(375,635)
3 *GLINES*  2  1 12  8 1   3
(270,665)
(338,665)
(350,665)
3 *GLINES*  2  1 12  8 1   5
(400,635)
(425,585)
(425,585)
(473,585)
(485,585)
3 *GLINES*  2  1 12  8 1   5
(395,710)
(420,755)
(420,755)
(478,755)
(490,755)
3 *GLINES*  2  1 12  8 1   3
(410,665)
(473,665)
(485,665)
3 *GLINES*  2  1 12  8 1   3
(565,590)
(633,590)
(645,590)
3 *GLINES*  2  1 12  8 1   3
(565,665)
(628,665)
(640,665)
3 *GLINES*  2  1 12  8 1   3
(550,755)
(628,755)
(640,755)
3 *GLINES*  2  1 12  8 1   3
(700,460)
(700,473)
(700,485)
3 *GLINES*  2  1 12  8 1   3
(810,465)
(810,473)
(810,485)
3 *GLINES*  2  1 12  8 1   3
(865,460)
(865,473)
(865,485)
3 *GLINES*  2  1 12  8 1   3
(755,460)
(755,473)
(755,485)
3 *GLINES*  2  1 12  8 1   5
(210,55)
(455,55)
(455,55)
(491,83)
(500,90)
3 *GLINES*  2  1 12  8 1   5
(205,90)
(435,90)
(435,90)
(492,151)
(500,160)
3 *GLINES*  2  1  2  8 1   9
(875,700)
(875,780)
(875,780)
(1030,780)
(1030,780)
(1030,700)
(1030,700)
(877,700)
(875,700)
****
